                   sim_nr                        h                    alpha                  sca_sto                       wg               gammatheta                   gammaq                      CO2                   advCO2                      z0m                      z0h                    FracH         obs_sca_cf_CO2mh                     data               background                    Costf
                        1        783.3976112706937       0.4538719621599411       1.9229507337424145      0.24525076919712696    0.0018467553082786464   -4.102644348351498e-06       323.12701546374865     0.004357549035113277      0.27722582783074307     0.006525410089781367       0.7340280325794303       1.0966814561047915       15497.681579645983                      0.0       15497.681579645983
                        2        783.3976107394647       0.4538719621106459       1.9229507279776126       0.2452507691963688    0.0018467496405878345   -4.102644348419246e-06       323.12701521111416    0.0043575260727300915       0.2772258278450981     0.006525410218373697       0.7340280325563189       1.0966814589440057       15497.557050099356   3.4524112838112256e-10       15497.557050099702
                        3        783.3976113399459      0.45387196214794445        1.922950728935751      0.24525076919672678    0.0018467590939668717    -4.10264434755279e-06       323.12701544404797     0.004357547376164716        0.277225827822795     0.006525410042549047        0.734028032553562       1.0966814562433398       15497.677873697681   3.3757823630779962e-12       15497.677873697685
                        4        783.3567816421914       0.4538582638389386       1.9195179423781745      0.24525044250092856    0.0030500198987732825   -4.102224685187034e-06         323.079286335513    9.019595151436421e-05       0.2772236624974286     0.006518904579394269       0.7340107212513417       1.0971732884723704        5581.289879534753       11.961156995144085        5593.251036529897
                        5        783.3567832545915      0.45385826298430054       1.9195178129957444      0.24525044248724712     0.003050012965136602   -4.102224682339389e-06       323.07928654842283    9.021745270141896e-05        0.277223662551034      0.00651890595243158       0.7340107206432502       1.0971732837323669        5581.285440521262       11.961036229512551       5593.2464767507745
                        6        783.3567831614259      0.45385826264680446       1.9195177645741701      0.24525044248191608    0.0030500061972956443   -4.102224681457583e-06       323.07928632699816    9.019801336959243e-05       0.2772236625886975     0.006518906563220337       0.7340107204197592       1.0971732854646818        5581.288220871781       11.961141928682821        5593.249362800464
                        7        783.3567829233677        0.453858262657843       1.9195177586849343      0.24525044248074676     0.003050020032819546   -4.102224678161638e-06       323.07928629879774    9.019587718805174e-05         0.27722366254253     0.006518906359485043       0.7340107203603926       1.0971732857768368        5581.289349662003       11.961157442349032       5593.2505071043515
                        8        783.3567867027689      0.45385825554887166        1.919517075199007      0.24525044236343357     0.003050020885317691   -4.102224647044546e-06       323.07928580751536    9.019604906133818e-05       0.2772236633670711     0.006518930199221488       0.7340107164109283         1.09717328687224        5581.287201025065       11.961156718785283         5593.24835774385
                        9        796.2167081919674       0.4420266030423929      0.08006941819600577      0.24504839881255627    0.0031071283086567657   -4.032164272936292e-06       322.71599417236723  -0.00028730721258867116       0.2776796994832841     0.024368319552295833       0.7250919201281792       1.0701222716008836        18235.87137883149        18.87084512457967        18254.74222395607
                       10        789.7867449170795      0.44794243344066575       0.9997936802870893      0.24514942065674242     0.003078574103715024   -4.067194479061663e-06        322.8976402539401   -9.855563053715391e-05      0.27745168099035633     0.015443612065845052       0.7295513206897605        1.083647780036627        4887.593523717343        14.21509366202534        4901.808617379368
                       11        786.5717632796354       0.4509003486398022       1.4596558113326328       0.2451999315788355    0.0030642970012441533   -4.084709582124348e-06       322.98846329472656   -4.179839511395285e-06      0.27733767174389246      0.01098125832261966       0.7317810209705511       1.0904105342544987        4545.211793906977        12.78789847912558        4557.999692386103
                       12        788.1792540983575        0.449421391040234        1.229724745809861      0.24517467611778895     0.003071435552479589  -4.0759520305930055e-06       322.94305177433336  -5.1367735024274164e-05       0.2773946763671244     0.013212435194232357       0.7306661708301558       1.0870291571455628        4463.130387534847       13.426439358210672        4476.556826893057
                       13        788.1792543526986       0.4494213899738735       1.2297247457909108      0.24517467609656426     0.003071435544928361   -4.075952028104384e-06       322.94305177148016   -5.136773400726824e-05       0.2773946765413521     0.013212435392894867        0.730666170301357       1.0870291571398056        4463.130358919346       13.426439377519367        4476.556798296865
                       14        788.1792550711165      0.44942138911419105       1.2297247465918666        0.245174676067417    0.0030714355998423667  -4.0759520185790705e-06        322.9430518339451   -5.136772432494212e-05      0.27739467653723493     0.013212435236637425       0.7306661697408678       1.0870291569669825        4463.130345518761         13.4264393164389        4476.556784835199
                       15        841.9584525312125      0.27503200975529984       1.2459990741147475      0.24141797027816644     0.003284419831978863   -3.490504433778154e-06       324.01366537130906   0.00032530227369675837       0.3024557888023976      0.03819089651977345       0.6410032204486681       1.0820957913644456       1874.2466909701204        22.82839231286462       1897.0750832829851
                       16        841.9584511738205      0.27503200688138824       1.2459990659385092      0.24141797021710545    0.0032844198383826535  -3.4905044235853425e-06       324.01366529745917   0.00032530226822684305         0.30245578918371      0.03819089690902365       0.6410032191784656       1.0820957915280802       1874.2466464483628        22.82839264577679       1897.0750390941396
                       17         841.958451721214       0.2750320085858554        1.245999076309804       0.2414179702379412    0.0032844198594517687  -3.4905044244419045e-06        324.0136653591314   0.00032530227515503024       0.3024557889448057      0.03819089663263955       0.6410032196319765       1.0820957914432985        1874.246678463811       22.828392406164983        1897.075070869976
                       18        841.9584519272772       0.2750320095902218       1.2459990731617925       0.2414179702632427    0.0032844198352514698  -3.4905044318277582e-06       324.01366538148284   0.00032530227471200615      0.30245578882894764      0.03819089654776294       0.6410032202742032       1.0820957913180869       1874.2466897694526        22.82839232899809       1897.0750820984506
                       19        757.3806834852548      0.16959846376054388       1.0888487026034337      0.23812596690975338     0.004422897830878136   -2.889140966880505e-06       322.58572392267706   0.00030457894200391477       0.3162959350722792      0.05137812581919152       0.5801021140197523       1.0856131070966681       1211.1673935822655       36.329551392032165       1247.4969449742978
                       20        757.3806824722705      0.16959846361185996       1.0888487067262425      0.23812596691245072     0.004422897831593657   -2.889140967478709e-06        322.5857239185463    0.0003045789411790789      0.31629593498699554     0.051378125701764005       0.5801021141473583       1.0856131071696302       1211.1673885215264        36.32955129162587       1247.4969398131523
                       21         757.380682737303      0.16959846417882127       1.0888487025958007       0.2381259668958941     0.004422897831770449  -2.8891409648586665e-06       322.58572392602537   0.00030457894239726245       0.3162959350902716      0.05137812582786889       0.5801021138021283        1.085613107087749       1211.1673925093148        36.32955139104047       1247.4969439003553
                       22         757.380682548929      0.16959846369387113        1.088848702602606       0.2381259668827845    0.0044228978298745045  -2.8891409635189043e-06        322.5857239322093     0.000304578943050352       0.3162959351302696     0.051378125850432284       0.5801021136292813        1.085613107064844       1211.1673926391836        36.32955142127469       1247.4969440604582
                       23        757.3806822692334      0.16959846390609185       1.0888487025116458       0.2381259668656322    0.0044228978176787895  -2.8891409620107054e-06       322.58572393408457    0.0003045789425447504      0.31629593515672344      0.05137812583758129       0.5801021134339807       1.0856131070615391       1211.1673920406247        36.32955140261675       1247.4969434432414
                       24        757.3806833427052      0.16959846391958952       1.0888487029313367       0.2381259668772988     0.004422897824653266   -2.889140960557306e-06        322.5857239306945   0.00030457894258515035       0.3162959351087523      0.05137812581876883       0.5801021135856397       1.0856131070775439        1211.167392750332       36.329551386312815        1247.496944136645
                       25        757.3806829303065      0.16959846385714764       1.0888487026637321      0.23812596684007042     0.004422897827107215  -2.8891409515270434e-06        322.5857239238931    0.0003045789423903895       0.3162959351646306     0.051378125847883774       0.5801021130240673       1.0856131071083963       1211.1673922744787        36.32955142438381       1247.4969436988627
                       26        326.8661584766903      0.22591549795932803          1.1829090546362      0.21682761630341468     0.001902818586624297    6.712092894867573e-07        326.9157148085573    0.0006964977475843624      0.34935187549204644     0.061059263807826954       0.2826210122681595       1.0748571717578572       1763.6447474797635        54.38209466133272       1818.0268421410963
                       27        542.1234209809727      0.19775698085993593       1.1358788786198186      0.22747679160658402     0.003162858208751216  -1.1089658386968738e-06       324.75071936561716    0.0005005383447941381       0.3328239052821628      0.05621869481350924       0.4313615631439559       1.0802351394272627        982.8022815259836       42.785840885117025       1025.5881224111006
                       28        542.1234190994846      0.19775698114901408       1.1358788799223998      0.22747679152462558      0.00316285821693216  -1.1089658250212628e-06        324.7507193933625    0.0005005383469247147       0.3328239053732537      0.05621869482660424       0.4313615620191641       1.0802351393463754         982.802278319254        42.78584093240729       1025.5881192516613
                       29        542.1234200807414      0.19775698095159178       1.1358788790253165       0.2274767915836858     0.003162858206458226  -1.1089658389002877e-06        324.7507193732582    0.0005005383447668943      0.33282390529255107     0.056218694800020154       0.4313615628546967       1.0802351394032066        982.8022810487837         42.7858408840786       1025.5881219328624
                       30       464.43670958763255      0.20781483706640744         1.18089747332826      0.22474951590358214    0.0032507817447411562   -8.158819902638887e-07       325.66952622290796    0.0005463779987527266       0.3352487919699139     0.055964189017920066      0.39493874621041813       1.0774848471976297        937.3476539388691        43.98903505925842        981.3366889981276
                       31       464.43671006300065      0.20781483706013096       1.1808974733087183       0.2247495159178216    0.0032507817481259704   -8.158819962404831e-07       325.66952622646033    0.0005463779983698241       0.3352487919154339       0.0559641889864425      0.39493874634985704       1.0774848471792664        937.3476535430326        43.98903501627801        981.3366885593106
                       32       464.43670918027897      0.20781483715272392       1.1808974733093631      0.22474951588124037    0.0032507817435548543   -8.158819912740268e-07       325.66952623148376    0.0005463779984630135       0.3352487919621117     0.055964188992057406       0.3949387458236691       1.0774848471677403        937.3476537393034        43.98903504516765         981.336688784471
                       33        464.4367096219173      0.20781483707065426       1.1808974732822808      0.22474951590386166    0.0032507817468691433   -8.158819955883365e-07       325.66952622306326    0.0005463779968539646        0.335248791896302     0.055964188956459236       0.3949387460635737       1.0774848471913299         937.347653725681       43.989035005669564        981.3366887313505
                       34       464.43670961328485      0.20781483708214982       1.1808974733724682      0.22474951588263578    0.0032507817442649378    -8.15881988798221e-07       325.66952622847407    0.0005463779971093458      0.33524879190857787      0.05596418895157908       0.3949387456960364       1.0774848471760914         937.347653718658         43.9890350099865        981.3366887286445
                       35        464.4367094514596      0.20781483705173096       1.1808974735960263      0.22474951589288292    0.0032507817445195653   -8.158819902968877e-07       325.66952622658823    0.0005463779983344414       0.3352487919343322       0.0559641889741048      0.39493874602433454       1.0774848471839136        937.3476538759396        43.98903502299867        981.3366888989383
                       36         464.436709595891      0.20781483702718223       1.1808974733097326      0.22474951590300368    0.0032507817445070536   -8.158819905059722e-07        325.6695262228733     0.000546377998688596       0.3352487919306478     0.055964188976007134        0.394938746213069       1.0774848471946585        937.3476539242791        43.98903501812291         981.336688942402
                       37         427.751467901305      0.20056260095174014       1.1943177850807576      0.21964185929074484    0.0031501961667962453   -1.329971016685587e-06        327.5228487775029   0.00020313692609070025       0.3037551553017549     0.021368913960783595      0.28831046482723294       1.0689682258759183        901.6936167261651       25.762445892634684        927.4560626187998
                       38        427.7514669537102      0.20056260103399298       1.1943177851979225      0.21964185922862084     0.003150196166896525  -1.3299710092546252e-06        327.5228487939649   0.00020313692545162725       0.3037551551812647        0.021368913747347      0.28831046372629887       1.0689682258152169        901.6936163085388        25.76244587637539        927.4560621849142
                       39        427.7514676780804      0.20056260092222253        1.194317785596077      0.21964185927786095     0.003150196167063382  -1.3299710167065575e-06        327.5228487783217   0.00020313692578789126       0.3037551552467782     0.021368913876314264       0.2883104645584826       1.0689682258712434        901.6936166116543        25.76244587928613        927.4560624909404
                       40       392.45327098513667      0.20219221082312822       1.2129897458257215      0.21737907759856379     0.003161075264508334  -1.1051329358505258e-06        328.0463218213773   0.00017486450026927246       0.2984867391543271     0.012415344163793005      0.24702446783712673       1.0669894164595728         894.195655128297        25.76255863603707         919.958213764334
                       41        392.4532710679539      0.20219221078436106       1.2129897457857162      0.21737907760024178     0.003161075264123633   -1.105132935600083e-06        328.0463218188629   0.00017486450076237194        0.298486739160725     0.012415344206397921      0.24702446774712705       1.0669894164695737        894.1956550492501       25.762558639909102        919.9582136891593
                       42       392.45327105052775       0.2021922107620809       1.2129897458514183      0.21737907759664316    0.0031610752645962956  -1.1051329369354567e-06       328.04632181796245   0.00017486450094363667       0.2984867391249296     0.012415344114143294      0.24702446764381486       1.0669894164711136         894.195655066932       25.762558630473006         919.958213697405
                       43        392.4532709975931      0.20219221076515398       1.2129897459875938       0.2173790776008479    0.0031610752649877494  -1.1051329368325862e-06        328.0463218152948    0.0001748645005140879      0.29848673912288287     0.012415344141601364       0.2470244677998012       1.0669894164804639        894.1956550846088        25.76255863326482        919.9582137178736
                       44        405.8376768079345       0.1904126196274639       1.2182728553027058       0.2172114251772408    0.0031672402109647903  -1.2739013103736136e-06        327.3170190428617   0.00029995265782680174       0.2938024090684703     0.006452796140208316       0.2139786847166527       1.0695241262317539        887.1109274703706       25.459944033909196        912.5708715042798
                       45       405.83767766547567      0.19041261934432901       1.2182729701604575       0.2172114251500819     0.003167227054487262  -1.2739013076025756e-06        327.3170190470445   0.00029997417561910926       0.2938024089645635     0.006452798104755881      0.21397868463388325       1.0695241266536932        887.1108122579302       25.459826938169485        912.5706391960997
                       46        405.8376771185108      0.19041261924159222        1.218273013240232      0.21721142514014435    0.0031672237330238667  -1.2739013062701813e-06        327.3170187254172   0.00029995191744279157       0.2938024089253268    0.0064527988032859335        0.213978684604204       1.0695241305227163        887.1108410953008       25.459942993896135        912.5707840891969
                       47        405.8376772515403      0.19041261931432266       1.2182730026330386      0.21721142514432493     0.003167240234498733  -1.2739013050995121e-06       327.31701878408546   0.00029995277872589196      0.29380240891179166     0.006452798337083796      0.21397868461301828       1.0695241297502855        887.1109109880418       25.459943311115207        912.5708542991571
                       48        405.8376779043149      0.19041261947140442       1.2182728523627855      0.21721142515029093     0.003167240223638284  -1.2739013050580024e-06       327.31701892141507    0.0002999526850353505       0.2938024088990997     0.006452796649369923       0.2139786845852975       1.0695241266764073        887.1109273330051       25.459943884194537        912.5708712171996
                       49       406.30844451489224      0.19033307102844954       1.2244343216436206      0.21719875302448355     0.003155616928678354  -1.2714648600199737e-06       327.25445308790444    0.0003250013808505118       0.2937253163426667     0.006771235409080899      0.21391976679513686        1.069881373947896         886.696856438509        25.31734174664067        912.0141981851497
                       50       406.30844458964407      0.19033307098974978       1.2244343216568865      0.21719875300139874    0.0031556169286309343  -1.2714648581258363e-06        327.2544530873938   0.00032500138082800466      0.29372531617297754    0.0067712354100332795       0.2139197667272797       1.0698813739479676        886.6968564139449        25.31734174869034        912.0141981626352
                       51       406.30844451258235      0.19033307098279512       1.2244343216788618      0.21719875298631963    0.0031556169283028387  -1.2714648597111353e-06       327.25445308518607    0.0003250013807006291      0.29372531604301927     0.006771235404983521      0.21391976674491542       1.0698813739539152        886.6968564156956       25.317341748979903        912.0141981646755
                       52        406.3084445943864      0.19033307098159483       1.2244343217943694       0.2171987529335882    0.0031556169278506444  -1.2714648609405175e-06        327.2544530846484    0.0003250013810832111        0.293725315554143    0.0067712353902667785      0.21391976673012647       1.0698813739511448        886.6968564003199       25.317341743319854        912.0141981436398
                       53        406.3084444279025      0.19033307100902053       1.2244343216516835       0.2171987529701634    0.0031556169286936194  -1.2714648599450918e-06       327.25445308696084   0.00032500138114223854      0.29372531599091845     0.006771235406384564      0.21391976674840457       1.0698813739456225        886.6968564218519       25.317341747432867        912.0141981692848
                       54       406.30844445366665      0.19033307100185448       1.2244343215816222      0.21719875296021676     0.003155616928302859   -1.271464860596975e-06       327.25445308841654   0.00032500138086416063      0.29372531607937813     0.006771235418292153      0.21391976675024055       1.0698813739382733        886.6968564240805       25.317341748424663        912.0141981725051
aborted minimisation     
Minimisation aborted as it proceeded too slow                
 restart
                       55        406.3084445943864      0.19033307098159483       1.2244343217943694       0.2171987529335882    0.0031556169278506444  -1.2714648609405175e-06        327.2544530846484    0.0003250013810832111        0.293725315554143    0.0067712353902667785      0.21391976673012647       1.0698813739511448        886.6968564003199       25.317341743319854        912.0141981436398
                       56       406.30844800133104      0.19033307069934224       1.2244343315619037       0.2171987528647787    0.0031556126382170147   -1.271464848298541e-06       327.25445285320194    0.0003249759357128559      0.29372531498925486     0.006771235510632886      0.21391976647454286       1.0698813733007015        886.6966467857425         25.3174734276309        912.0141202133734
                       57        406.3084488177931      0.19033307071007205        1.224434332565746      0.21719875286440582     0.003155617195163793   -1.271464847843588e-06        327.2544531414033    0.0003250012012967175      0.29372531497435367     0.006771235448763307       0.2139197664710369       1.0698813701102199        886.6968546940889       25.317342696708984        912.0141973907979
                       58        406.3086219514221       0.1903330595039602       1.2244347658116101      0.21719875001844832     0.003155611983884367   -1.271464310978204e-06        327.2544553724841    0.0003249967606815281       0.2937252911699327     0.006771238079457073       0.2139197558154438       1.0698812133399143        886.6968054194076       25.317361774695264        912.0141671941029
                       59        406.3084492371072      0.19033307055675278       1.2244343148688603       0.2171987528241209     0.003155616927026661  -1.2714648405657095e-06        327.2544527075228    0.0003250013803732061        0.293725314677569     0.006771235425665939      0.21391976631427234       1.0698813730328862        886.6968560198461       25.317341693996415        912.0141977138426
                       60        406.3084944313507      0.19033306613380904       1.2244343610368684       0.2171987516951091    0.0031556169203948107  -1.2714646349166263e-06        327.2544485172815   0.00032500207393084513      0.29372530565045124     0.006771236387430676       0.2139197621321121       1.0698813677864718         886.696857655245        25.31733749542808        912.0141951506731
                       61        408.6205744630131      0.19012692109309803       1.2234170325727511       0.2171458163117364     0.003152833172363918  -1.2616447609201438e-06        327.0907176106861    0.0003204114080459474      0.29329970656373633     0.006797535615544325      0.21372005511120745       1.0692408744326911        886.5779147059733       25.312659196300487        911.8905739022738
                       62       408.62057446142785      0.19012692098408712        1.223417032634904      0.21714581624992632    0.0031528331722700423  -1.2616447602168032e-06        327.0907176082476    0.0003204114079296103      0.29329970618504636     0.006797535626721608      0.21372005504776437       1.0692408744312618        886.5779146716764       25.312659200514176        911.8905738721905
                       63       408.62057440039484       0.1901269209405737        1.223417032833792       0.2171458160582799    0.0031528331722187755   -1.261644758672724e-06        327.0907176055269   0.00032041140775636393       0.2932997047423526     0.006797535552521089      0.21372005498664387       1.0692408744414488        886.5779145955397       25.312659201432943        911.8905737969726
                       64        408.6205744509846      0.19012692106387832         1.22341703269087        0.217145816142741     0.003152833171775054  -1.2616447628074489e-06       327.09071761007857   0.00032041140815651026       0.2932997056169401     0.006797535614499099      0.21372005504684877       1.0692408744304835        886.5779146642369       25.312659194243057          911.89057385848
                       65          408.62057435676      0.19012692113784135       1.2234170325624785      0.21714581617280898    0.0031528331719711906   -1.261644760443968e-06         327.090717615599    0.0003204114083982582       0.2932997061508804     0.006797535625012711      0.21372005503169023       1.0692408744515869        886.5779146851171       25.312659196736373        911.8905738818535
aborted minimisation     
Minimisation aborted as it proceeded too slow                
 restart
                       66       408.62057440039484       0.1901269209405737        1.223417032833792       0.2171458160582799    0.0031528331722187755   -1.261644758672724e-06        327.0907176055269   0.00032041140775636393       0.2932997047423526     0.006797535552521089      0.21372005498664387       1.0692408744414488        886.5779145955397       25.312659201432943        911.8905737969726
                       67       408.62057350751184      0.19012692082702673       1.2234170726159146       0.2171458160333492    0.0031528292324313526  -1.2616447565803119e-06        327.0907171203707   0.00032038606809291843       0.2932997045514413    0.0067975357378034845      0.21372005494205093       1.0692408788740762        886.5775886133785        25.31279063214471        911.8903792455231
                       68       408.62057428566663      0.19012692083948232       1.2234170736746943       0.2171458160334329    0.0031528337174371035  -1.2616447562377633e-06       327.09071740716684   0.00032041136774250246      0.29329970454048204     0.006797535676138529      0.21372005494056828       1.0692408757196694        886.5779127130836       25.312659549572697        911.8905722626563
                       69        408.6205731805617       0.1901269198060632       1.2234174750095477      0.21714581578231568     0.003152831690099419  -1.2616447323436046e-06        327.0907154217388   0.00032041228172856437       0.2932997025150512    0.0067975369637715355       0.2137200544715691       1.0692408883712756        886.5779043380026       25.312653988848357         911.890558326851
                       70       408.62057465094335      0.19012692085968136       1.2234170323524598      0.21714581603124958     0.003152833171899312  -1.2616447557155264e-06        327.0907174499963    0.0003204114303481922       0.2932997045119312     0.006797535324986505      0.21372005491575147       1.0692408747008866        886.5779146122665        25.31265908178588        911.8905736940524
                       71        408.6205757527159      0.19012692067498196       1.2234170357027594      0.21714581597453528    0.0031528332090420435  -1.2616447497946094e-06       327.09071728339546   0.00032041169871431806      0.29329970402806693     0.006797535010830427      0.21372005476154116       1.0692408735220573          886.57791808969       25.312657674857412        911.8905757645474
                       72        408.7095487717902      0.19009061756226237       1.2255219792677874      0.21713422051448233    0.0031515318284166785  -1.2603958903544275e-06       327.02116234833437    0.0003270918690374072      0.29320148711383165     0.006719357181362062      0.21369070672457563       1.0694077066902707        886.5343539127587        25.27581666748049        911.8101705802392
                       73        408.7095487908691      0.19009061751717468       1.2255219793109173      0.21713422048791325     0.003151531828386981  -1.2603958892275023e-06        327.0211623470353    0.0003270918691562396      0.29320148689230136    0.0067193571786284476       0.2136907066539106       1.0694077066924927        886.5343538948199       25.275816669417022         911.810170564237
                       74        408.7095487959273      0.19009061750041545       1.2255219793642738       0.2171342204375491    0.0031515318280699563  -1.2603958910075217e-06       327.02116234501375   0.00032709186931728304      0.29320148641780047     0.006719357151741691      0.21369070662361722       1.0694077066951821        886.5343538777162       25.275816666910437        911.8101705446267
                       75       408.70954877197346       0.1900906173505335         1.22552197937347       0.2171342203358673     0.003151531827236953   -1.260395894535355e-06        327.0211623456723   0.00032709186924384536      0.29320148578486854     0.006719357181241379      0.21369070648672478        1.069407706690214        886.5343538410149         25.2758166706945        911.8101705117094
                       76        408.7095487360168      0.19009061759979226        1.225521979292358       0.2171342204603534      0.00315153182821905  -1.2603958904009176e-06       327.02116234840406    0.0003270918691016913         0.29320148683214    0.0067193571922233375       0.2136907066956788       1.0694077066879122        886.5343539014638       25.275816666863854        911.8101705683276
aborted minimisation     
Minimisation aborted as it proceeded too slow               
 finished