                   sim_nr                        h                    alpha                  sca_sto                       wg               gammatheta                   gammaq                      CO2                   advCO2                      z0m                      z0h                    FracH         obs_sca_cf_CO2mh                     data               background                    Costf
                        1        465.6458013573823      0.36205235487033505       2.2459987169429105       0.3360063359400818     0.007213421177364836   -1.862666155184569e-06        380.0494600431963     0.004627259459877915    0.0056692822970249995    0.0027962957251118047        0.606993453817494        0.797629398914236       291458.22405696026                      0.0       291458.22405696026
                        2        465.6458003152102       0.3620523548418054       2.2459987164141735      0.33600633593976487      0.00721341929037176  -1.8626661552958236e-06       380.04945959111853     0.004627236169836522     0.005669282574960524    0.0027962961118057953       0.6069934538129343        0.797629401724139        291457.6394914565   3.5188940413340904e-10       291457.63949145685
                        3       465.64580124184226       0.3620523548567521        2.245998716611271       0.3360063359398979     0.007213420354363906  -1.8626661552244505e-06       380.04945994412327     0.004627259528613165     0.005669282375944566    0.0027962958452625304       0.6069934538125566       0.7976293995483034         291458.223107559    7.847421592958302e-14         291458.223107559
                        4        464.8118744477397       0.3620295260217028        2.245575631561942      0.33600608232714707     0.005703484455330848  -1.8627551791446532e-06        379.6877158525331    -0.014008997985249221     0.005891681127998503    0.0031057210560209397       0.6069898052731028       0.7998778309606146        58357.98588528469        225.3113509346196        58583.29723621931
                        5        464.8118697330749      0.36202952562371116       2.2455756206771005      0.33600608232136125     0.005703471769493396   -1.862755179673544e-06        379.6877122788521    -0.014008989056233063     0.005891684885229848     0.003105726971502931       0.6069898050895494       0.7998778542850276        58357.97028031075        225.3111395716274       58583.281419882376
                        6         464.811776220045       0.3620295180952236       2.2455754129872014       0.3360060822124815     0.005703215585110736   -1.862755190113648e-06         379.687644698941    -0.014008924952842217    0.0058917545006958085     0.003105834153123026       0.6069898016910901       0.7998782945616515         58357.6946701674        225.3096779927153        58583.00434816012
                        7       463.25218645923337       0.3618978638782426       2.2419747485972215      0.33600416829323154     0.001506802606764732   -1.862930144885204e-06        378.5054839295806    -0.011055133868481767    0.0071346345120058404      0.00506265894003823       0.6069290828203678       0.8075939270512958        54791.82819987177       163.03964993651755        54954.86784980829
                        8       463.25217936752597       0.3618978633298781       2.2419747279162667       0.3360041682850961    0.0015068010912554853  -1.8629301427550139e-06        378.5054823574493    -0.011055133133056672     0.007134638016742759      0.00506266093988122        0.606929082609105       0.8075939346590023         54791.8239477525        163.0396370075636        54954.86358476006
                        9        463.2521806297973       0.3618978632066651       2.2419747227067344      0.33600416828190166     0.001506802951783663   -1.862930135148992e-06       378.50548199651763     -0.01105513372197059     0.007134640787272805     0.005062663278214097       0.6069290824106766       0.8075939359210845        54791.82334183339       163.03964672486592       54954.862988558256
                       10        463.2521781250357      0.36189786312576766        2.241974676620525      0.33600416827698515    0.0015068026263591596  -1.8629301279158566e-06       378.50548115483656    -0.011055133298808122     0.007134632830381307     0.005062658230975625       0.6069290822180596       0.8075939399301681        54791.82326493584       163.03963830831734        54954.86290324416
                       11       463.25218324846423      0.36189786357382914        2.241974727080147       0.3360041682857185    0.0015068026083853462  -1.8629301374851571e-06       378.50548384603735      -0.0110551337983518     0.007134635949923844     0.005062658113283642       0.6069290826230314       0.8075939275186765        54791.82798036382       163.03964847273335        54954.86762883655
                       12        276.2655804321157       0.3444802288555755       0.7852755203929558      0.33563640522494737    0.0018734529643502675  -1.4941216903094458e-06        323.0997017742917    8.968701658850636e-05     0.012932481270896995     0.004929200017871458       0.5939138104461663       1.0651402396223992        5681.329140283305         20.5316481076452         5701.86078839095
                       13        276.2655804126232      0.34448022855151045       0.7852755842683834      0.33563640521857274     0.001873453089649364  -1.4941216844009501e-06         323.099701672407    8.968698451493166e-05      0.01293248130182235     0.004929200044254952        0.593913810269895       1.0651402401331425        5681.328677036535        20.53164807474288        5701.860325111278
                       14       276.26557947956144      0.34448022827110136       0.7852755930780511       0.3356364052130402     0.001873452697195902  -1.4941216838238918e-06       323.09970185045074    8.968712276246748e-05      0.01293248135863896     0.004929200219711577       0.5939138102166494       1.0651402394228655        5681.328742420727        20.53164772061006        5701.860390141337
                       15          276.26558068959       0.3444802285191033       0.7852755206687849        0.335636405216854     0.001873452966578237  -1.4941216843400635e-06       323.09970185679435    8.968701484104915e-05     0.012932481293172675     0.004929200081169597       0.5939138102536122       1.0651402393250942        5681.329101754041       20.531648110828428         5701.86074986487
                       16        276.2655802908673       0.3444802284161059       0.7852755203295896      0.33563640521383215    0.0018734529659049318   -1.494121684502869e-06        323.0997017297233    8.968703446679549e-05     0.012932481306054488     0.004929200057972838       0.5939138102034893       1.0651402399321757        5681.329125092987       20.531648009038182        5701.860773102025
                       17         276.265580863417       0.3444802284118459       0.7852755205241095      0.33563640521244265    0.0018734529646779142   -1.494121686472477e-06        323.0997017846645    8.968701470049405e-05     0.012932481301293297     0.004929200009827494       0.5939138102015881       1.0651402396782026        5681.329132005273       20.531648114832787        5701.860780120106
                       18        276.2655828266559       0.3444802257358693       0.7852755215906129       0.3356364051339328    0.0018734528182877339  -1.4941216673216292e-06       323.09970190487405     8.96870566498946e-05     0.012932481489425456    0.0049291999945143185       0.5939138087296105        1.065140239807682       5681.3291364515935       20.531648023508318        5701.860784475102
                       19        409.7288982250452      0.15188727014017062       1.1719704106333193       0.3304099072355184      0.00211547464987079    5.353138461410476e-07        327.7634747773437    0.0009347722827389962     0.026591565320722012     0.010151534462010146       0.4873865905038798       1.0890117329093636       1397.6818641112698        17.89637108340735        1415.578235194677
                       20        409.7288983609151        0.151887270109427       1.1719704110625102      0.33040990722978264    0.0021154746522090064    5.353138466006318e-07        327.7634747889643    0.0009347722825545778     0.026591565329503117     0.010151534471241275       0.4873865903849259       1.0890117329015645       1397.6818624892792        17.89637108324294        1415.578233572522
                       21         409.728898511785      0.15188726995245955         1.17197041154893      0.33040990721918023    0.0021154746545627807    5.353138475254914e-07        327.7634747747485    0.0009347722799634504     0.026591565348782525     0.010151534492063768      0.48738659017048863         1.08901173308029       1397.6818614407396       17.896371101698506       1415.5782325424382
                       22       409.72889820736714       0.1518872703403173        1.171970409975689      0.33040990723281577     0.002115474651750342    5.353138430031663e-07        327.7634747817083    0.0009347722809023274     0.026591565316468304      0.01015153447619159      0.48738659045212285       1.0890117328952467       1397.6818630120608        17.89637108743873       1415.5782340994995
                       23        409.7288983286878       0.1518872700431244       1.1719704103636683      0.33040990722550245    0.0021154746503776623    5.353138451371602e-07       327.76347478617095    0.0009347722826209244     0.026591565335600358     0.010151534483998914       0.4873865903147255       1.0890117329411853       1397.6818634805718        17.89637108891373       1415.5782345694856
                       24        409.7288981817021       0.1518872702506734       1.1719704107513902       0.3304099072278861    0.0021154746497254965    5.353138425915754e-07       327.76347478631396    0.0009347722824615528     0.026591565325961096     0.010151534480836066      0.48738659038070015       1.0890117329268074        1397.681863517368         17.8963710842218       1415.5782346015897
                       25         409.728898191762       0.1518872701665146        1.171970410620487       0.3304099072310034    0.0021154746498922364    5.353138461192353e-07        327.7634747803539    0.0009347722831981116     0.026591565324335847     0.010151534461816259      0.48738659043075144       1.0890117329280857       1397.6818639972641        17.89637108120901       1415.5782350784732
                       26        413.4974355673064      0.18324636724623083         1.14520548644618       0.3227584406169942    0.0026544490043810143    -5.33916125251776e-07        334.5825810354704    0.0009629050462381192     0.034015470716743754      0.02034403230179058      0.35413005759509647       1.1138882180751428       1039.0027972133526        19.93815166651462       1058.9409488798672
                       27       413.49743567437235       0.1832463672930678       1.1452054869654589        0.322758440528862     0.002654449009608829   -5.339161342549832e-07        334.5825811029166    0.0009629050452083419      0.03401547081122302     0.020344032414010386      0.35413005601157854       1.1138882184135601       1039.0027947446765       19.938151721887873       1058.9409464665644
                       28        413.4974355908571      0.18324636739229294       1.1452054862697523      0.32275844058239567    0.0026544490064969676   -5.339161296029412e-07        334.5825810750546    0.0009629050457609385      0.03401547074842005      0.02034403234383732      0.35413005696912253       1.1138882181380976       1039.0027965901802       19.938151685035752        1058.940948275216
                       29       418.60813830572306      0.19059273967026774       1.1590512066381073      0.31797885034217066    0.0029403597348375493   -1.052923814465099e-06       338.73371457083056    0.0009043132449448096      0.03893546510266344     0.026354348352339862       0.2680899178127523       1.1296099130590829        972.2235686606978         23.4238106316035        995.6473792923013
                       30       418.60813826830395      0.19059273970080948       1.1590512066842678      0.31797885032735923    0.0029403597355256326  -1.0529238159840105e-06        338.7337145850399    0.0009043132438428777      0.03893546511596287      0.02635434837075244       0.2680899175348742       1.1296099130951927        972.2235685043432       23.423810648864418        995.6473791532077
                       31        418.6081382245534      0.19059273969660304       1.1590512066207488      0.31797885033772655     0.002940359734793014  -1.0529238144657854e-06        338.7337145818981    0.0009043132434757707      0.03893546510361125      0.02635434835604373      0.26808991771183466       1.1296099130292654        972.2235684725594        23.42381064142282        995.6473791139822
                       32        418.6081381287713      0.19059273956148937       1.1590512067460388       0.3179788503600275    0.0029403597330219964  -1.0529238107605025e-06       338.73371455962416     0.000904313243006747      0.03893546508180879     0.026354348326201104      0.26808991810531757        1.129609912961878        972.2235684239429       23.423810627527693        995.6473790514706
                       33       418.60813825330047      0.19059273966260623       1.1590512066467493      0.31797885034050005    0.0029403597349113835  -1.0529238138449738e-06       338.73371457247686    0.0009043132449391609     0.038935465104547505      0.02635434835242471       0.2680899177756649       1.1296099130587935        972.2235686345064        23.42381063253104        995.6473792670374
                       34       418.60813810537184      0.19059273972498658        1.159051206595338       0.3179788503398969    0.0029403597347531212  -1.0529238140325181e-06       338.73371457338726     0.000904313244775488      0.03893546510314149      0.02635434835083388      0.26808991776164715       1.1296099130472657        972.2235685996544       23.423810632248603         995.647379231903
                       35        418.6081381334441      0.19059273966957901       1.1590512066957341       0.3179788503355677     0.002940359734460085  -1.0529238149595375e-06        338.7337145776129    0.0009043132450238843      0.03893546510893059     0.026354348355066618      0.26808991769348184       1.1296099130603798         972.223568604037         23.4238106349949        995.6473792390319
                       36        332.6577525668333      0.19485296896088386       1.1713993450963578      0.31531242058520875    0.0028859370796582295    -7.76465919717252e-07       342.42574067265366    0.0005281155761468932      0.04074652467700946     0.027355408037810818      0.21129854704859613       1.1235635964985013        932.8474445929866       27.132582290330653        959.9800268833172
                       37       332.65775834419924      0.19485296908740107       1.1713993063364114      0.31531242053839786     0.002885937850596163   -7.764659248113331e-07        342.4257426560489    0.0005281401762728512      0.04074652493443359       0.0273554058999834      0.21129854689159733       1.1235635843453686         932.847423384606       27.132449664115338        959.9798730487214
                       38        332.6577580814312       0.1948529690896498       1.1713993019244775      0.31531242053329983    0.0028859341743253004   -7.764659256012819e-07       342.42574244850425    0.0005281154490404255     0.040746524978211504     0.027355405692104012       0.2112985468761815       1.1235635856239723        932.8474260987113       27.132584482004972        959.9800105807162
                       39       332.65779727853806      0.19485297006380567       1.1713990058728765      0.31531242016462735    0.0028859376556079307   -7.764659657291389e-07        342.4257550467442    0.0005281112517113344      0.04074652707740128     0.027355388865360805       0.2112985456525967       1.1235635085139375        932.8473147781733       27.132594267371644        959.9799090455449
                       40        332.6577538309916      0.19485296898455137       1.1713994096303342       0.3153124205228904    0.0028859370033260745   -7.764659273143575e-07        342.4257414258576    0.0005281154014570378      0.04074652529096058      0.02735540566544013      0.21129854688156963       1.1235635931568282        932.8474407350712       27.132582015126147        959.9800227501973
                       41       332.65775175420504       0.1948529689768239       1.1713993460331764       0.3153124205191228     0.002885937090065986   -7.764659264727833e-07       342.42574079079935    0.0005281157030847233      0.04074652538985163     0.027355405612640746      0.21129854682938237       1.1235635969083795        932.8474446310927        27.13258042627881        959.9800250573714
                       42       333.13173901761866      0.19486604000326413        1.171654549568423       0.3153014159229648     0.002876813013977908   -7.776898555311779e-07       342.61669874312446   0.00048792557587454786     0.040840752273462205      0.02690970145196029      0.21126424042113734         1.12252278133562        932.1112006634221       27.123206829394228        959.2344074928163
                       43        333.1317389851033      0.19486603999508673       1.1716545495511763        0.315301415873074    0.0028768130139240474   -7.776898574886338e-07       342.61669874208167    0.0004879255758595885      0.04084075252642107     0.026909701104367485      0.21126424026131768       1.1225227813404608        932.1112006404937       27.123206666874584        959.2344073073683
                       44        333.1317390110023      0.19486603970158062       1.1716545496454813      0.31530141577644016       0.0028768130132907   -7.776898571917156e-07        342.6166987496959    0.0004879255742172477     0.040840753063220166      0.02690970110539248      0.21126423972955866       1.1225227813008087        932.1112005204883       27.123206694922636        959.2344072154109
                       45       333.13173906515567       0.1948660400058362        1.171654549754665      0.31530141581312676     0.002876813014919464   -7.776898513112166e-07       342.61669874343215    0.0004879255761078838      0.04084075260107411     0.026909701282595157      0.21126423992232984       1.1225227813382688        932.1112006174483       27.123206758428335        959.2344073758766
                       46         333.131739046328       0.1948660400650371       1.1716545498163278      0.31530141582916327     0.002876813014736062   -7.776898581956999e-07       342.61669874374803    0.0004879255760113395      0.04084075245530878     0.026909701410428023      0.21126424016396778       1.1225227813362864        932.1112006226437       27.123206812439093        959.2344074350827
aborted minimisation     
Minimisation aborted as it proceeded too slow                
 restart
                       47        333.1317390110023      0.19486603970158062       1.1716545496454813      0.31530141577644016       0.0028768130132907   -7.776898571917156e-07        342.6166987496959    0.0004879255742172477     0.040840753063220166      0.02690970110539248      0.21126423972955866       1.1225227813008087        932.1112005204883       27.123206694922636        959.2344072154109
                       48        333.1317374749067      0.19486603968510036       1.1716545380341579        0.315301415743253    0.0028768084325348445   -7.776898605133327e-07        342.6166983896751    0.0004879004048122993      0.04084075347638652     0.026909699926981032      0.21126423960910756        1.122522785839155        932.1108376782806        27.12334563426922        959.2341833125498
                       49        333.1317382863117       0.1948660396988054       1.1716545389246988       0.3153014157433665    0.0028768133164731886   -7.776898601812917e-07       342.61669870475004   0.00048792555888498067      0.04084075345791135     0.026909699898516253      0.21126423960790564       1.1225227825247623        932.1112004882644       27.123205932748846        959.2344064210133
                       50         333.119277589833      0.19486598934504734        1.171472963864126       0.3153008562384938    0.0028807274761107515   -7.777405146561566e-07       342.61586004659654     0.000481411080823561      0.04084743467927056     0.026889291363518208      0.21126218201514735       1.1225443112166238        932.0547989527028       27.145086106276455        959.1998850589792
                       51        333.1192775490947      0.19486598933199117       1.1714729622543558       0.3153008562050568     0.002880727475570072   -7.777405164952062e-07        342.6158600465592    0.0004814110815336414     0.040847434975763215     0.026889290942085968      0.21126218189286478       1.1225443112161075         932.054798929247       27.145085906033092          959.19988483528
                       52        333.1192772148747      0.19486598915274586       1.1714729694753299      0.31530085594293966     0.002880727473580844    -7.77740530630923e-07        342.6158600455746   0.00048141108341190987      0.04084743734897972     0.026889287860476323       0.2112621809407227       1.1225443112268887        932.0547988771018       27.145084443652177         959.199883320754
                       53       333.11927756303317      0.19486598904804894        1.171472963991695       0.3153008561382564    0.0028807274753308862      -7.777405162584e-07       342.61586004593926   0.00048141108115014525      0.04084743561265472     0.026889291009480235      0.21126218143336223       1.1225443112231126        932.0547988062311       27.145085957088515        959.1998847633197
                       54       333.11927790323466      0.19486598924705698       1.1714729640989656       0.3153008561371682     0.002880727477619079   -7.777405111549151e-07        342.6158600508967     0.000481411079499895      0.04084743522168476     0.026889291083893395      0.21126218135552166       1.1225443112095903        932.0547988786834       27.145085994070545         959.199884872754
                       55        333.1192776971184      0.19486598939074706       1.1714729643843729       0.3153008561840555     0.002880727476817159   -7.777405179740255e-07        342.6158600486712   0.00048141108006748276     0.040847434812038536     0.026889291344874108      0.21126218176174688       1.1225443112132774        932.0547989155938       27.145086103949943        959.1998850195437
                       56        337.6905901262569      0.18879189273854588       1.1849388796024005      0.31116006660685774     0.002891937389907358   -8.072719012754235e-07        342.6873561896559    0.0004662940552230379      0.06996097412925814     0.009977820711005989       0.1878978911949779       1.1225231674374585        934.4179659530184       22.740661599630165        957.1586275526486
                       57       335.40493385804507       0.1918289410417966        1.178205921733264       0.3132304614226758     0.002886332433009055   -7.925062079657899e-07        342.6516081181262    0.0004738525680232995      0.05540420440426435     0.018433556037262096      0.19958003660506263       1.1225337393270411        930.8380254261858        24.20246103059635        955.0404864567822
                       58         336.547761992151      0.19031041689017122       1.1815724006678323      0.31219526401476677    0.0028891349114582065   -7.998890546206067e-07       342.66948215389107   0.00047007331162316867      0.06268258926676125     0.014205688374134042      0.19373896390002027         1.12252845338225        931.3363854660266        23.28645810952402        954.6228435755506
                       59       336.54776198884906       0.1903104167749489        1.181572400780201      0.31219526393837094    0.0028891349109687503   -7.998890559548113e-07       342.66948215359935    0.0004700733116747197       0.0626825896935119     0.014205688348509958      0.19373896351519826       1.1225284533854114        931.3363853178411         23.2864581182392        954.6228434360803
                       60         336.547762035043       0.1903104168810623        1.181572400719265       0.3121952639537188    0.0028891349118499634   -7.998890551337418e-07        342.6694821549737    0.0004700733114311472      0.06268258946367956     0.014205688319127554      0.19373896365329657       1.1225284533804505        931.3363854475626        23.28645810474987        954.6228435523125
                       61       338.13711296661677      0.18749759187082224       1.1859621948511663       0.3082015310725534     0.002893844065443029   -8.482356623551004e-07       342.70515217555504    0.0004637431217942846      0.07941536968786783     0.011529871380528243      0.17597408157965233       1.1225263250108126          928.98354390587       23.396708088784408        952.3802519946544
                       62         338.137112967499      0.18749759187629045       1.1859621949043468      0.30820153100885955     0.002893844065649493   -8.482356632579606e-07       342.70515217607453   0.00046374312177186947      0.07941536985990585     0.011529871369963293       0.1759740814855797       1.1225263250101316        928.9835438882562       23.396708091219438        952.3802519794757
                       63        338.1371129837337      0.18749759187023163       1.1859621949061339       0.3082015309830297    0.0028938440657506935   -8.482356625114567e-07        342.7051521763434     0.000463743121697521        0.079415369913638     0.011529871329677395      0.17597408144444532        1.122526325009495        928.9835438976074       23.396708086373977        952.3802519839815
                       64       338.63785481552577        0.187830127471392       1.1907731629448453      0.30182405071478846    0.0029149705524590956   -9.097350454309278e-07        342.7586815099875    0.0004598036400911378       0.0962245381002485     0.009536876679168558      0.16647732114117147        1.122448776011206        928.1473381547262        23.56154697522066        951.7088851299468
                       65        338.6378548093044      0.18783012746251884       1.1907731629649145      0.30182405064242845     0.002914970552507626   -9.097350451940937e-07        342.7586815100841   0.00045980363996478895      0.09622453829433748     0.009536876685932661      0.16647732120732167       1.1224487760113766        928.1473381388012       23.561546979253205        951.7088851180544
                       66        338.6378548298776      0.18783012748752265       1.1907731629884086       0.3018240505129423    0.0029149705528870398   -9.097350449781772e-07        342.7586815111648   0.00045980363989247636      0.09622453845333837      0.00953687665334925      0.16647732130798132       1.1224487760084627        928.1473381372562       23.561546975397267        951.7088851126534
                       67        338.6378548565749      0.18783012748150166       1.1907731629023655       0.3018240505034664     0.002914970552680837   -9.097350446611122e-07        342.7586815113587    0.0004598036399474282      0.09622453829626312     0.009536876678247687      0.16647732118582587         1.12244877600677        928.1473381347131       23.561546978582147        951.7088851132952
                       68        338.6378548549337      0.18783012748965125       1.1907731628146383      0.30182405039745275     0.002914970552450824   -9.097350452977316e-07       342.75868151105385   0.00045980363967819654      0.09622453820006499     0.009536876688219127      0.16647732143988958       1.1224487760070319        928.1473381301822        23.56154697442684        951.7088851046091
                       69       338.63785484797745      0.18783012748733552       1.1907731629030618      0.30182405030576914    0.0029149705530235924   -9.097350455740221e-07       342.75868151089225   0.00045980363971491163      0.09622453806382333      0.00953687669892981      0.16647732142412242       1.1224487760085642        928.1473381293451         23.5615469732382        951.7088851025834
                       70       338.63785481055993      0.18783012746821948       1.1907731628939207       0.3018240500284699     0.002914970553009085   -9.097350457598117e-07       342.75868151040726    0.0004598036398673318      0.09622453815711075     0.009536876675250001      0.16647732132689447       1.1224487760117454        928.1473381162249        23.56154697445044        951.7088850906754
                       71       346.68168716578225      0.19140759171645227       1.1668897798753672                    0.101    0.0030917358541858344   -9.261071058849675e-07        343.1058433483746   0.00033090917128594897       0.1298438445527927     0.011364705596824384       0.2631620252417237       1.1216462817905557        930.0102741909303       25.510440689527268        955.5207148804576
                       72        342.6597709906539      0.18961885959392213       1.1788314714101062      0.20141202535739422     0.003003353203322465   -9.179210756579476e-07       342.93226242918104   0.00039535640568854333       0.1130341913265206     0.010450791137996473      0.21481967319144757       1.1220475289008809        923.0797943340235       23.988655338661548        947.0684496726851
                       73        342.6597711270117      0.18961885967987765       1.1788314710537549       0.2014120224192274    0.0030033532061414544   -9.179210756672835e-07       342.93226243572536    0.0003953564040566293      0.11303419160626016       0.0104507911647208      0.21481967535955176       1.1220475288835847        923.0797941737042       23.988655345571992        947.0684495192761
                       74        342.6597709738828       0.1896188595853661       1.1788314712921206      0.20141202486318843     0.003003353203059585    -9.17921074269003e-07       342.93226242893303     0.000395356405744786      0.11303419106823737      0.01045079119676709       0.2148196743136645       1.1220475289002916         923.079794245891       23.988655326598455        947.0684495724894
                       75       342.65977098914664      0.18961885958044333       1.1788314713167907       0.2014120249545377     0.003003353202857712   -9.179210735331099e-07        342.9322624283048   0.00039535640632781436      0.11303419099304257     0.010450791170276082       0.2148196735781172       1.1220475289020295        923.0797942981277       23.988655331393602        947.0684496295213
                       76        342.6597709545672      0.18961885959812647       1.1788314713707049      0.20141202500627997     0.003003353203134446   -9.179210751413932e-07       342.93226242706425      0.00039535640604585      0.11303419113184648      0.01045079113436194      0.21481967339261815       1.1220475289076497        923.0797943142352       23.988655332812105        947.0684496470473
                       77       342.65977098391386      0.18961885957316785       1.1788314714898487      0.20141202509739115    0.0030033532033787976   -9.179210764473936e-07        342.9322624276126   0.00039535640621575464      0.11303419120652575     0.010450791126323494      0.21481967324017343       1.1220475289064067         923.079794318424        23.98865533371346        947.0684496521375
                       78       342.65977101077283      0.18961885957425945       1.1788314713950996      0.20141202528791624     0.003003353203564347   -9.179210757025501e-07       342.93226242810596    0.0003953564057753564      0.11303419121403843     0.010450791141746369      0.21481967327011242       1.1220475289040794        923.0797943306596       23.988655335644093        947.0684496663038
                       79       344.02582080988395      0.18853728326643557       1.1686394667663915                    0.101     0.003044459472358895   -8.509518366447052e-07        342.7820543252616   0.00042796982114822683      0.08292858013225807     0.012530237504431779      0.30070619598109544        1.122524718883247        917.7950235129447        23.76815395457162        941.5631774675163
                       80        344.0258211981113      0.18853728352322302       1.1686394677353071                    0.101     0.003044459484441217   -8.509518579237281e-07       342.78205435321337    0.0004279698166960742      0.08292858639927525      0.01253023684578373       0.3007061980967054       1.1225247188323053        917.7950229004169        23.76815389058653        941.5631767910035
                       81        344.0258208041314      0.18853728323851796       1.1686394660406254                    0.101    0.0030444594708166775   -8.509518293654835e-07       342.78205432076885    0.0004279698208439725      0.08292857856254413     0.012530237750888443      0.30070619800507403       1.1225247188882337        917.7950233730194        23.76815395335228        941.5631773263716
                       82       344.02582082811773       0.1885372832411811       1.1686394667834588                    0.101    0.0030444594720145136   -8.509518361903371e-07           342.7820543253    0.0004279698216236188      0.08292858018130067     0.012530237511343998        0.300706196114878       1.1225247188826484        917.7950234972433       23.768153952717096        941.5631774499603
                       83        345.6688462318623      0.18823923018747174        1.165219736547904                    0.101    0.0030545336945439375   -8.308572692671849e-07        342.8226913739592   0.00042695066387641375      0.08805008166338933     0.013127153340519152       0.3299023363897903       1.1224043629479905        916.1127907231566         23.5405393641132        939.6533300872699
                       84        345.6688462308182      0.18823923018919544       1.1652197365422818                    0.101     0.003054533694489329   -8.308572691196379e-07         342.822691373251   0.00042695066389360155      0.08805008164143828     0.013127153321928903      0.32990233634837307        1.122404362950142        916.1127907220468       23.540539360496677        939.6533300825436
                       85        345.6688462401937      0.18823923017383237       1.1652197365597257                    0.101     0.003054533694399564    -8.30857269096714e-07        342.8226913731389     0.000426950664016667      0.08805008170646984     0.013127153330922459       0.3299023363867924        1.122404362950592        916.1127907212654       23.540539362483333        939.6533300837486
                       86       345.66884626981823      0.18823923016858463        1.165219736590272                    0.101     0.003054533694525625   -8.308572690526147e-07       342.82269137285357    0.0004269506642929023      0.08805008167532247     0.013127153321370134      0.32990233633473565       1.1224043629513785        916.1127907227915       23.540539358995776        939.6533300817873
                       87        345.6688462537961      0.18823923017886415       1.1652197365799584                    0.101     0.003054533694633158   -8.308572694261382e-07       342.82269137312375    0.0004269506639260621      0.08805008165887751     0.013127153335246252       0.3299023363830048       1.1224043629505447        916.1127907224615       23.540539362668163        939.6533300851296
                       88        345.6688462635643      0.18823923017887878       1.1652197365343522                    0.101     0.003054533694578261   -8.308572695639278e-07        342.8226913732125   0.00042695066392717257      0.08805008166757534      0.01312715333801002       0.3299023363979431       1.1224043629499993        916.1127907223224       23.540539363167056        939.6533300854894
                       89       345.66884625275407      0.18823923018809643       1.1652197365311352                    0.101     0.003054533694639409    -8.30857269185995e-07         342.822691373483   0.00042695066388600373       0.0880500816862336     0.013127153343612369       0.3299023364211664       1.1224043629491938        916.1127907219377        23.54053936447617        939.6533300864139
                       90       355.75711350186907      0.18483965091827234       1.1666684676843229                    0.101     0.003063832121251036   -8.424651092346047e-07       342.46972898305916    0.0004632320250427402       0.0945528635202764     0.010734222332456845       0.3310780448728606       1.1234285698419635        916.1225498696983       23.002254250366633        939.1248041200649
                       91        355.7571134928028      0.18483965092393304       1.1666684676975692                    0.101    0.0030638321211661763   -8.424651093024555e-07        342.4697289832939    0.0004632320250258018      0.09455286353461248      0.01073422234032934      0.33107804487350334       1.1234285698412185         916.122549866693       23.002254251952206        939.1248041186452
                       92        355.7571135009539      0.18483965092992222       1.1666684676902594                    0.101     0.003063832121213556    -8.42465109254309e-07       342.46972898320934   0.00046323202505908333      0.09455286351143523     0.010734222334750926       0.3310780448545547       1.1234285698413369        916.1225498689712        23.00225425057488        939.1248041195461
                       93        355.7571135103535      0.18483965092719626       1.1666684676845271                    0.101    0.0030638321212105198   -8.424651092604192e-07        342.4697289825444   0.00046323202507315053      0.09455286352867268     0.010734222332774202      0.33107804487715464        1.123428569843137        916.1225498694196       23.002254250211017        939.1248041196305
aborted minimisation     
Minimisation aborted as it proceeded too slow                
 restart
                       94        355.7571134928028      0.18483965092393304       1.1666684676975692                    0.101    0.0030638321211661763   -8.424651093024555e-07        342.4697289832939    0.0004632320250258018      0.09455286353461248      0.01073422234032934      0.33107804487350334       1.1234285698412185         916.122549866693       23.002254251952206        939.1248041186452
                       95       355.75711366626615      0.18483965098273086        1.166668517601547                    0.101     0.003063809693565515   -8.424651121399319e-07        342.4697288271066    0.0004632430627771971      0.09455286363923732     0.010734223615092155       0.3310780448386604       1.1234285710463847        916.1225284704071        23.00221553490748        939.1247440053146
                       96       355.75711319644233      0.18483965104567585        1.166668535105213                    0.101     0.003063820943241156   -8.424651113793037e-07       342.46972854246155    0.0004632236224873805      0.09455286363589838     0.010734223765491062       0.3310780448334303       1.1234285738850265        916.1224779926275       23.002310110197683        939.1247881028252
                       97        355.7571216522508      0.18483967301393325       1.1666840924115007                    0.101    0.0030584726350389837   -8.424658449989586e-07        342.4696600909329    0.0004646605099075165       0.0945528928103363     0.010734595657621126      0.33107803457232116        1.123429157283345        916.1186825335717       22.999542686846894        939.1182252204186
                       98        355.7571216536228      0.18483967304873636        1.166684094948062                    0.101     0.003058472634127509   -8.424658451899232e-07        342.4696600905902   0.00046466051015273954      0.09455289284571415     0.010734595701906264      0.33107803454171814        1.123429157284409        916.1186824902666        22.99954269143303        939.1182251816996
                       99        355.7571216560932      0.18483967305866175       1.1666840923530337                    0.101    0.0030584726352356783   -8.424658450785579e-07       342.46966009055535   0.00046466050985523484      0.09455289283337782      0.01073459568997565       0.3310780345118045       1.1234291572841715        916.1186825241169         22.9995426926583        939.1182252167753
                      100        355.7571216665083      0.18483967313759403       1.1666840923997501                    0.101     0.003058472634759713   -8.424658452668372e-07       342.46966009045263    0.0004646605100111765      0.09455289280646852     0.010734595676811575      0.33107803456361606       1.1234291572837711        916.1186825285283       22.999542687585457        939.1182252161137
                      101        355.7571216530903       0.1848396730180988        1.166684092398711                    0.101     0.003058472635047403   -8.424658449376055e-07       342.46966009066807   0.00046466050991293554      0.09455289281224377     0.010734595661801157       0.3310780346117608       1.1234291572835549        916.1186825332294       22.999542686928777        939.1182252201581
                      102        355.9308024599518       0.1863595667330418       1.1664409768388762                    0.101    0.0030583448546046693   -8.431818823508116e-07       342.45301763601617    0.0004651795242200007      0.09483262670644026     0.011360211050519119      0.33176819927923457       1.1234482138525974        916.0005705121783       23.071489265221103        939.0720597773994
                      103        355.9308024700458      0.18635956673817552       1.1664409768363324                    0.101    0.0030583448546100483   -8.431818822501838e-07       342.45301763603527   0.00046517952425401224      0.09483262670336487     0.011360211053701651       0.3317681992797187       1.1234482138519621        916.0005705117709       23.071489265400785        939.0720597771717
                      104       355.93080246341924      0.18635956673280574       1.1664409768366397                    0.101    0.0030583448546173046   -8.431818823659188e-07        342.4530176358348   0.00046517952422526636      0.09483262670614602      0.01136021105187966       0.3317681992821887        1.123448213852607        916.0005705119938       23.071489265357084        939.0720597773509
aborted minimisation     
Minimisation aborted as it proceeded too slow               
 finished