                   sim_nr                        h                    alpha                  sca_sto                       wg               gammatheta                   gammaq                      CO2                   advCO2                      z0m                      z0h                    FracH         obs_sca_cf_CO2mh                     data               background                    Costf
                        1        766.9751679741036        0.634679361066085       1.7328503960017803      0.20180798455536003     0.004471530157355126   -3.219515908909048e-06        351.7166805283874     0.005883891868660015      0.18573010829735892    0.0013777671378941564       0.6032962199081189       1.4695333267980777       26326.808406823362                      0.0       26326.808406823362
                        2        766.9751689497733       0.6346793609475401       1.7328503888167024       0.2018079845548436     0.004471530427685043  -3.2195159088779636e-06        351.7166814012888     0.005883915793717473      0.18573010826835867    0.0013777676854610419       0.6032962198598085        1.469533314458277       26326.755898442017    3.709337888745299e-10        26326.75589844239
                        3        766.9751684125714       0.6346793609126935        1.732850388962106      0.20180798455456267     0.004471528608080261  -3.2195159089934447e-06        351.7166811040806     0.005883891698376124      0.18573010829791897    0.0013777681896556908        0.603296219858694       1.4695333184891257       26326.806896378555   2.9747416126345174e-13       26326.806896378555
                        4        766.9751702255893       0.6346793603867124       1.7328503427441468      0.20180798455211563     0.004471522233048344   -3.219515909059303e-06       351.71668293681637    0.0058838910907023124       0.1857301082308341    0.0013777634768867405       0.6032962196801791       1.4695332916907156       26326.802541297006    7.520817689073006e-12       26326.802541297013
                        5        766.9751685567747       0.6346793607917074       1.7328503901212517       0.2018079845532602     0.004471525778900184   -3.219515908694299e-06       351.71668073543054      0.00588389208033666      0.18573010821614497    0.0013777670067420089       0.6032962198116251       1.4695333238641153        26326.80740729645    2.159444247544221e-12       26326.807407296452
                        6        783.4777934619316       0.6293480836956385       1.4009656083193374      0.20178141092675722    -0.053469278698036436   -3.221560981720626e-06         371.196391822636    0.0014686593589171163       0.1854754034688552     0.005096815141184045       0.6015420896956196        1.187033382686059        31026.93642247425       386.88149379686826       31413.817916271117
                        7        775.2264807180177       0.6320137223808617       1.5669080021605595      0.20179469774105863    -0.024498874270340653   -3.220538445314837e-06        361.4565361755117    0.0036762756137885657      0.18560275588310707    0.0032372911395391005       0.6024191548018692       1.3282833547420685        14611.90688786466        96.72037344921706       14708.627261313877
                        8        779.3521370899746       0.6306809030382502       1.4839368052399493       0.2017880543339079     -0.03898407648418855  -3.2210497135177315e-06       366.32646399907384     0.002572467486352841      0.18553907967598113     0.004167053140361573       0.6019806222487444       1.2576583687140637        20390.51921920391       217.62084026073842       20608.140059464647
                        9        777.2893089039961        0.631347312709556       1.5254224037002526      0.20179137603748326      -0.0317414753772646  -3.2207940794162845e-06        363.8915000872928    0.0031243715500707033       0.1855709177795441    0.0037021721399503366       0.6021998885253068       1.2929708617280662       14126.368144270762       151.12558351440163       14277.493727785164
                       10        778.3207229969854       0.6310141078739031       1.5046796044701019       0.2017897151856956     -0.03536277593072657   -3.220921896467008e-06        365.1089820431833    0.0028484195182117726       0.1855549987277626     0.003934612640155955       0.6020902553870255       1.2753146152210648        18580.83558722267       182.86195605242602         18763.6975432751
                       11        777.8050159504909       0.6311807102917295       1.5150510040851781      0.20179054561158943     -0.03355212565399558  -3.2208579879416462e-06         364.500241065238     0.002986395534141238      0.18556295825365335    0.0038183923900531455       0.6021450719561662       1.2841427384745656       17547.382321259603        166.6159558246278       17713.998277084233
                       12        777.5471624272434       0.6312640115006427       1.5202367038927171      0.20179096082453635      -0.0326468005156301  -3.2208260336789655e-06        364.1958705762654    0.0030553835421059704       0.1855669380165987     0.003760282265001741       0.6021724802407366       1.2885568001013157       17425.978854401405       158.77631617981828       17584.755170581222
                       13        777.4182356656197       0.6313056621050994        1.522829553796484       0.2017911684310098     -0.03219413794644735   -3.220810056547625e-06        364.0436853317791     0.003089877546088337      0.18556892789807142    0.0037312272024760387       0.6021861843830216        1.290763830914691        17337.76195537835        154.9273364746858       17492.689291853036
                       14        777.3537722848081       0.6313264874073277       1.5241259787483692      0.20179127223424653    -0.031967806661855974  -3.2208020679819544e-06       363.96759270953595    0.0031071245480795203      0.18556992283880774     0.003716699671213188       0.6021930364541642       1.2918673463213786       17291.073303581274       153.02055665143774        17444.09386023271
                       15        777.3215405944021       0.6313369000584419       1.5247741912243118      0.20179132413586492    -0.031854641019560294  -3.2207980736991196e-06       363.92954639841435    0.0031157480490751114      0.18557042030917592    0.0037094359055817624       0.6021964624897356       1.2924191040247224        27407.15483244396       152.07159424714322       27559.226426691104
                       16        777.3054247491991       0.6313421063839989       1.5250982974622822       0.2017913500866741     -0.03179805819841245  -3.2207960765577016e-06       363.91052324285357    0.0031200597995729076         0.18557066904436    0.0037058040227660495       0.6021981755075212        1.292694982876394       12660.205764789005        151.5982199218283       12811.803984710834
                       17        777.3134826718006       0.6313395032212203       1.5249362443432979       0.2017913371112695     -0.03182634960898637   -3.220797075128411e-06       363.92003482063393    0.0031179039243240097      0.18557054467676798    0.0037076199641739053       0.6021973189986284       1.2925570434505582       11904.973268161013       151.83481484474973       12056.808083005762
                       18        777.3094537104997       0.6313408048026097         1.52501727090279      0.20179134359897177     -0.03181220390369941  -3.2207965758430567e-06       363.91527903174375     0.003118981861948458      0.18557060686056398    0.0037067119934699774       0.6021977472530747       1.2926260131634761       12182.053576837257       151.71649432335502       12333.770071160612
                       19        777.3114681911502        0.631340154011915        1.524976757623044      0.20179134035512064    -0.031819276756342885  -3.2207968254857335e-06       363.91765692618884     0.003118442893136234      0.18557057576866598    0.0037071659788219416       0.6021975331258516       1.2925915283070173       11985.955966761245       151.77564881906886       12137.731615580313
                       20        777.3124754314754       0.6313398286165677        1.524956500983171      0.20179133873319505    -0.031822813182664625   -3.220796950307072e-06        363.9188458734114     0.003118173408730122      0.18557056022271698    0.0037073929714979237       0.6021974260622399       1.2925742858787876       11923.449722955698       151.80523039066335        12075.25495334636
                       21         777.312979051638        0.631339665918894       1.5249463726632335      0.20179133792223228    -0.031824581395825495  -3.2207970127177413e-06       363.91944034702266     0.003118038666527066      0.18557055244974247    0.0037075064678359147       0.6021973725304341        1.292565664664673        11907.35006436226       151.82002225739507       12059.170086619655
                       22        777.3132308617193       0.6313395845700571       1.5249413085032657      0.20179133751675088    -0.031825465502405934  -3.2207970439230763e-06        363.9197375838283     0.003117971295425538      0.18557054856325522    0.0037075632160049102       0.6021973457645312       1.2925613540576155       11904.241246955866       151.82741846099452        12056.06866541686
                       23          777.31335676676       0.6313395438956387       1.5249387764232818       0.2017913373140102     -0.03182590755569615  -3.2207970595257434e-06        363.9198862022311     0.003117937609874774       0.1855705466200116     0.003707591590089408       0.6021973323815798        1.292559198754087       11904.098875643838       151.83111663035265        12055.92999227419
                       24        777.3132938142396        0.631339564232848       1.5249400424632746      0.20179133741538052     -0.03182568652905104    -3.22079705172441e-06        363.9198118930297    0.0031179544526501557       0.1855705475916334     0.003707577403047159       0.6021973390730555       1.2925602764058512       11904.046628408423        151.8292675400437       12055.875895948468
                       25        777.3133252904997       0.6313395540642434       1.5249394094432773      0.20179133736469537      -0.0318257970423736  -3.2207970556250766e-06        363.9198490476304    0.0031179460312624643       0.1855705471058225    0.0037075844965682838       0.6021973357273176       1.2925597375799691       11904.041444259843       151.83019208379076       12055.871636343634
                       26        777.3133095523697       0.6313395591485457        1.524939725953276      0.20179133739003796     -0.03182574178571232   -3.220797053674743e-06       363.91983047033006      0.00311795024195631      0.18557054734872794    0.0037075809498077214       0.6021973374001865       1.2925600069929102        11904.03626609396       151.82972981156533       12055.865995905526
                       27        777.3133101442895       0.6313395590111011       1.5249397272745817      0.20179133738917288     -0.03182574159086075  -3.2207970535497353e-06       363.91983053145145    0.0031179502073597383       0.1855705472692965     0.003707580981156141       0.6021973373511527       1.2925600062000746       11904.036183785527       151.82972836918097       12055.865912154708
                       28        777.3133133611998       0.6313395576022496       1.5249397356042707      0.20179133738021204     -0.03182574172632159  -3.2207970528300673e-06        363.9198310996838    0.0031179498351301595      0.18557054693608413    0.0037075813497979876       0.6021973369269784       1.2925599970150674       11904.035576754726       151.82973085555548       12055.865307610282
                       29        777.3133095464361       0.6313395589695355        1.524939725830789      0.20179133738887214     -0.03182574170929864  -3.2207970536160034e-06        363.9198304628689    0.0031179502433114456       0.1855705473672057    0.0037075809637280672       0.6021973373536225       1.2925600071415329       11904.036257033555        151.8297291904163       12055.865986223971
                       30        815.4155914032735        0.615870887157561       1.6214849809356249      0.20169304186726217     -0.03123150602031501  -3.2123471752595443e-06       370.21565954603875    -0.000951792392647509       0.1814425955631349     0.007708945320453345       0.5974635087300547       1.1927453253877758        13499.52346063845       173.38446614418902       13672.907926782638
                       31        796.3644504778217       0.6236052231530533       1.5732123534444504      0.20174218962865006     -0.03152862390301366  -3.2165721144671434e-06       367.06774500818443    0.0010830789246544003      0.18350657145593144     0.005708263135130533       0.5998304230651206        1.242652666190343       11902.349619332936        159.8291126845612       12062.178732017497
                       32        786.8388800150956       0.6274723911507996        1.549076039698864      0.20176676350934403     -0.03167718284436299  -3.2186845840709434e-06       365.49378773925724    0.0021005145833053553       0.1845385594023297     0.004707922042469127       0.6010138802326537       1.2676063365916266        11078.41280642197       155.13492492473424       11233.547731346704
                       33        786.8469199115068       0.6274691282537742       1.5490961050836525      0.20176674275251033    -0.031677105198444015  -3.2186828061248233e-06        365.4951220881878    0.0020996526260001966      0.18453768962919834     0.004708767993083228       0.6010128816918903       1.2675851171762227       11076.956969857643       155.13870147301634        11232.09567133066
                       34        786.8388800647344       0.6274723911307254       1.5490760398129275       0.2017667635090246    -0.031677182845596855  -3.2186845840584755e-06        365.4937877779868     0.002100514573739376      0.18453855939698527     0.004707922047688553       0.6010138801802335       1.2676063363114156        11078.41272953473       155.13492498363308       11233.547654518363
                       35        797.2652128389336       0.6232409870858913        1.575097317755219      0.20173984554359164     -0.03157648973188548  -3.2163789003850404e-06       367.22420382199914    0.0009827074271007968      0.18341061649298426     0.005804971333167493       0.5997189483324811       1.2400884836226578        10093.47559073715       160.86822813497062        10254.34381887212
                       36        797.2767096429784       0.6232363212394227       1.5751260105474412      0.20173981582366335     -0.03157685879238027   -3.216376358613933e-06       367.22611189458075     0.000981474839694697      0.18340937274576177    0.0058061810173905435       0.5997175204064462       1.2400581407935927       10073.408635915603        160.8793193631147       10234.287955278718
                       37        809.0348490574713       0.6184644147992908       1.6044710224167051      0.20170942032774988     -0.03195430844997361  -3.2137768101718575e-06       369.17755712577997     -0.00027913067335914      0.18213735374106774       0.0070433627321197       0.5982571359964867       1.2090255848776439       15121.345401825516       173.30189820566488       15294.647300031182
                       38        803.1500309482025        0.620852700942591       1.5897841700859612      0.20172463293567075     -0.03176539909092955   -3.215077855278449e-06        368.2008804738895    0.0003517883768708284        0.182773985117026     0.006424167032643597       0.5989880421644839       1.2245570342501508       15165.622576224607       166.81499072636757       15332.437566950974
                       39         800.207621893568       0.6220468440142412       1.5824407439205892      0.20173223923963118     -0.03167094441140751  -3.2157283778317443e-06       367.71254214794436    0.0006672479019858126      0.18309230080500513     0.006114569182905545       0.5993534952484825       1.2323227589364043       15249.112307466155       163.77409131968153       15412.886398785837
                       40        798.7364173662507       0.6226439155500663        1.578769030837904      0.20173604239161141      -0.0316237170716465  -3.2160536391083923e-06        367.4683729849717    0.0008249776645433042       0.1832514586489947     0.005959770258036518       0.5995362217904818        1.236205621279531         76259.2459556912       162.30428019957924        76421.55023589078
                       41        798.0008151025921       0.6229424513179788       1.5769331742965615      0.20173794396760153    -0.031600103401765986  -3.2162162697467166e-06       367.34628840348546    0.0009038425458220501      0.18333103757098948     0.005882370795602006       0.5996275850614814       1.2381470524510945        9223.845918312954       161.58203428533818        9385.427952598293
                       42        797.6330139707628        0.623091719201935       1.5760152460258894       0.2017388947555966    -0.031588296566825734  -3.2162975850658785e-06        367.2852461127423    0.0009432749864614239      0.18337082703198687     0.005843671064384749       0.5996732666969813       1.2391177680368761        9460.304178580818       161.22407623967024        9621.528254820489
                       43        797.8169145366775       0.6230170852599568       1.5764742101612264      0.20173841936159906     -0.03159419998429586  -3.2162569274062977e-06       367.31576725811385    0.0009235587661417374       0.1833509323014882     0.005863020929993377       0.5996504258792313       1.2386324102439852        9226.148806714467        161.4027915198832        9387.551598234351
                       44        797.9088648196349       0.6229797682889678       1.5767036922288948      0.20173818166460028     -0.03159715169303092   -3.216236598576507e-06       367.33102783079966    0.0009137006559818946      0.18334098493623882     0.005872695862797692       0.5996390054703564       1.2383897313475398        9179.274273619567       161.49234696695544        9340.766620586523
                       45        797.9088649519709       0.6229797682352874       1.5767036925594944      0.20173818166395452     -0.03159715169192579  -3.2162365985465393e-06         367.331027852196    0.0009137006383594035       0.1833409849219223     0.005872695876663635       0.5996390054089903       1.2383897310049095        9179.274260436736       161.49234707511687        9340.766607511852
                       46        797.9088649351406       0.6229797682420939       1.5767036925174747         0.20173818166376     -0.03159715169258159   -3.216236598549689e-06       367.33102786327896    0.0009137006443588509      0.18334098492374484     0.005872695874901503       0.5996390053777518       1.2383897309769965        9179.274263705258       161.49234704182962        9340.766610747087
                       47         813.344242039381       0.6167184634812164       1.6152642794333243      0.20166091814207576    -0.031471871823296936  -3.2127365776061653e-06        369.9236347146228   -0.0011153418484743105      0.18167115005341497     0.007489997774776767       0.5922070777394279       1.1979238075255232        8944.563883704583       176.69745993673862        9121.261343641321
                       48        805.6265534295079       0.6198491158850921       1.5959839858311096      0.20169954990333802     -0.03153451175816392  -3.2144865880913363e-06        368.6273312727112  -0.00010082059624620839       0.1825060674948269     0.006681346818787229       0.5959230416048922       1.2181567694365316         8680.17545813341       168.41324617751692        8848.588704310927
                       49        805.6265536199095       0.6198491158053536       1.5959839862679885      0.20169954988292185    -0.031534511756563036   -3.214486588336104e-06       368.62733131443815  -0.00010082063346671631        0.182506067474887    0.0066813468392584235       0.5959230414027059       1.2181567690860282        8680.175435049785        168.4132464585981        8848.588681508383
                       50        805.6265534476798       0.6198491158776778       1.5959839858759821       0.2016995499026874     -0.03153451175802131  -3.2144865880913533e-06       368.62733127742456  -0.00010082059802805649      0.18250606749287146     0.006681346820688403        0.595923041551973       1.2181567693830013        8680.175457791942       168.41324619082081        8848.588703982763
                       51         810.493108302005       0.6178237993473824       1.6073571418527006      0.20126216287692483       -0.031494255473577  -3.2192240383778235e-06        369.7413984366271   -0.0009369723732851618      0.18199300881401428     0.007201156357301329       0.5885679049804526       1.2078918904889644        8406.247317790001        175.1775939670883        8581.424911757089
                       52        810.4931082935997       0.6178237993501019       1.6073571418237922      0.20126216287249304      -0.0314942554736411   -3.219224038441782e-06       369.74139843723174   -0.0009369723733566003      0.18199300881504976      0.00720115635656832       0.5885679048662836       1.2078918905482394        8406.247316070585       175.17759396787514         8581.42491003846
                       53         810.493108392202       0.6178237993099166       1.6073571420653217      0.20126216286917337     -0.03149425547283881  -3.2192240384526754e-06       369.74139845697357   -0.0009369723856202695      0.18199300880448013     0.007201156366911637       0.5885679046328964       1.2078918903057128        8406.247315378621       175.17759407319906         8581.42490945182
                       54        810.4931083137893        0.617823799342385       1.6073571418800139      0.20126216287525445     -0.03149425547348604   -3.219224038392196e-06       369.74139843932767   -0.0009369723728875744      0.18199300881277825     0.007201156358578783       0.5885679047878277       1.2078918904779326        8406.247316917737       175.17759396327153        8581.424910881009
                       55        810.4931082746971       0.6178237993532883       1.6073571417384738      0.20126216284255027    -0.031494255473871524  -3.2192240387623387e-06        369.7413984362364   -0.0009369723363918964      0.18199300881775912    0.0072011563555062575       0.5885679013069053       1.2078918910581111        8406.247297849732       175.17759364243642        8581.424891492168
                       56        810.4931083117036       0.6178237993435266       1.6073571418777082      0.20126216287615295     -0.03149425547348434   -3.219224038369104e-06       369.74139843075363   -0.0009369723738423602      0.18199300881296962     0.007201156358254921       0.5885679046017707       1.2078918905514218        8406.247316349532       175.17759397124027        8581.424910320773
                       57        810.4931081888279       0.6178237993929118        1.607357141568512       0.2012621628718959    -0.031494255474433554  -3.2192240384177577e-06        369.7413983860996   -0.0009369723582992708      0.18199300882632014     0.007201156345346484       0.5885679035280467       1.2078918911721133        8406.247310199478       175.17759383614623        8581.424904035624
                       58        830.9896527096657       0.6091618837035051       1.6550461122884705      0.19813443907916178    -0.031329059870661695    -3.24250287956506e-06       371.59805797027946   -0.0006268633165760519      0.17984534903289975     0.009400002846663298      0.15355674429238342       1.2195592518188412        7761.941528616742       176.56862372644594        7938.510152343189
                       59        820.7413805058354       0.6134928415254437       1.6312016270705847       0.1996983009780433    -0.031411657672119356  -3.2308634589714422e-06        370.6697282034533   -0.0007819178449306073      0.18091917892345702     0.008300579601982314      0.37106232463641803       1.2137255711539028        7702.335210869713       174.65729346199416        7876.992504331707
                       60        825.8655166077506       0.6113273626144744       1.6431238696795276      0.19891637002860255     -0.03137035877139052  -3.2366831692682516e-06       371.13389308686635   -0.0007043905807533292       0.1803822639781784     0.008850291224322805      0.26230953446440075       1.2166424114863719        7627.993848842926       175.30900474802675       7803.3028535909525
                       61         825.865516759329       0.6113273625427114       1.6431238699488127      0.19891636994126877    -0.031370358770108284  -3.2366831700931126e-06       371.13389307556935   -0.0007043905569329842      0.18038226396387325     0.008850291241931058       0.2623095238872306       1.2166424127617774        7627.993790809234        175.3090047106629        7803.302795519897
                       62        825.8655166140949       0.6113273626110861        1.643123869684148      0.19891637002235288    -0.031370358771354294  -3.2366831693493144e-06       371.13389310732174   -0.0007043905799889389      0.18038226397767707     0.008850291225170823       0.2623095342756362       1.2166424114437113       7627.9938459233745        175.3090047451419        7803.302850668516
                       63        828.1007503003003       0.6102691165711049       1.6470948615276395      0.19762851260547182    -0.031351450393022715  -3.2488468926671295e-06        370.9673023458462  -0.00035312659508161814        0.180171314821423     0.009109949294103643      0.10633450655130328       1.2354500300821998         7292.59142929032        175.4511142455515        7468.042543535871
                       64        826.9831334540254       0.6107982395927897       1.6451093656035827       0.1982724413170372     -0.03136090458220662  -3.2427650309676908e-06       371.05059771635626   -0.0005287585879174732      0.18027678939980069     0.008980120259213225        0.184322020507852        1.226046220784286        7316.908327598683       175.20678668472877        7492.115114283412
                       65        827.5419418771628       0.6105336780819473       1.6461021135656093       0.1979504769612545     -0.03135617748761467  -3.2458059618174103e-06        371.0089500311012   -0.0004409425914995461      0.18022405211061185     0.009045034776658434      0.14532826352957762       1.2307481254332429        7262.761685851789        175.2856322621251        7438.047318113913
                       66        827.5419419755633       0.6105336780399873       1.6461021137893788      0.19795047694369727    -0.031356177486830235   -3.245805961966477e-06        371.0089500473375  -0.00044094259349429163      0.18022405210038187     0.009045034787290268      0.14532826136094235       1.2307481254647796        7262.761683321447       175.28563232399136        7438.047315645438
                       67        827.5419419260968       0.6105336780604653       1.6461021136740186      0.19795047695188545     -0.03135617748723977   -3.245805961918425e-06        371.0089500535597  -0.00044094259679268097       0.1802240521055213     0.009045034782089645      0.14532826304000535       1.2307481253402535        7262.761683558631       175.28563231560665        7438.047315874238
                       68        827.5419419035455       0.6105336780708276       1.6461021136295333       0.1979504769609469     -0.03135617748742084   -3.245805961828698e-06        371.0089500469853   -0.0004409425967463682      0.18022405210775091       0.0090450347795113      0.14532826401997795        1.230748125273839        7262.761684597929        175.2856322939912        7438.047316891921
                       69        827.5419418855839       0.6105336780781395       1.6461021135832379        0.197950476959052     -0.03135617748755026  -3.2458059618419328e-06       371.00895003580587   -0.0004409425904220339      0.18022405210974973     0.009045034777610818       0.1453282634929846       1.2307481254188568        7262.761685649432       175.28563225394703         7438.04731790338
                       70        838.6150545164668       0.6057454597653309       1.6710583835150672       0.1960481810723636     -0.03127012268141964  -3.2646665456428077e-06        374.8514313010964   -0.0009311828661310705       0.1790687749396844     0.010257260482366208     0.018276808637307407       1.2161898046678035        7077.609092941308         182.482383497278        7260.091476438585
                       71        838.6150564981223       0.6057454588545651        1.671058387565873      0.19604818048000974    -0.031270122666383134  -3.2646665523682138e-06       374.85143265265435   -0.0009311833856566155      0.17906877473816163     0.010257260709034153     0.018276784970781113       1.2161898010050813        7077.608935958229       182.48238875448914        7260.091324712718
                       72        838.6150545391736       0.6057454597553115        1.671058383565855      0.19604818106813807     -0.03127012268124312  -3.2646665456863833e-06       374.85143130602967   -0.0009311828646421409      0.17906877493731072     0.010257260484885984     0.018276808531869027       1.2161898046926813        7077.609092723949       182.48238348631827       7260.0914762102675
                       73        838.6150545161355       0.6057454597681283       1.6710583835377033      0.19604818108682837     -0.03127012268140039  -3.2646665454532998e-06        374.8514312438264   -0.0009311828355844489      0.17906877493939344     0.010257260481811945     0.018276809738517696        1.216189805012501        7077.609100552463       182.48238319199808        7260.091483744462
                       74        842.1713553530427       0.6041717633942856       1.6789643587249383      0.19535823636195632    -0.031242523447639402  -3.2718590234139235e-06       375.74077307132075   -0.0007836455137475735       0.1786977338407782     0.010652726950805632                      0.0       1.2193410414888013        7050.155928466868        181.6059362409868        7231.761864707855
                       75        842.1713553898379       0.6041717633789102       1.6789643588123777      0.19535823635841648    -0.031242523447349162  -3.2718590234399892e-06       375.74077307308625   -0.0007836455162505496       0.1786977338368741     0.010652726954717555                      0.0       1.2193410414808654        7050.155927755957       181.60593626129923        7231.761864017257
                       76        842.1713554969123       0.6041717633319654       1.6789643590472387      0.19535823633647537    -0.031242523446523066   -3.271859023670244e-06       375.74077310919444   -0.0007836455229552012       0.1786977338257966     0.010652726966581993                      0.0       1.2193410414173507        7050.155927008482       181.60593631647615        7231.761863324958
                       77        842.1713553579419       0.6041717633921746       1.6789643587355236        0.195358236361109    -0.031242523447601544  -3.2718590234230376e-06        375.7407730662046    -0.000783645514253529      0.17869773384027185     0.010652726951343448                      0.0       1.2193410415393555          7050.1559281598       181.60593624480364        7231.761864404604
                       78        842.1713553619184       0.6041717633915926       1.6789643587530438        0.195358236366397     -0.03124252344756168   -3.271859023352976e-06        375.7407730333459   -0.0007836455138554733       0.1786977338397249     0.010652726951542311                      0.0        1.219341041703643        7050.155926863467       181.60593623955216        7231.761863103019
                       79        849.8793547310257       0.6008432764966678       1.6962638742872755      0.19404347480320416    -0.031182657477555876  -3.2850053274575188e-06       376.85536706789844    -0.001297466422998209      0.17789438379745648     0.011496081935139409                      0.0       1.2221742527200545        6992.660203180193       185.95357879027722         7178.61378197047
                       80        849.8793547333217       0.6008432764956122       1.6962638742913505       0.1940434748023318    -0.031182657477538876  -3.2850053274679716e-06       376.85536706822984   -0.0012974664224435824       0.1778943837972333     0.011496081935409097                      0.0        1.222174252731897        6992.660203077171       185.95357878499038        7178.613781862161
                       81        849.8793547963515       0.6008432764681406       1.6962638744279506      0.19404347478988818    -0.031182657477052348   -3.285005327599966e-06       376.85536707512455   -0.0012974664198652794      0.17789438379072342     0.011496081942374947                      0.0        1.222174252799039        6992.660202314389        185.9535787586786        7178.613781073067
                       82        849.8793550171084       0.6008432763722206       1.6962638749129137      0.19404347474788614    -0.031182657475345366  -3.2850053280363718e-06       376.85536710734056    -0.001297466426454232      0.17789438376786243     0.011496081966697439                      0.0       1.2221742529547688        6992.660201264987       185.95357881245047        7178.613780077438
                       83        849.8793547489636       0.6008432764888361       1.6962638743254974      0.19404347479950496    -0.031182657477417722  -3.2850053274970252e-06       376.85536707162635    -0.001297466423217375      0.17789438379560837     0.011496081937123386                      0.0       1.2221742527065997        6992.660203077413        185.9535787918755        7178.613781869289
                       84         884.991798973423       0.5855317213736866       1.7722385881231872      0.18698865405701176    -0.030911828080756692  -3.3598144215589296e-06       381.76629704054375   -0.0010071864489067748      0.17427121383978889     0.015379062930134777                      0.0       1.2498302781736246         7017.86795761242        182.3190267886891        7200.186984401109
                       85        867.4355768522244       0.5931874989351771       1.7342512312052314      0.19051606443010793     -0.03104724277915628  -3.3224098745082238e-06       379.31083205422107   -0.0011523264359524915      0.17608279881862268     0.013437572432637093                      0.0       1.2360022654468397         6905.78253474058       184.06639618474043         7089.84893092532
                       86        867.4355771251044       0.5931874988152711       1.7342512317839116      0.19051606436960453    -0.031047242777059763  -3.3224098751643893e-06       379.31083209523734    -0.001152326432405459       0.1760827987906274     0.013437572463041463                      0.0       1.2360022657902785        6905.782531435119        184.0663961442473        7089.848927579366
                       87          867.43557681409       0.5931874989515876       1.7342512311185256       0.1905160644361962      -0.0310472427794531  -3.3224098744478278e-06       379.31083205003034   -0.0011523264339194728       0.1760827988226056     0.013437572428469116                      0.0       1.2360022654092322        6905.782534550281       184.06639616737428        7089.848930717655
                       88        874.6547561073321       0.5899660785485297       1.7487299174156696      0.18857861226473102    -0.030992322849344302   -3.344223075032631e-06        380.6152413969984   -0.0006986653394444745       0.1753522225939824     0.014253456018111553                      0.0       1.2465661887216097        6873.806975652576       179.86318376928983        7053.670159421866
                       89        871.0451664797782       0.5915767887418534       1.7414905743104505       0.1895473383474195      -0.0310197828142503   -3.333316474770428e-06       379.96303672560975   -0.0009254958876984834      0.17571751070630254     0.013845514225374323                      0.0       1.2412842270842246        6844.784423850208        181.9286883351426        7026.713112185351
                       90        872.8499612935551       0.5907714336451915         1.74511024586306      0.18906297530607524      -0.0310060528317973   -3.338769774901529e-06       380.28913906130407    -0.000812080613571479      0.17553486665014245     0.014049485121742937                      0.0        1.243925207902917        6843.975436202212       180.88691064174807         7024.86234684396
                       91        871.9475638866667       0.5911741111935225       1.7433004100867553      0.18930515682674737      -0.0310129178230238   -3.336043124835978e-06        380.1260878934569   -0.0008687882506349803       0.1756261886782225     0.013947499673558631                      0.0       1.2426047174935708        6841.178112801947        181.4055431358283        7022.583655937775
                       92        871.9475645864363        0.591174110888073       1.7433004116094075      0.18930515668823134    -0.031012917817618117   -3.336043126293565e-06       380.12608799602265   -0.0008687882741619064      0.17562618860586923     0.013947499750922436    4.772230943750344e-10       1.2426047180304474          6841.1781081296        181.4055433089807        7022.583651438581
                       93         871.947564741842       0.5911741108184063       1.7433004119154951       0.1893051566445458    -0.031012917816439004  -3.3360431267901507e-06        380.1260880265383   -0.0008687882421692661      0.17562618859020235      0.01394749976856127   1.0436108643929742e-09       1.2426047182006896         6841.17810898425       181.40554300806548        7022.583651992315
                       94        871.9475639967353       0.5911741111447866        1.743300410315321      0.18930515680083276     -0.03101291782217978   -3.336043125120695e-06        380.1260879127368   -0.0008687882506757802      0.17562618866696114     0.013947499685884036    7.398687218440614e-10       1.2426047175382384        6841.178111954891        181.4055431113506        7022.583655066242
                       95        905.9686370120645       0.5762555354662089       1.8161693597891855      0.18211313884019575    -0.030750845684222605  -3.4130382010566154e-06        385.4089041676071   -0.0009655573217455249      0.17212247384329982      0.01772529482855054      0.05657021832782638        1.268665273081349        6748.807789121538        179.9722992369352        6928.780088358473
                       96        905.9686370507228       0.5762555354496067       1.8161693598728466       0.1821131388332516     -0.03075084568392412  -3.4130382011292786e-06       385.40890417221306   -0.0009655573214090944        0.172122473839304      0.01772529483277712      0.05657021871855539       1.2686652730397727        6748.807788670023       179.97229922301025        6928.780087893033
                       97        905.9686370500649       0.5762555354491973       1.8161693598646451      0.18211313883093533    -0.030750845683931192   -3.413038201160209e-06       385.40890417378773   -0.0009655573231552176       0.1721224738394136     0.017725294832829176      0.05657021935631462       1.2686652730093346        6748.807788523325        179.9722992213291        6928.780087744654
                       98        905.9686369866531        0.576255535477348        1.816169359733177       0.1821131388456734    -0.030750845684418254  -3.4130382009984996e-06        385.4089041618046   -0.0009655573226875803      0.17212247384591547     0.017725294825726528     0.056570218261483174       1.2686652730376153        6748.807789030745        179.9722992475004        6928.780088278246
                       99        905.9686370518112       0.5762555354484625       1.8161693598683595      0.18211313883100205     -0.03075084568391689   -3.413038201158398e-06       385.40890416994165   -0.0009655573237610862      0.17212247383921778     0.017725294833014084      0.05657021830213055       1.2686652730735215        6748.807789059728       179.97229925509973       6928.7800883148275
                      100         906.041460922501       0.5762047125802383        1.815721191793937      0.18205174987148665    -0.030750338987689096  -3.4140300473851773e-06       385.11325693397686   -0.0011890203046871156       0.1721162180447027      0.01773603590421427      0.10894734423616542       1.2584591442081305       6721.9826835426675       180.66433285978906        6902.647016402457
                      101        906.0414610104987       0.5762047125417343       1.8157211919810905       0.1820517498533447    -0.030750338987010812     -3.4140300475793e-06       385.11325694480126   -0.0011890203049574203      0.17211621803563248     0.017736035913964467      0.10894734429982328        1.258459144245888        6721.982683453534       180.66433285957714        6902.647016313112
                      102        906.0414609763696        0.576204712556458       1.8157211919045757      0.18205174985970513    -0.030750338987274476  -3.4140300475135134e-06       385.11325693874653   -0.0011890203053143717      0.17211621803916233      0.01773603591022575      0.10894734424143587       1.2584591442117437        6721.982683469314       180.66433286478818        6902.647016334102
                      103        906.0414609043215       0.5762047125877616       1.8157211917427798       0.1820517498740873    -0.030750338987830247  -3.4140300473634336e-06        385.1132569213613   -0.0011890203048389525      0.17211621804659905     0.017736035902279908      0.10894734389174943       1.2584591441271922        6721.982683388169       180.66433287002855        6902.647016258197
                      104        906.0414609575528       0.5762047125641822        1.815721191842421      0.18205174986264006     -0.03075033898742036  -3.4140300474915795e-06        385.1132569112871   -0.0011890203036201315       0.1721162180411236      0.01773603590822415      0.10894734372879317        1.258459144097087        6721.982683080638       180.66433286203326        6902.647015942671
                      105        906.0414610058145       0.5762047125426493       1.8157211919372553      0.18205174985136433    -0.030750338987049448  -3.4140300476166303e-06       385.11325690989867   -0.0011890203036658796        0.172116218036171     0.017736035913660627      0.10894734434956793        1.258459144142452        6721.982683043123        180.6643328462274        6902.647015889351
                      106        906.0414612732121       0.5762047124102533       1.8157211920382572      0.18205174975676136    -0.030750338985022687   -3.414030048852235e-06         385.113256471775    -0.001189020298018156      0.17211621800937146      0.01773603594616534      0.10894734523973926        1.258459142584013        6721.982677086821       180.66433276567747        6902.647009852499
                      107           984.4900637618       0.5404113098170383       1.9386322091301107       0.1620746357426578    -0.030148954557161278  -3.6487812584452087e-06       350.83840107272437   -0.0003159497889310839      0.16410283799374892     0.026704819955534167      0.17012176386624134       1.1442839685700177        9969.765051054823       172.09850399737937       10141.863555052203
                      108        945.2657623421505       0.5583080111986384        1.877176700462023      0.17206319280707222    -0.030449646772425187   -3.531405652915193e-06        367.9758290033506   -0.0007524850468090998      0.16810952801922582     0.022220427929874217      0.13953455405120335       1.2013715563890741        6538.690561856286       175.80776479821066        6714.498326654497
                      109        925.6536116323258       0.5672563618894384         1.84644894612798      0.17705747133927943    -0.030599992880057134  -3.4727178501501853e-06       376.54454296866373   -0.0009707526757481077      0.17011287303196426      0.01997823191704424      0.12424094914368439       1.2299153502986022       6588.8952857691565       178.09263542140636        6766.987921190563
                      110        935.4596869872381       0.5627821865440383       1.8618128232950024      0.17456033207317584    -0.030524819826241157  -3.5020617515326886e-06        372.2601859860072   -0.0008616188612786038      0.16911120052559503      0.02109932992345923      0.13188775159744387       1.2156434533438383       6545.9959307343715       176.91434675791015        6722.910277492281
                      111        940.3627246646944       0.5605450988713383       1.8694947618785136      0.17331176244012403    -0.030487233299333175  -3.5167337022239413e-06       370.11800749467886   -0.0008070519540438522      0.16861036427241044     0.021659878926666726       0.1357111528243236       1.2085075048664562        6536.020256644971        176.3520924400858        6712.372349085056
                      112        940.3627256392233       0.5605450984057221       1.8694947627189258      0.17331176214259833    -0.030487233291902848  -3.5167337059885903e-06        370.1180063213076   -0.0008070519223283565      0.16861036417380704     0.021659879041883393       0.1357111504933859       1.2085075008734716        6536.020240107598       176.35209222742216         6712.37233233502
                      113        940.3627261305863        0.560545098181953       1.8694947635095023        0.173311762018401    -0.030487233288134883   -3.516733707442629e-06        370.1180061110701   -0.0008070519266561308      0.16861036412360061      0.02165987909802047      0.13571115298569625       1.2085075004325347        6536.020240944161       176.35209220605734        6712.372333150218
                      114        940.3635290150336       0.5605447196826193        1.869495627908993      0.17331152881099346    -0.030487227156550594  -3.5167366033533623e-06       370.11721714922186   -0.0008070363952000972      0.16861028266189954     0.021659973120563385      0.13571125274503365       1.2085049730482376        6536.011199096608        176.3519593660393        6712.363158462647
                      115       1191.3535087197783       0.4424638252183077       2.1472738661317337                    0.101    -0.028569942043718894   -4.412071446546151e-06       131.67747405190292    0.0039642447351344685       0.1431330478149428      0.05100704388772151      0.14854813420440016      0.44298708508572027       16407.007436292624       191.58049937050365       16598.587935663127
                      116       1065.8581166922363        0.501504462044823       2.0083843140051227        0.137155881220062    -0.029528587671526035   -3.964402574385046e-06        250.8977407732909    0.0015785963905453086      0.15587170604367662     0.036333461407194116      0.14212964351436186       0.8257472949760882        7332.139306384962       170.05499422581244        7502.194300610774
                      117       1003.1104206784654       0.5310247804580807       1.9389395379418186      0.15523382183009302      -0.0300079104854296   -3.740568138304494e-06        310.5078741339849   0.00038577221825072776       0.1622410351580435      0.02899667016693042      0.13892039816934276       1.0171273999212722         6082.92230529511       169.72571791307848       6252.6480232081885
                      118       1003.1104291563472       0.5310247765621094       1.9389395502600717       0.1552338196136072    -0.030007910420478918    -3.74056816473784e-06       310.50786921273914   0.00038577230918192956      0.16224103429310216     0.028996671141051415      0.13892039965802488       1.0171273844539501        6082.922254573776       169.72571774329035        6252.647972317066
                      119       1003.1104241515928       0.5310247788517858       1.9389395426502798      0.15523382089925886    -0.030007910458838948  -3.7405681495333697e-06         310.507871738355    0.0003857722594524625      0.16224103480411592     0.028996670567812063      0.13892039727846578       1.0171273924343034        6082.922288922078       169.72571787560827        6252.648006797686
                      120        1206.124324742283       0.4372113843182386       2.2167700778828756                    0.101    -0.028453477129555583   -4.393840594840767e-06        173.4056194037477    0.0027636455198172937      0.14154980667378594      0.05241531050673403      0.09842731942621263        0.588371566513054       12511.040557955457       187.98380097634254         12699.0243589318
                      121       1003.1104206784654       0.5310247804580807       1.9389395379418186      0.15523382183009302      -0.0300079104854296   -3.740568138304494e-06        310.5078741339849   0.00038577221825072776       0.1622410351580435      0.02899667016693042      0.13892039816934276       1.0171273999212722         6082.92230529511       169.72571791307848       6252.6480232081885                
 restart
                      122       1003.1104206784654       0.5310247804580807       1.9389395379418186      0.15523382183009302      -0.0300079104854296   -3.740568138304494e-06        310.5078741339849   0.00038577221825072776       0.1622410351580435      0.02899667016693042      0.13892039816934276       1.0171273999212722         6082.92230529511       169.72571791307848       6252.6480232081885
                      123       1003.1104156134594       0.5310247795265235       1.9389395270570873       0.1552338218210477    -0.030007936639309687  -3.7405681399980754e-06        310.5078741354843   0.00038577116201839157      0.16224103649496482     0.028996671504745185      0.13892039816922364       1.0171274000171524       6082.3816678514295       169.72592651170527        6252.107594363135
                      124       1003.1104206379173       0.5310247804472501       1.9389395375668013      0.15523382183010395    -0.030007910474652438  -3.7405681383063435e-06       310.50787412879333   0.00038577143698063454      0.16224103515842325      0.02899667016952542      0.13892039816915963       1.0171273999709778        6082.921792253617       169.72572339815238         6252.64751565177
                      125       1003.1104207204189       0.5310247804547467       1.9389395375906329      0.15523382183019793    -0.030007910230490493  -3.7405681382923014e-06        310.5078741308912   0.00038577214345186605      0.16224103514635965      0.02899667015683241      0.13892039816949947        1.017127399945431        6082.927486537331       169.72571648748635        6252.653203024817
                      126       1003.0207600456515       0.5310008840894876       1.9381148148322414      0.15523384467133844    -0.029987577397020352  -3.7405724142439954e-06       310.49647682866726     -0.00132950128267445      0.16224203905079654     0.029002537513559485      0.13891999611380068       1.0172365343881489        5658.734069817085       183.70031710456917        5842.434386921654
                      127       1003.0655903620584       0.5310128322737842         1.93852717638703      0.15523383325071574    -0.029997743941224977  -3.7405702762742447e-06        310.5021754813261  -0.00047186453221186107      0.16224153710442002     0.028999603840244952      0.13892019714157172       1.0171819671547107        5652.630794685859        176.2363753245623        5828.867170010421
                      128        1003.043175203855       0.5310068581816358       1.9383209956096348       0.1552338389610271    -0.029992660669122664  -3.7405713452591205e-06        310.4993261549967   -0.0009006829074431554      0.16224178807760828      0.02900107067690222      0.13892009662768623       1.0172092507714299        5591.378941872301        179.8491856685003        5771.228127540801
                      129       1003.0431752040488        0.531006858181695       1.9383209956125764      0.15523383896178042     -0.02999266066909926  -3.7405713452312408e-06        310.4993261539064   -0.0009006829086086413      0.16224178807747106      0.02900107067680019      0.13892009662771637       1.0172092507662924         5591.37894173366       179.84918567859603        5771.228127412256
                      130       1003.0431752038744        0.531006858181634       1.9383209956082528      0.15523383896104595    -0.029992660669127487   -3.740571345259144e-06       310.49932615441435   -0.0009006829070142997      0.16224178807760692      0.02900107067690116      0.13892009662773658       1.0172092507707275        5591.378941867234       179.84918566479078        5771.228127532025
                      131       1003.0511157363828         0.53100867039295       1.9383110915925972      0.15526026349303174     -0.02999225933717102   -3.739649431693899e-06       310.41800565952275   -0.0009060167318138046      0.16223713583345564     0.028997608139648287       0.1389250039918759       1.0169845218226223         5588.71444424408        179.8958275896946        5768.610271833775
                      132       1003.0511087677979       0.5310086677950051       1.9383110204872551      0.15526026348597713    -0.029992284814026583   -3.739649433820717e-06       310.41800552591314   -0.0009060195399109871      0.16223713729790262     0.028997609881526675      0.13892500399904867        1.016984522005641        5588.711287105607       179.89604830450597        5768.607335410113
                      133       1003.0511136514383        0.531008668646931       1.9383110288887142      0.15526026349495087     -0.02999225904343434  -3.7396494321701434e-06       310.41800551742256    -0.000906019147806256      0.16223713598663947     0.028997608580775634      0.13892500399917895       1.0169845219342604        5588.714309559598       179.89584682657681        5768.610156386175
                      134       1003.0511086613109       0.5310086641690971        1.938310867891703      0.15526026350007874     -0.02999225779839959   -3.739649433365065e-06       310.41800520370475   -0.0009060167084423692      0.16223713635671738     0.028997609692373937      0.13892500402061086       1.0169845216355577        5588.714243916555       179.89581640385353        5768.610060320408
                      135       1002.9703344248056       0.5309409233014456       1.9358781201845865      0.15526033800270247    -0.029980758885929562   -3.739667904894387e-06        310.4125103250399   -0.0009966813902874002       0.1622430748223058     0.029014720264576355      0.13892528830875245       1.0169886451467018        5585.747870651464          180.61970753778        5766.367578189244
                      136       1002.9703344246471       0.5309409233013511       1.9358781201765076      0.15526033800205286    -0.029980758885925406  -3.7396679049074467e-06        310.4125103175395   -0.0009966813899438052      0.16224307482236125      0.02901472026463024      0.13892528831873652       1.0169886451421346        5585.747870594674        180.6197075347775        5766.367578129451
                      137       1002.9703344232416       0.5309409233002976        1.935878120124496      0.15526033799989722    -0.029980758885784387  -3.7396679049500745e-06        310.4125103115847   -0.0009966813899654752      0.16224307482260827      0.02901472026499532       0.1389252883486211       1.0169886450997732        5585.747870474021        180.6197075340182        5766.367578008038
                      138       1002.9703343780981        0.530940923265494        1.935878118377504       0.1552603379424854    -0.029980758881041167    -3.73966790616226e-06        310.4125099287634   -0.0009966813842875106      0.16224307482991257     0.029014720276481304      0.13892528941010063       1.0169886437248068        5585.747865591237        180.6197074550683        5766.367573046306
aborted minimisation     
Minimisation aborted as it proceeded too slow                
 restart
                      139       1002.9703343780981        0.530940923265494        1.935878118377504       0.1552603379424854    -0.029980758881041167    -3.73966790616226e-06        310.4125099287634   -0.0009966813842875106      0.16224307482991257     0.029014720276481304      0.13892528941010063       1.0169886437248068        5585.747865591237        180.6197074550683        5766.367573046306
                      140        1002.970328582194       0.5309409215744956       1.9358780801689726      0.15526033793434052    -0.029980784774240547  -3.7396679080562464e-06         310.412509893414   -0.0009966789838044103      0.16224307622747997     0.029014721800278816       0.1389252894146547       1.0169886435854527        5585.740432312401        180.6198850682223        5766.360317380623
                      141       1002.9703335501853       0.5309409224730086        1.935878090116935      0.15526033794333177    -0.029980758832895818    -3.73966790638307e-06         310.412509889151   -0.0009966784208673793      0.16224307490401862     0.029014720481186397      0.13892528941462862       1.0169886435001168       5585.7477516221925        180.6196807697163        5766.367432391909
                      142         1002.97033309997       0.5309409221914572       1.9358780804942128      0.15526033794353278    -0.029980759006761594  -3.7396679064722054e-06        310.4125098520239   -0.0009966813687961958      0.16224307493911297     0.029014720564276935      0.13892528941522647       1.0169886436951603        5585.747732114395       180.61970842874726        5766.367440543142
                      143       1002.9441847458141       0.5309159800960623       1.9349889511870053       0.1552603644719016    -0.029979501880169113  -3.7396748703079393e-06       310.41125412444813   -0.0009050606131677072      0.16224541946931828       0.0290211750584611       0.1389254314813096       1.0169816856640403        5584.409367959569       179.80194811532937        5764.211316074899
                      144       1002.9441847455132       0.5309159800956728        1.934988951169645       0.1552603644729594    -0.029979501880145823  -3.7396748702929934e-06        310.4112541073258   -0.0009050606117340507      0.16224541946928717     0.029021175058515973       0.1389254314847137       1.0169816856624037        5584.409367822859       179.80194810306153        5764.211315925921
                      145       1002.9441847441242       0.5309159800946928       1.9349889511151517      0.15526036446910763     -0.02997950188012326   -3.739674870368346e-06        310.4112540636066   -0.0009050606102681165      0.16224541946966117      0.02902117505895132      0.13892543149720976       1.0169816856739078        5584.409367484793        179.8019480912761        5764.211315576069
                      146       1002.9441847456065       0.5309159800958483        1.934988951172448      0.15526036447195787     -0.02997950188016098  -3.7396748703114626e-06         310.411254117292   -0.0009050606128288004      0.16224541946934218      0.02902117505851714      0.13892543148836944       1.0169816856412202        5584.409367896727        179.8019481126152        5764.211316009342
                      147       1002.9441847368889       0.5309159800882263       1.9349889506002107      0.15526036445965086    -0.029979501879963698   -3.739674870704254e-06         310.411253845544   -0.0009050606075157515      0.16224541947121995      0.02902117506117941        0.138925431779521       1.0169816847412814       5584.4093654759145       179.80194807705215        5764.211313552966
                      148       1002.9441847426153       0.5309159800929703       1.9349889508796743      0.15526036446879982    -0.029979501880112863   -3.739674870484188e-06       310.41125394094087   -0.0009050606157616611       0.1622454194700309      0.02902117505949226      0.13892543167337223       1.0169816850257263        5584.409366222137       179.80194814628086        5764.211314368417
                      149       1002.9441847409006       0.5309159800926226       1.9349889507498315      0.15526036445277577     -0.02997950188022478  -3.7396748708200038e-06        310.4112538653324   -0.0009050606261426562        0.162245419471268      0.02902117506035891      0.13892543176658545       1.0169816847294935        5584.409365469216       179.80194824232606        5764.211313711542
aborted minimisation     
Minimisation aborted as it proceeded too slow               
 finished