                   sim_nr                        h                    alpha                  sca_sto                       wg               gammatheta                   gammaq                      CO2                   advCO2                      z0m                      z0h                    FracH         obs_sca_cf_CO2mh                     data               background                    Costf
                        1         820.199481660381      0.47666323867506755      0.19559305540738287       0.3050773354868016    -0.004105408455432964   -4.243684354012647e-06        312.8456081174688     0.005039516995176826       0.1805277693649978     0.005050858153201718      0.49922309158317857       0.8211348983542739       145456.01657962438                      0.0       145456.01657962438
                        2        820.1994801561805      0.47666323850771697      0.19559306200121895       0.3050773354851786   -0.0041054223354421516   -4.243684354960233e-06        312.8456078805027     0.005039497628366882      0.18052776953308736     0.005050859070616656       0.4992230915836552       0.8211349005919434       145455.49967013657     2.64462163597277e-10       145455.49967013684
                        3        819.3529199268543      0.47656905402428085       0.1993040559857615       0.3050764220861943    -0.011917055799257437   -4.244217654329216e-06          312.71224394939    -0.005860093186213223      0.18062236991445543     0.005567177837894663      0.49922335980926075       0.8223942552343108        34745.23544345123           83.76629312229        34829.00173657352
                        4        819.3529195873028      0.47656905396871146      0.19930406379184973      0.30507642208576796    -0.011917056669745258   -4.244217654390108e-06       312.71224391511083    -0.005860092695734827      0.18062236999071407     0.005567178096445527       0.4992233598095924       0.8223942555854838         34745.2338896249        83.76628770766808       34829.000177332564
                        5        805.0778427704251       0.4742328618729532       0.5274796924384209       0.3050584999349652     -0.04851322374905007   -4.246777605798292e-06        311.2711162224889     0.014760103186295698      0.18382835913771717      0.01643691158092504       0.4992373059189551       0.8371579155847043         370251.208426337       281.70279638599175       370532.91122272296
                        6        812.2153813486397      0.47540095794861703       0.3633918742120912      0.30506746101057974    -0.030215139774153753   -4.245497630063754e-06       311.99168008593944     0.004450005000041237       0.1822253645260863     0.011002044709409851       0.4992303328641079       0.8297760854095075        136739.1293859918        76.34140252731022       136815.47078851913
                        7         815.784150637747        0.475985005986449      0.28134796509892723        0.305071941548387    -0.021066097786705595   -4.244857642196485e-06        312.3519620176647   -0.0007050440930859931      0.18142386722027087     0.008284611273652258      0.49922684633668435       0.8260851703219092        712522.5767628354        53.45556226809245        712576.0323251034
                        8        817.5685352823007       0.4762770300053649      0.24032601054234526       0.3050741818172906    -0.016491576792981518    -4.24453764826285e-06        312.5321029835273    -0.003282568639649608      0.18102311856736314      0.00692589455577346       0.4992251030729725         0.82423971277811        47576.44827915358        61.96135630601431        47638.40963545959
                        9        818.4607276045774       0.4764230420148229      0.21981503326405338       0.3050753019517425    -0.014204316296119478   -4.244377651296033e-06       312.62217346645866   -0.0045713309129314155      0.18082274424090927     0.006246536196834062       0.4992242314411166       0.8233169840062103        38813.02781374779        71.20143186685792       38884.229245614646
                       10        818.9068237657159      0.47649604801955187      0.20955954462490745      0.30507586201896836     -0.01306068604768846  -4.2442976528126245e-06        312.6672087079243     -0.00521571204957232      0.18072255707768237     0.005906857017364362       0.4992237956251887       0.8228556196202605        36220.04242596263        77.06826428275043        36297.11069024538
                       11         819.129871846285       0.4765325510219164      0.20443180030533625       0.3050761420525813    -0.012488870923472947    -4.24425765357092e-06        312.6897263286571    -0.005537902617892772      0.18067246349606889     0.005737017427629513       0.4992235777172247       0.8226249374272857        36612.57113583109        80.31337914956433        36692.88451498065
                       12        819.2413958865696       0.4765508025230986      0.20186792814554977       0.3050762820693878    -0.012202963361365192   -4.244237653950068e-06       312.70098513902354    -0.005698997902052998      0.18064741670526216     0.005652097632762088       0.4992234687632427       0.8225095963307982        31292.81620652216        82.01386124768818       31374.830067769846
                       13        819.1856338664273      0.47654167677250747        0.203149864225443      0.30507621206098456    -0.012345917142419071   -4.244247653760494e-06        312.6953557338403    -0.005618450259972883      0.18065994010066552     0.005694557530195801       0.4992235232402337       0.8225672668790419        36478.11317959797        81.15712647656649        36559.27030607453
                       14        819.2135148764985      0.47654623964780307       0.2025088961854955       0.3050762470651862    -0.012274440251892133   -4.244242653855281e-06       312.69817043643195    -0.005658724081012941      0.18065367840296384    0.0056733275814789446       0.4992234960017382       0.8225384316049201        36403.30456359421        81.58387043161241        36484.88843402582
                       15        819.2274553815341      0.47654852108545087      0.20218841216552264        0.305076264567287     -0.01223870180662866   -4.244240153902675e-06        312.6995777877277   -0.0056788609915329686        0.180650547554113    0.0056627126071205165       0.4992234823824905       0.8225240139678591       27746.052678846718        81.79845998202157        27827.85113882874
                       16        819.2204851290163      0.47654738036662697      0.20234865417550907       0.3050762558162366    -0.012256571029260397  -4.2442414038789774e-06        312.6988741120798    -0.005668792536272955      0.18065211297853842    0.0056680200942997305      0.49922348919211434       0.8225312227863897        24346.01063624809         81.6910637424098         24427.7016999905
                       17        819.2170000027573        0.476546810007215      0.20242877518050229       0.3050762514407114    -0.012265505640576265   -4.244242028867129e-06        312.6985222742559    -0.005663758308642947      0.18065289569075113     0.005670673837889337       0.4992234925969263       0.8225348271956548        32618.91296289164        81.63744172090931        32700.55040461255
                       18        819.2187425658868      0.47654709518692095       0.2023887146780048        0.305076253628474    -0.012261038334918331   -4.244241716373054e-06       312.69869819316784   -0.0056662754224579516      0.18065250433464478     0.005669346966094534       0.4992234908945203       0.8225330249910222         24861.0891777918        81.66424639013412       24942.753424181934
                       19        819.2196138474516        0.476547237776774      0.20236868442675693       0.3050762547223553    -0.012258804682089366  -4.2442415601260156e-06        312.6987861526238    -0.005667533979365453       0.1806523086565916     0.005668683530197132      0.49922349004331734        0.822532123888706        24293.13062977826        81.67765348089061       24374.808283259154
                       20        819.2200494882339      0.47654730907170045       0.2023586693011321      0.30507625526929594    -0.012257687855674881  -4.2442414820024965e-06        312.6988301323518    -0.005668163257819205      0.18065221081756502     0.005668351812248431      0.49922348961771584       0.8225316733375478       24270.323652434407        81.68435821530485        24352.00801064971
                       21        819.2198316678428       0.4765472734242372      0.20236367686394452      0.30507625499582564    -0.012258246268882122   -4.244241521064256e-06       312.69880814248785    -0.005667848618592327       0.1806522597370783     0.005668517671222782      0.49922348983051656       0.8225318986131269       24266.769108788194        81.68100574901136       24348.450114537205
                       22        819.2199405780383      0.47654729124796885      0.20236117308253831      0.30507625513256076      -0.0122579670622785   -4.244241501533376e-06       312.69881913741983    -0.005668005938205766      0.18065223527732166     0.005668434741735606       0.4992234897241162       0.8225317859753374       24265.180040223055        81.68268195738654        24346.86272218044
                       23        819.2198861229406      0.47654728233610305      0.20236242497324142       0.3050762550641932    -0.012258106665580311   -4.244241511298816e-06        312.6988136399538    -0.005667927278399047          0.1806522475072    0.0056684762064791935       0.4992234897773164       0.8225318422942322       24265.089326671936        81.68184384700608       24346.771170518943
                       24        819.2199133504894      0.47654728679203595      0.20236179902789075        0.305076255098377    -0.012258036863929407   -4.244241506416096e-06       312.69881638868685    -0.005667966608302406      0.18065224139226083       0.0056684554741074       0.4992234897507163       0.8225318141347847       24264.919004161813        81.68226290064808       24346.601267062462
                       25         819.219899736715       0.4765472845640695      0.20236211200056609       0.3050762550812851    -0.012258071764754859   -4.244241508857456e-06       312.69881501432036    -0.005667946943350727       0.1806522444497304     0.005668465840293297       0.4992234897640163       0.8225318282145084         24264.9495527829        81.68205337344001       24346.631606156338
                       26        819.2199065436022       0.4765472856780527      0.20236195551422753      0.30507625508983105    -0.012258054314342133   -4.244241507636776e-06        312.6988157015036    -0.005667956775826567       0.1806522429209956     0.005668460657200349       0.4992234897573663       0.8225318211746465       24264.920712608127        81.68215813694728       24346.602870745075
                       27        819.2199099470458      0.47654728623504433      0.20236187727105914        0.305076255094104     -0.01225804558913577   -4.244241507026437e-06        312.6988160450952    -0.005667961692064487       0.1806522421566282     0.005668458065653874       0.4992234897540413       0.8225318176547156       24264.916477770003        81.68221051877352       24346.598688288777
                       28        819.2199099145523       0.4765472862267116       0.2023618888028551      0.30507625509412417    -0.012258045658112057   -4.244241507017613e-06        312.6988160134703    -0.005667961627613067      0.18065224215343634     0.005668458096143766      0.49922348975410386       0.8225318179600525       24264.916170892946        81.68220974981301       24346.598380642758
                       29        819.2199091573369       0.4765472860052486         0.20236215048355       0.3050762550943199    -0.012258046256280276  -4.2442415066491825e-06       312.69881524434476    -0.005667961059300407      0.18065224216180858     0.005668458903051432      0.49922348975648667       0.8225318253213647       24264.909125916616        81.68220295899914       24346.591328875616
aborted minimisation     
Minimisation aborted as it proceeded too slow                
 restart
                       30        819.2199091573369       0.4765472860052486         0.20236215048355       0.3050762550943199    -0.012258046256280276  -4.2442415066491825e-06       312.69881524434476    -0.005667961059300407      0.18065224216180858     0.005668458903051432      0.49922348975648667       0.8225318253213647       24264.909125916616        81.68220295899914       24346.591328875616
                       31        819.2199105080626      0.47654728610216773       0.2023623429326875       0.3050762550969113     -0.01225803090652111   -4.244241505549042e-06       312.69881490877344   -0.0056679455722702665       0.1806522418116138     0.005668458181400845      0.49922348975659697        0.822531828910203       24264.891109293705         81.6819602305448        24346.57306952425
                       32        819.2199069523358      0.47654728558373555       0.2023625519769343       0.3050762550939933    -0.012258047268284507   -4.244241506553944e-06       312.69881447843534    -0.005667925676254566       0.1806522422310031     0.005668460544823892       0.4992234897567499       0.8225318335552785       24264.871662554353        81.68171380972036       24346.553376364074
                       33        819.2199088052489      0.47654728586064543      0.20236271706527553       0.3050762550978461      -0.0122580236591262  -4.2442415047237276e-06       312.69881407767696     -0.00566793361437107      0.18065224165284305     0.005668458863839375      0.49922348975141734       0.8225318376543581       24264.880518811915         81.6817811734835         24346.5622999854
                       34        819.0755076446401       0.4765196816141772      0.22865614753847652       0.3050762337080905    -0.012324285443476034   -4.244235266774534e-06        312.6486554457168    -0.003350725615290732      0.18065677282008952     0.005775975764828872       0.4992235069912611       0.8230710683561343       27705.784374263287       53.128102793918785       27758.912477057205
                       35        819.1477084009884       0.4765334838097129      0.21550914901101415      0.30507624440120523    -0.012291165849878155   -4.244238386711858e-06        312.6737353450308    -0.004509343337295569      0.18065450749094905    0.0057222173339401515       0.4992234983738739       0.8228014468387496        23453.39201071824        66.53505210347876       23519.927062821716
                       36        819.1477118997165      0.47653348423395775       0.2155091754383438      0.30507624440532305    -0.012291141958331421   -4.244238385109522e-06       312.67373534063336    -0.004509343282377164      0.18065450691344315     0.005722215163822794      0.49922349837385566       0.8228014468553325       23447.834937696338        66.53500793494591       23514.369945631282
                       37        819.1477083937054      0.47653348380877614      0.21550914990809744       0.3050762444012042      -0.0122911658519175   -4.244238386711026e-06        312.6737353430387     -0.00450934330572947       0.1806545074910297     0.005722217337336085       0.4992234983738596       0.8228014468597907       23453.391979172135        66.53505171661068       23519.927030888746
                       38        819.1477084036308      0.47653348380898036      0.21550914928808496      0.30507624440117453    -0.012291165842618228   -4.244238386709933e-06        312.6737353421464    -0.004509343346336446       0.1806545074872195    0.0057222173391853915       0.4992234983738401       0.8228014468665755       23453.390232943035        66.53505220223285        23519.92528514527
                       39        818.9634049436518        0.476509776544295      0.23822594345623394      0.30507621807615287    -0.012342016656568968    -4.24421722944638e-06       312.62329081701887    -0.003710032360812664      0.18065652990146505     0.005808138978924505       0.4992231359004305       0.8233342588152267       22877.253234317086        57.15201512217334        22934.40524943926
                       40         818.963404942292       0.4765097765444465      0.23822594374367512       0.3050762180799541    -0.012342016657187503   -4.244217229368668e-06       312.62329081098704    -0.003710032347619087      0.18065652990071226     0.005808138979844064      0.49922313590038786        0.823334258848186       22877.253195225137       57.152014973725585       22934.405210198864
                       41        818.9634049401004       0.4765097765439178       0.2382259439233838      0.30507621807707047    -0.012342016657608437  -4.2442172294268645e-06       312.62329081225806   -0.0037100323530397977      0.18065652990131306    0.0058081389806502424       0.4992231359003676       0.8233342588719343       22877.253221352672        57.15201503598386       22934.405236388655
                       42        818.9634049433014      0.47650977654428284      0.23822594351191917      0.30507621807651475    -0.012342016656690963   -4.244217229438236e-06        312.6232908129666    -0.003710032366314341       0.1806565299013845     0.005808138979117978       0.4992231359003615       0.8233342588733009        22877.25322645147        57.15201518479106        22934.40524163626
                       43        818.9634049415722        0.476509776543903      0.23822594366905925      0.30507621807458607    -0.012342016657054346   -4.244217229474382e-06        312.6232908029252    -0.003710032379392608      0.18065652990174477     0.005808138979792551        0.499223135900136       0.8233342590584396         22877.2532285726        57.15201533378321       22934.405243906385
                       44        818.7053375429075      0.47648723820946115       0.2740477670115631       0.3051951389070638    -0.012421353332101244   -4.241586602046097e-06        311.5403740522165     -0.00430071985178257       0.1806326108136952     0.005938094055205892      0.49920549936482617        0.838270205026072       21867.329870051264        64.23002869577581        21931.55989874704
                       45        818.8343712432796      0.47649850737687804       0.2561368552338976      0.30513567849160833    -0.012381684994335106  -4.2429019157462385e-06        312.0818324346177    -0.004005376106297617      0.18064457035758014     0.005873116517065198      0.49921431763262836       0.8308022319206493       21968.994826535727        60.63340083887099       22029.628227374596
                       46        818.7698543930935       0.4764928727931696      0.26509231112273035      0.30516540869933606    -0.012401519163218175   -4.242244258896168e-06        311.8111032434171    -0.004153047979040094      0.18063859058563767    0.0059056052861355445      0.49920990849872726       0.8345362184733607       21765.916176920513       62.417309499797504        21828.33348642031
                       47        818.7698543911351      0.47649287279343483       0.2650923115580852      0.30516540870650133    -0.012401519164148011   -4.242244258770165e-06       311.81110320723957     -0.00415304800116292       0.1806385905843933     0.005905605287510177       0.4992099084981779       0.8345362189366105       21765.916084740376        62.41730976529195        21828.33339450567
                       48        818.7698543885668      0.47649287279282915       0.2650923117715962       0.3051654087027167    -0.012401519164649703   -4.242244258836765e-06       311.81110322499285    -0.004153047965093786      0.18063859058509316     0.005905605288462549       0.4992099084984206       0.8345362187420956       21765.916144878724        62.41730933646192       21828.333454215186
                       49        818.7698543933733       0.4764928727931949       0.2650923110845973      0.30516540869924363    -0.012401519163133645   -4.242244258898688e-06        311.8111032432705    -0.004153047966134871        0.180638590585657     0.005905605285996926      0.49920990849868696       0.8345362185400951       21765.916164657832       62.417309345909715       21828.333474003743
                       50        818.7698543931558       0.4764928727931431      0.26509231110346043      0.30516540869828124    -0.012401519163179563   -4.242244258904054e-06       311.81110323620095     -0.00415304796983655       0.1806385905856949     0.005905605286082599      0.49920990849848396       0.8345362187709445        21765.91616120321        62.41730939017177        21828.33347059338
                       51        818.7698543977996      0.47649287279389396       0.2650923105999432      0.30516540869538294    -0.012401519162052514   -4.242244258862966e-06       311.81110314550915    -0.004153047953741937       0.1806385905850435     0.005905605284112763       0.4992099084960022       0.8345362216157113        21765.91593251131         62.4173091972069        21828.33324170852
                       52        818.7698543929508       0.4764928727931579       0.2650923111431336      0.30516540869939407    -0.012401519163263286   -4.242244258894443e-06        311.8111032425662    -0.004153047979401847      0.18063859058561926     0.005905605286209127      0.49920990849869085       0.8345362184823316       21765.916176500174       62.417309504196346        21828.33348600437
                       53        818.6783091475492      0.47649016225921437        0.280381818038979       0.3050582644865083    -0.012435587462827259   -4.239803679003644e-06        307.0886385138699    0.0002207047525419172      0.18060594393130314     0.005959404229529971       0.4990780539455914       0.9863592693434126       15566.158984000269        23.08547774049192        15589.24446174076
                       54        818.6783091501586       0.4764901622595762      0.28038181772827464       0.3050582644871923    -0.012435587462126467   -4.239803678997386e-06        307.0886385115329   0.00022070475990637346      0.18060594393120757    0.0059594042283378865      0.49907805394549176       0.9863592694028341       15566.158961060899        23.08547769338595       15589.244438754286
                       55        818.6783091464646      0.47649016225918034      0.28038181821357533      0.30505826448805895    -0.012435587463206487  -4.2398036789775536e-06       307.08863850254033    0.0002207047547340595      0.18060594393104754     0.005959404230132229      0.49907805394533106       0.9863592695502654       15566.158976913328        23.08547772833948       15589.244454641668
                       56        818.6783091465667      0.47649016225915136      0.28038181818322805       0.3050582644881139    -0.012435587463140944   -4.239803678988503e-06       307.08863851818785     0.000220704745256004       0.1806059439311839      0.00595940423003802       0.4990780539457474       0.9863592690508788       15566.158981202643        23.08547778550066       15589.244458988143
                       57        818.5611860522545       0.4764897326265283      0.30042873978080387      0.30531570757927173    -0.012478686739616805   -4.236217307134925e-06        306.1355775964762   0.00017494931191736843      0.18057179389831837     0.006026976801904426       0.4990584492143536       0.9923381489835171       14685.230337690637        23.48265634711791       14708.712994037754
                       58        817.9755705757806      0.47648758446309764         0.40066334848993        0.306602923043089    -0.012694183123564528   -4.218285447791329e-06       301.37027300950786  -5.3827891205372735e-05      0.18040104373339452     0.006364839663776702       0.4989604255581647       1.0222325471840397       19988.078181760604       25.545129109246787        20013.62331086985
                       59        818.2683783140175       0.4764886585448129      0.35054604413536694      0.30595931531118037    -0.012586434931590666  -4.2272513774631266e-06         303.752925302992    6.056071035599828e-05      0.18048641881585645    0.0061959082328405645       0.4990094373862592       1.0072853480837785       14185.521707002623        24.49793861797422       14210.019645620598
                       60         818.414782183136       0.4764891955856706       0.3254873919580845      0.30563751144522605    -0.012532560835603735   -4.231734342299026e-06        304.9442514497341   0.00011775501113668336       0.1805291063570874    0.0061114425173724955       0.4990339433003064       0.9998117485336477        14147.26041976329        23.98630895499403       14171.246728718284
                       61        818.4147821830713      0.47648919558587427       0.3254873920471866      0.30563751145020857    -0.012532560835766662    -4.23173434224806e-06        304.9442514525533   0.00011775500765216513      0.18052910635662106     0.006111442517578433      0.49903394330047396       0.9998117479334317       14147.260395307268        23.98630897513951       14171.246704282408
                       62        818.4147821801847       0.4764891955856991      0.32548739247842917      0.30563751145264983     -0.01253256083671709  -4.2317343421991365e-06          304.94425142657   0.00011775500877645329      0.18052910635613903      0.00611144251910838       0.4990339432997984       0.9998117485529497       14147.260409031667        23.98630897245485       14171.246718004122
                       63         818.414782183132       0.4764891955856696      0.32548739195872933      0.30563751144517964     -0.01253256083560495  -4.2317343422990525e-06       304.94425144918415    0.0001177550119453221      0.18052910635708552     0.006111442517374908       0.4990339433002466       0.9998117485514821       14147.260419752463        23.98630894991273       14171.246728702376
                       64        818.2282553430467       0.4764952060329405       0.3600260447455348      0.30620271281114975    -0.012605850361112628   -4.224399939602064e-06       303.48837102874296  -6.4182763889501435e-06       0.1804595857867135     0.006224748432562226       0.4989984942169883       0.9903740422639663       13323.826131090713        24.90690163243488       13348.733032723148
                       65        817.2956211426003      0.47652525826929015       0.5327193086827844       0.3090287196407683     -0.01297229798865709   -4.187727926117256e-06       296.20896892378704   -0.0006272847140171177      0.18011198293484398     0.006791278008510881       0.4988212488003978       0.9431855109155591       16547.910037770052       29.903044034097704        16577.81308180415
                       66        817.7619382428235       0.4765102321511153       0.4463726767141587        0.307615716225959     -0.01278907417488486    -4.20606393285966e-06         299.848669976265  -0.00031685149520303303      0.18028578436077874     0.006508013220536554      0.49890987150869304       0.9667797765897628        20303.02179346449        27.32306053858742       20330.344854003077
                       67        817.9950967929351       0.4765027190920279      0.40319936072984675       0.3069092145185544    -0.012697462267998743   -4.215231936230863e-06       301.66852050250395  -0.00016163488579599115      0.18037268507374613      0.00636638082654939      0.49895418286284066       0.9785769094268646       13148.524631986991        26.09450301184143       13174.619134998833
                       68         818.111676067991       0.4764989625624842      0.38161270273769077       0.3065559636648521    -0.012651656314555684   -4.219815937916463e-06        302.5784457656234   -8.402658109247108e-05       0.1804161354302298    0.0062955646295558085      0.49897633853991447       0.9844754758454155       13064.522718872995       25.495582803720733       13090.018301676715
                       69        818.1116760686454      0.47649896256280583       0.3816127027542908       0.3065559636708862    -0.012651656314526274  -4.2198159378595135e-06         302.578445773081   -8.402659454378753e-05      0.18041613542970983     0.006295564629445204       0.4989763385401431       0.9844754750014936       13064.522691428676        25.49558288985964       13090.018274318536
                       70        818.1116760642276      0.47649896256267227      0.38161270346378373       0.3065559636777014    -0.012651656316077006   -4.219815937752208e-06       302.57844573406703   -8.402658453110501e-05      0.18041613542867108    0.0062955646318997435       0.4989763385391091        0.984475475587027       13064.522707964748       25.495582828945594       13090.018290793694
                       71        818.1116760678294      0.47649896256249086       0.3816127027710472      0.30655596366523685     -0.01265165631461792   -4.219815937909577e-06       302.57844576119004    -8.40265790779584e-05      0.18041613543015805     0.006295564629657391       0.4989763385397671       0.9844754759583516        13064.52271757338        25.49558279091683       13090.018300364296
                       72           818.1116760685      0.47649896256250857      0.38161270266081004      0.30655596366421706    -0.012651656314382585   -4.219815937926518e-06       302.57844576902096   -8.402658143691951e-05      0.18041613543032461     0.006295564629282047       0.4989763385399246        0.984475475794646       13064.522715678153        25.49558280544725       13090.018298483601
                       73        817.9209606955842      0.47651287342566373      0.42069743728382925       0.3072842507331678    -0.012731266290260676  -4.2103998245164256e-06       300.42656338247207   -3.325940251849499e-05       0.1803258340878317     0.006418435801623228       0.4989149025466968       0.9829711411378306        12314.88487969735       25.336696610091696       12340.221576307442
                       74        816.9673838335508       0.4765824277415611       0.6161211100145216      0.31092568607474624    -0.013129316168785635   -4.163319257516234e-06        289.6671514667151    0.0002205764903513794      0.17987432737584114     0.007032791661960325      0.49860772258060815       0.9754494675999066        12261.08427079549       24.695770815572303       12285.780041611062
                       75        793.1279622827153      0.47832128563899695        5.501712928281823       0.4019615696142082    -0.023080563131909607   -2.986305082511449e-06        20.68185357279083     0.006566473812098266       0.1685866595760767      0.02239168817038776      0.49092822342839265       0.7874076291518056       285222.48035987845         91.8212616665059       285314.30162154493
                       76         805.047673058133      0.47745185669027906        3.058917019148172      0.35644362784447725    -0.018104939650347623  -3.5748121700138417e-06       155.17450251975293    0.0033935251512248214       0.1742304934759589     0.014712239916174041       0.4947679730045004       0.8814285483758562        65020.03761260856        38.27086342519326        65058.30847603375
                       77        811.0075284458419      0.47701714221592006       1.8375190645813468      0.33368465695961175    -0.015617127909566628   -3.869065713765037e-06       222.42082699323402    0.0018070508207881008          0.1770524104259     0.010872515789067182      0.49668784779255426       0.9284390079878814       17426.898625013222       26.486403916421317       17453.385028929642
                       78        813.9874561396963       0.4767997849787406       1.2268200872979342        0.322305171517179    -0.014373222039176133   -4.016192485640635e-06       256.04398922997456    0.0010138136555697405      0.17846336890087056     0.008952653725513753       0.4976477851865812        0.951944237793894        8539.375888987797       24.341859065006446        8563.717748052804
                       79        813.9874579777415      0.47679978473006485       1.2268201190541923       0.3223051715156897    -0.014373218125814536   -4.016192485396139e-06        256.0439898147004    0.0010138368384518415      0.17846336882747862     0.008952654567992898       0.4976477851307215        0.951944232619077         8539.35575662203       24.341729236489474         8563.69748585852
                       80        813.9874568307155      0.47679978461426487       1.2268201185730891      0.32230517151486565     -0.01437322344029757  -4.0161924857511085e-06         256.043989585492     0.001013813870837263       0.1784633690070025     0.008952655048005602       0.4976477851302023       0.9519442347774818        8539.375516690894       24.341861245557748        8563.717377936451
                       81         813.987460388874      0.47679978345644336       1.2268202305909703      0.32230517150761434    -0.014373221698995124   -4.016192485698465e-06        256.0439908247302     0.001013813096085633      0.17846336917531358     0.008952659107619363      0.49764778493124145       0.9519442242501471         8539.37457561473       24.341861645866235        8563.716437260595
                       82        813.9874569814161      0.47679978465344824       1.2268200841262384      0.32230517151530824    -0.014373222084295026   -4.016192485657157e-06        256.0439893583376    0.0010138136028533095      0.17846336897263057     0.008952653281328249      0.49764778512604313       0.9519442367622523         8539.37586501302       24.341859396298382        8563.717724409318
                       83        842.0094904084889       0.4663260742793599       1.6585621634192282      0.32224218718930986    -0.014581061881461466   -4.016698898983878e-06       263.53646630836556   -0.0009626004181877241      0.18058277050340724     0.019913233226385153       0.4957951674586521       0.8892662064050129        5552.281639711807        39.75774959587891        5592.039389307685
                       84        842.0094900132558      0.46632607355849415       1.6585621697660518       0.3222421871843525     -0.01458106192222941   -4.016698900177444e-06       263.53646642917477   -0.0009626004515874836      0.18058277096750325      0.01991323361038251       0.4957951673663865       0.8892662053916043        5552.281570248153         39.7577500668721        5592.039320315025
                       85        824.9921325729773       0.4352881035638414       1.9318343234498911      0.32202874007684734      -0.0163363876609457  -4.0680897153919485e-06        268.7380888528703   -0.0024006778799055078      0.20056513031281517      0.03644682336726251       0.4918225327824096       0.8456323573206219        6061.187323811389        64.60897540246182        6125.796299213851
                       86        833.5008114907331      0.45080708892160065       1.7951982434345588       0.3221354636330786    -0.015458724771203582   -4.042394307187913e-06       266.13727758061793   -0.0016816391490466157       0.1905739504081112     0.028180028296823825       0.4938088501205309       0.8674492818628174        5669.581676344515       51.040388038829164        5720.622064383344
                       87         837.755150949611      0.45856658160048025       1.7268802034268926       0.3221888254111942    -0.015019893326332525   -4.029546603085896e-06       264.83687194449175   -0.0013221197836171695       0.1855783604557592     0.024046630761604494      0.49480200878959146       0.8783577441339151        5533.114413972883        45.11332520226873        5578.227739175152
                       88         835.627981220172       0.4546868352610405       1.7610392234307266      0.32216214452213643    -0.015239309048768053   -4.035970455136904e-06       265.48707476255487   -0.0015018794663318926       0.1880761554319352     0.026113329529214163       0.4943054294550612       0.8729035129983662       5146.6343986549155        48.00542071677762        5194.639819371693
                       89        836.6915660848915      0.45662670843076036       1.7439597134288096       0.3221754849666653    -0.015129601187550289     -4.0327585291114e-06        265.1619733535233    -0.001411999624974531      0.18682725794384722     0.025079980145409325       0.4945537191223263       0.8756306285661407       5415.1240186769965        46.54151398358034        5461.665532660577
                       90        836.1597736525318       0.4556567718459004       1.7524994684297681      0.32216881474440084    -0.015184455118159171   -4.034364492124152e-06       265.32452405803906   -0.0014569395456532127       0.1874517066878912     0.025596654837311744       0.4944295742886938       0.8742670707822535        5294.988225535261        47.26900260619329        5342.257228141455
                       91         835.893877436352       0.4551718035534704       1.7567693459302465      0.32216547963326864    -0.015211882083463612   -4.035167473630528e-06       265.40579941029694   -0.0014794095059925518       0.1877639310599132     0.025854992183262954      0.49436750187187745       0.8735852918903099        5200.999290853069        47.63609547548902       5248.6353863285585
                       92         835.760929328262      0.45492931940725545       1.7589042846804865       0.3221638120777025    -0.015225595566115833  -4.0355689643837165e-06       265.44643708642593   -0.0014906444861622226       0.1879200432459242      0.02598416085623856      0.49433646566346934       0.8732444024443381        5151.991606303956        47.82047904963422         5199.81208535359
                       93         835.694455274217      0.45480807733414796       1.7599717540556075      0.32216297829991947    -0.015232452307441944   -4.035769709760311e-06       265.46675592449037   -0.0014962619762470576      0.18799809933892972      0.02604874519272636      0.49432094755926526       0.8730739577213522         5137.39911697886       47.912880121581146        5185.311997100441
                       94        835.6612182471946       0.4547474562975942        1.760505488743167      0.32216256141102795    -0.015235880678104998  -4.0358700824486076e-06        265.4769153435226   -0.0014990707212894751      0.18803712738543246     0.026081037360970262       0.4943131885071632       0.8729887353598592        5137.437448501109        47.95913297877319        5185.396581479883
                       95        835.6778367607058      0.45477776681587107       1.7602386213993864       0.3221627698554737    -0.015234166492773472   -4.035819896104458e-06        265.4718356340065   -0.0014976663487682668       0.1880176133621811     0.026064891276848308      0.49431706803321424       0.8730313465406057        5136.534851640482        47.93600219007562        5184.470853830558
                       96        835.6778369457041      0.45477776652477314       1.7602386211451684       0.3221627698533844    -0.015234166496324402   -4.035819896181934e-06        265.4718356571633    -0.001497666330991937      0.18801761343215226     0.026064891349491477      0.49431706795954355       0.8730313464650639        5136.534833259115        47.93600207829066        5184.470835337405
                       97        835.6778390440691       0.4547777652560123       1.7602386203251204      0.32216276984446895    -0.015234166476435268   -4.035819895334685e-06        265.4718357076662   -0.0014976662308946436      0.18801761341695902      0.02606489163093316      0.49431706755917454       0.8730313466138919        5136.534734329783        47.93600130065528        5184.470735630438
                       98        835.6778371674059       0.4547777665040822       1.7602386231056535      0.32216276985308623    -0.015234166488375996   -4.035819895829104e-06         265.471835655892    -0.001497666354998278       0.1880176133548252     0.026064891368097733      0.49431706793377317       0.8730313463728638        5136.534844804913       47.936002272626574       5184.4708470775395
                       99         835.677837075803       0.4547777663648899       1.7602386200382742      0.32216276985168085    -0.015234166485270071  -4.0358198956669235e-06       265.47183563045905    -0.001497666347453905      0.18801761335321826     0.026064891354378172      0.49431706787629054       0.8730313465846393        5136.534843252022       47.936002192420965       5184.4708454444435
                      100        921.6335008234172       0.3907468770509783       1.9731514878913377       0.3216841555069333    -0.014410232559734663  -3.9875015248041896e-06         269.412804307807    -0.000767184444159426      0.18779053424684491     0.043313141179801895      0.47419113341442976       0.8513629163973612        7998.831050660719        51.08278366680114         8049.91383432752
                      101        878.6556687920615      0.42276232193342467        1.866695054645362       0.3219234626812035    -0.014822199526254068   -4.011660710454324e-06       267.44231997090674   -0.0011324253964638464        0.187904073804513     0.034689016228325105      0.48425410072382197       0.8621971314689835        5398.550111373936        48.55810948030454         5447.10822085424
                      102        857.1667527763836       0.4387700443746479       1.8134668380223733       0.3220431162683386    -0.015028183009513769   -4.023740303279392e-06       266.45707780245664   -0.0013150458726160557      0.18796084358334705     0.030376953752586706       0.4892855843785181       0.8676142390047946        4616.828460860991        48.00923497315662        4664.837695834148
                      103        867.9112107842226       0.4307661831540363       1.8400809463338685      0.32198328947477106    -0.014925191267883917   -4.017700506866858e-06        266.9496988866817    -0.001223735634539952      0.18793245869393002     0.032532984990455906      0.48676984255117006        0.864905685236889         4586.98995354271        48.22421701122224       4635.2141705539325
                      104        862.5389817803031       0.4347681137643421        1.826773892178121       0.3220132028715548    -0.014976687138698843   -4.020720405073125e-06       266.70338834456913   -0.0012693907535780034      0.18794665113863854     0.031454969371521306       0.4880277134648441       0.8662599621208418        4558.751267305033        48.10186218831233       4606.8531294933455
                      105        862.5389853330772       0.4347681141595574       1.8267738987784963       0.3220132028744054    -0.014976663932913626   -4.020720403520546e-06         266.703388346735   -0.0012693897784688277       0.1879466505151055      0.03145496874641964        0.488027713462053        0.866259962040594        4558.327122784129       48.101797838598515        4606.428920622728
                      106        862.5389817993133      0.43476811375375196       1.8267738921031178      0.32201320287148105    -0.014976687147146355   -4.020720405072337e-06        266.7033883493615   -0.0012693900786421401      0.18794665114046535      0.03145496938259059      0.48802771346212603       0.8662599620804182        4558.750910197864       48.101856695815506       4606.8527668936795
                      107        862.5389817900755       0.4347681137542527       1.8267738921189967       0.3220132028714822     -0.01497668710828988  -4.0207204050682655e-06       266.70338834387127   -0.0012693907515911526      0.18794665113958375      0.03145496938186712       0.4880277134620323       0.8662599621312752        4558.750721513402       48.101862104079274        4606.852583617481
                      108        862.5598667427419       0.4347571582082959       1.8266973959588295       0.3220131265977659    -0.014978846873943755   -4.020719134899202e-06       266.70839578806533   -0.0005639235170252135       0.1879483814398957     0.031466359782344785       0.4880248716418281       0.8662177079822843        4307.977796285441        42.66720381591758        4350.645000101359
                      109        862.5598667419258       0.4347571582076857       1.8266973959379111      0.32201312659715586    -0.014978846873971172  -4.0207191349644474e-06        266.7083957885046   -0.0005639235129978309      0.18794838144064638      0.03146635978298176       0.4880248716389849       0.8662177079912383        4307.977795891379       42.667203787034786        4350.644999678414
                      110        862.5598667428255       0.4347571582082432        1.826697395958842       0.3220131265977177     -0.01497884687394508    -4.02071913489441e-06        266.7083957879046   -0.0005639235163015545      0.18794838143986403     0.031466359782375226      0.48802487163876185        0.866217707986153        4307.977796261645        42.66720381069365        4350.645000072339
                      111        862.5434601083309       0.4347366048937912       1.8261235944712872      0.32199290465569613    -0.014979695329280167   -4.022166888120042e-06       266.70890931770646   -0.0004012672065710947      0.18796672426020009     0.031486046317962944       0.4877263414615389       0.8667417920674432       4303.2166338637235        41.51539688449245        4344.732030748216
                      112        862.5434601084658      0.43473660489383814       1.8261235944737795       0.3219929046557404    -0.014979695329276047   -4.022166888108673e-06        266.7089093174567  -0.00040126720712870077      0.18796672426009012     0.031486046317899356       0.4877263414583018       0.8667417920692662        4303.216633830376        41.51539688839781        4344.732030718774
                      113        862.5434601084348       0.4347366048937052       1.8261235944710261      0.32199290465559155     -0.01497969532927869   -4.022166888111104e-06        266.7089093173215    -0.000401267206555817      0.18796672426015004      0.03148604631800896      0.48772634145225996       0.8667417920751256        4303.216633830097        41.51539688443318         4344.73203071453
                      114        862.5434601093104       0.4347366048930527       1.8261235944694185       0.3219929046549203    -0.014979695329274905   -4.022166888042236e-06        266.7089093150516  -0.00040126720391314274      0.18796672425976033      0.03148604631836728      0.48772634138682247       0.8667417921263277        4303.216633637975        41.51539686615635        4344.732030504131
                      115        862.5434601084863      0.43473660489365873       1.8261235944703653       0.3219929046555238    -0.014979695329277953  -4.0221668881072415e-06         266.708909318521  -0.00040126720658052034      0.18796672426012853      0.03148604631803424       0.4877263414471081       0.8667417920696715        4303.216633827184       41.515396884571494        4344.732030711755
                      116        862.5434601424812       0.4347366048678907       1.8261235943303298       0.3219929046221484    -0.014979695328784987   -4.022166885325946e-06       266.70890948303787  -0.00040126720949636065      0.18796672424371488      0.03148604633123104      0.48772633850675495       0.8667417925029595        4303.216626089043        41.51539690700228        4344.732022996045
                      117        862.5434601100488      0.43473660489283544       1.8261235944698804      0.32199290465460717    -0.014979695329259884  -4.0221668879849715e-06       266.70890932354104    -0.000401267205132407      0.18796672425930855     0.031486046318373116        0.487726341344094       0.8667417920839404        4303.216633551651       41.515396874393474        4344.732030426045
                      118        866.4444922395378       0.4316917747844978       1.8086937465396584       0.3180645262594038    -0.014924026527926246   -3.702396996514056e-06        284.8081878914637   -0.0004937080101420398      0.18610510231129662     0.033067791352435504      0.14530555657686528       0.9253928037885855         3896.70251954904        45.60340310690022       3942.3059226559403
                      119        866.4444922348393       0.4316917747864939       1.8086937465271085       0.3180645262614475     -0.01492402652800745  -3.7023969969044004e-06       284.80818787745653   -0.0004937080076495874       0.1861051023139794     0.033067791351761924      0.14530555688232738       0.9253928037551052        3896.702517950677        45.60340308359724        3942.305921034274
                      120        866.4444922368186       0.4316917747865705       1.8086937465500927      0.31806452626212095    -0.014924026527966655  -3.7023969967379686e-06        284.8081878792067   -0.0004937080096001434       0.1861051023126067      0.03306779135136319      0.14530555681492185       0.9253928037406826       3896.7025195145507         45.6034030984399       3942.3059226129903
                      121        866.1537030368781       0.4318709544139799       1.8089900912544827       0.3182840586243408    -0.014928652844195176   -3.726434775642087e-06        283.6895867851534   -0.0003940585085302562        0.186256433190303      0.03298471707063332      0.16792646061674016       0.9215908534221595        3884.458965672119        44.48596717349414        3928.944932845613
                      122         866.299097638208       0.4317813645992388       1.8088419188970715       0.3181742924418723     -0.01492633968606071  -3.7144158860780717e-06        284.2488873383085    -0.000443883259336148       0.1861807677507998      0.03302625421153441       0.1566160085968027       0.9234918286053725       3881.0805562616865        45.03967713791318          3926.1202333996
                      123         866.226400337543      0.43182615950660935        1.808916005075778      0.31822917553310653    -0.014927496265127942  -3.7204253308600796e-06       283.96923706173095   -0.0004189708839332021      0.18621860047055142      0.03300548564108387      0.16227123460677145        0.922541341013766        3879.800163723896        44.76157015513266       3924.5617338790285
                      124        866.2264038507968      0.43182615974440974       1.8089160085168032      0.31822917553611807     -0.01492747179854423   -3.720425329315359e-06        283.9692370511747   -0.0004189713487293238      0.18621859983623285      0.03300548508257998       0.1622712346069114       0.9225413409751884        3879.780010053312        44.76151430279992       3924.5415243561115
                      125        866.2264001870383      0.43182615931854645       1.8089160013677255      0.31822917553297153    -0.014927496244389864   -3.720425330949035e-06        283.9692370546274  -0.00041897160052065813      0.18621860048891387     0.033005485724180904       0.1622712346069775       0.9225413410092692       3879.8001357466574        44.76157521624841       3924.5617109629056
                      126        866.2264001504049      0.43182615926878715       1.8089160003851923      0.31822917553291946    -0.014927496415661587   -3.720425330984619e-06         283.969237058061  -0.00041897091807463916      0.18621860049843053      0.03300548574944811      0.16227123460729947       0.9225413409608219        3879.800307489945        44.76157081302547        3924.561878302971
                      127        866.2135773988604       0.4318101106573812       1.8085995607846037       0.3182291640313987    -0.014925580264332442  -3.7204329136354215e-06        283.9686309225615   -0.0004801012109109451      0.18622016383856038      0.03301257424138002      0.16227125220109057       0.9225409553602116        3878.305255712099        45.19539057475491        3923.500646286854
                      128        866.2135773988609      0.43181011065734287       1.8085995607833318       0.3182291640315704    -0.014925580264329392  -3.7204329136340366e-06        283.9686309219134  -0.00048010121089517126      0.18622016383854778      0.03301257424138611      0.16227125220156263       0.9225409553540531       3878.3052557062956        45.19539057462996       3923.5006462809256
                      129         866.213577398667      0.43181011065709207       1.8085995607753809      0.31822916403067825    -0.014925580264314831   -3.720432913642563e-06       283.96863092076114  -0.00048010121127397415      0.18622016383862733       0.0330125742415144      0.16227125220301963       0.9225409553408938       3878.3052556919833        45.19539057733607       3923.5006462693195
                      130        866.2135773988061       0.4318101106571645       1.8085995607746064       0.3182291640307839    -0.014925580264332989  -3.7204329136419746e-06       283.96863091651034  -0.00048010121037709175      0.18622016383859855      0.03301257424146139       0.1622712522043394       0.9225409553307032        3878.305255683761        45.19539057098637       3923.5006462547476
                      131        866.2135773983942      0.43181011065650005        1.808599560746238       0.3182291640269533    -0.014925580264332149  -3.7204329136786448e-06       283.96863090220535  -0.00048010120967406037      0.18622016383888146      0.03301257424180913      0.16227125221136757       0.9225409552825538       3878.3052556306034         45.1953905662059        3923.500646196809
aborted minimisation     
Minimisation aborted as it proceeded too slow                
 restart
                      132        866.2135773983942      0.43181011065650005        1.808599560746238       0.3182291640269533    -0.014925580264332149  -3.7204329136786448e-06       283.96863090220535  -0.00048010120967406037      0.18622016383888146      0.03301257424180913      0.16227125221136757       0.9225409552825538       3878.3052556306034         45.1953905662059        3923.500646196809
                      133        866.2135804235269        0.431810110173476       1.8085995499288998      0.31822916402943235    -0.014925555893431579  -3.7204329125005346e-06        283.9686308912162  -0.00048010031682809687      0.18622016327824775     0.033012573993954554       0.1622712522135994       0.9225409549730922       3878.3023790576626         45.1953254337464        3923.497704491409
                      134        866.2135767956195       0.4318101097479232       1.8085995427700947       0.3182291640263161    -0.014925580208443591   -3.720432914118985e-06       283.96863089382725   -0.0004801005756858978      0.18622016393051868      0.03301257466557631       0.1622712522136791       0.9225409550114835       3878.3052380845875       45.195386109679234       3923.5006241942665
                      135        866.2135730921078      0.43181010420418053       1.8085994335465898          0.3182291640225    -0.014925579015361257  -3.7204329167486598e-06        283.9686308205747   -0.0004801010995430785      0.18622016446787218     0.033012577237797165       0.1622712522267804       0.9225409536333927        3878.304976999773        45.19538828242747          3923.5003652822
                      136        866.1505796204997       0.4317151468949491        1.806720724253676      0.31822909743847805    -0.014919670279382227   -3.720478933416202e-06        283.9677543471468   -0.0004140096723162975         0.18622973995751     0.033056864856771485      0.16227149377508115       0.9225126338650839        3877.609125182638       44.733521844892074         3922.34264702753
                      137        866.1505796198913      0.43171514689402474       1.8067207242344612      0.31822909743820516    -0.014919670279327205  -3.7204789334185075e-06       283.96775434442077   -0.0004140096721036491      0.18622973995761313      0.03305686485720328      0.16227149377637023       0.9225126338654533       3877.6091251626153        44.73352184351515       3922.3426470061304
                      138        866.1505796128338      0.43171514688270224        1.806720724002739       0.3182290974420608    -0.014919670278632861  -3.7204789334010594e-06        283.9677543003923  -0.00041400966983244256         0.18622973995849      0.03305686486230329       0.1622714937947829       0.9225126338510425        3877.609124884975       44.733521829029975        3922.342646714005
                      139         866.150579619135       0.4317151468927062       1.8067207242070182       0.3182290974393441    -0.014919670279246622  -3.7204789334122843e-06        283.9677543412105   -0.0004140096724302979      0.18622973995767214      0.03305686485777085      0.16227149378477768       0.9225126338423278        3877.609125115167        44.73352184579487       3922.3426469609617
                      140        866.1505795444544       0.4317151467726261        1.806720721700568      0.31822909745798067    -0.014919670272055813    -3.72047893337714e-06       283.96775406480435  -0.00041400967475899186      0.18622973996786232      0.03305686491203625      0.16227149427430143       0.9225126327536688        3877.609121729369        44.73352186780985       3922.3426435971787
                      141        866.1505796166888       0.4317151468889996       1.8067207241347578       0.3182290974386209    -0.014919670279021137   -3.720478933417905e-06        283.9677543416617    -0.000414009670468287      0.18622973995806735      0.03305686485950557      0.16227149378736688       0.9225126338434139       3877.6091251106764        44.73352183221064        3922.342646942887
                      142        863.4010602826411      0.42725767821661614       1.7141945557748812       0.3194584766700188    -0.014650659759844545   -3.715702673432465e-06        272.3501547494809  -0.00038325463275205884      0.18658054460199153       0.0350591855218632      0.17920343407372147       0.8853077625982373       3818.3618032481468       44.902145906234004        3863.263949154381
                      143        863.4010566646933       0.4272576777549537       1.7141945492662707      0.31945847666683735    -0.014650684077677358  -3.7157026750702655e-06        272.3501547527379  -0.00038325494586579826      0.18658054524571388      0.03505918618087597      0.17920343407383682       0.8853077626530957       3818.2702857211034         44.9022054744798        3863.172491195583
                      144        863.4010602589752       0.4272576781688761       1.7141945566889074        0.319458476669927    -0.014650659757960097   -3.715702673453649e-06       272.35015475060436  -0.00038325462867731607      0.18658054460786372      0.03505918555277798       0.1792034340737571       0.8853077626058589       3818.3618021431394        44.90214589310585        3863.263948036245
                      145         863.401057539953      0.42725767275180715        1.714194659948605      0.31945847665954047    -0.014650659678050572  -3.7157026758668407e-06        272.3501548745617   -0.0003832550477575188      0.18658054526917017     0.035059189020564714      0.17920343407726935       0.8853077634982812        3818.361119333339        44.90215088736346       3863.2632702207025
                      146        861.5579760190468       0.4235400851924643       1.7853700608340048       0.3194513263057542    -0.014505080634313001   -3.717352345095272e-06        272.4376340348181   -6.730672788631198e-05      0.18703783659960377     0.037466524046197706      0.17920620689496192       0.8859013120473916       3771.0932277079464        44.02006064775893        3815.113288355705
                      147        861.5579760087118        0.423540085172325       1.7853700612054695       0.3194513263041552    -0.014505080633542573  -3.7173523451451543e-06        272.4376340336481   -6.730672889513039e-05      0.18703783660241993     0.037466524059342435      0.17920620689448602       0.8859013120722887        3771.093226973509        44.02006066185287       3815.1132876353618
                      148        861.5579759898244      0.42354008513266544       1.7853700619915287       0.3194513263071777    -0.014505080631956838    -3.71735234507874e-06        272.4376340270016   -6.730672821455528e-05        0.187037836606577     0.037466524084758424      0.17920620689363526       0.8859013120835815       3771.0932266248824        44.02006067168215       3815.1132872965645
                      149        861.5579760238392      0.42354008520179914       1.7853700606578666      0.31945132630632356    -0.014505080634674266   -3.717352345076337e-06         272.437634034173   -6.730673047326927e-05      0.18703783659831516      0.03746652404007303      0.17920620689427436       0.8859013120351674        3771.093227457662         44.0200606614772       3815.1132881191393
                      150         859.498020737128       0.4193060868773776        1.867370496909924       0.3195772698913803    -0.014338140400002607  -3.7154817796094634e-06         271.770524858363  -0.00029831959296466165      0.18752430311592694     0.040191566981902335       0.1790461793255766       0.8881826665676218       3712.4360180052477        47.20600547486846        3759.642023480116
                      151        859.4980207355727       0.4193060868749151       1.8673704969399818       0.3195772698890228    -0.014338140399930263  -3.7154817796533266e-06        271.7705248620511   -0.0002983195941914011      0.18752430311657137      0.04019156698357928       0.1790461793252497       0.8881826665645328        3712.436017610122        47.20600548429524        3759.642023094417
                      152        859.4980207214627      0.41930608684606613       1.8673704974984027       0.3195772698901054    -0.014338140398790087   -3.715481779644758e-06       271.77052486314903  -0.00029831959185607664       0.1875243031199387      0.04019156700219102      0.17904617932477263       0.8881826665497802       3712.4360177181993        47.20600547953363        3759.642023197733
                      153        859.4980207381788       0.4193060868794941       1.8673704968659859      0.31957726989130597    -0.014338140400087535   -3.715481779610823e-06        271.7705248612767   -0.0002983195933473188      0.18752430311567647     0.040191566980511996       0.1790461793248223        0.888182666541015        3712.436017915361       47.206005476533655        3759.642023391895
                      154        859.4980207360366      0.41930608687501186       1.8673704969479736      0.31957726989117935     -0.01433814039991543   -3.715481779610189e-06       271.77052485968454  -0.00029831959584279466       0.1875243031161789      0.04019156698334275      0.17904617932302352        0.888182666533244        3712.436017754658        47.20600549560572        3759.642023250264
                      155         859.498020726189        0.419306086854654       1.8673704973457568       0.3195772698924521     -0.01433814039910605  -3.7154817795922902e-06       271.77052485621317   -0.0002983195949717415      0.18752430311845109      0.04019156699643274      0.17904617932216005       0.8881826665385767       3712.4360179136374        47.20600549775757        3759.642023411395
                      156        858.2369867670141       0.4167734302092801       1.9139061944469358       0.3194505045547953    -0.014240756515296897  -3.7186693435257393e-06        272.7471433936434  -0.00044172679103324415      0.18784753666689163     0.041822930854023395       0.1786769976902498       0.8798563533655716        3685.654775589498       49.207537326421594       3734.8623129159196
                      157         858.236986741844      0.41677343015796015       1.9139061954265006      0.31945050455554397    -0.014240756513283145   -3.718669343528473e-06        272.7471433929294   -0.0004417267913785389      0.18784753667299187      0.04182293088708456       0.1786769976865582       0.8798563533210167       3685.6547752976917        49.20753735040845          3734.8623126481
                      158        858.2369867630451      0.41677343020125496       1.9139061945975957       0.3194505045545583    -0.014240756514985999   -3.718669343530785e-06       272.74714338973047  -0.00044172679122819394      0.18784753666788284      0.04182293085920195      0.17867699768926287       0.8798563533775756        3685.654775538968         49.2075373313376       3734.8623128703057
                      159        858.2369867592669       0.4167734301936162       1.9139061947365743      0.31945050455430724     -0.01424075651469161  -3.7186693435387938e-06        272.7471433925914   -0.0004417267914519575      0.18784753666884021      0.04182293086410522      0.17867699768741585       0.8798563533374122       3685.6547755304364        49.20753733600149        3734.862312866438
                      160        858.2369867483053      0.41677343017177704       1.9139061951144303       0.3194505045517148     -0.01424075651387303   -3.718669343588748e-06       272.74714338527804   -0.0004417267926925721      0.18784753667178125     0.041822930878133976      0.17867699767831818       0.8798563532675947       3685.6547754966264        49.20753735424509       3734.8623128508716
                      161        856.9153436863431      0.41410332266575256       1.9632583638577223       0.3193543918789239    -0.014137703753304065  -3.7209886418449516e-06        272.2243542183496   -0.0005146458626473404      0.18818070320483252      0.04354232057579984      0.17818743305808932       0.8769985792463388        3680.727053004308       50.901849297408205        3731.628902301716
                      162        857.5761652266787       0.4154383764375163         1.93858227915233       0.3194024482168596    -0.014189230134300481  -3.7198289926853454e-06        272.4857488059965  -0.00047818632684029226       0.1880141199358621      0.04268262571491162      0.17843221537416953       0.8784274663059553       3681.1924109008255        50.04573087656602       3731.2381417773913
                      163        857.2457544565109      0.41477084955163446       1.9509203215050253      0.31937842004789174    -0.014163466943802272   -3.720408817265148e-06        272.3550515121731   -0.0004964160947438164      0.18809741157034732     0.043112473145355726      0.17830982421612945        0.877713022776147        3680.321422539186        50.47154947814989        3730.792972017336
                      164        857.2457544570551      0.41477084955276056       1.9509203214810462       0.3193784200476861    -0.014163466943848423   -3.720408817267191e-06        272.3550515097669   -0.0004964160946855492      0.18809741157022766      0.04311247314462628      0.17830982421546043       0.8777130227779264        3680.321422522196        50.47154947732735        3730.792971999523
                      165        857.2457544566054       0.4147708495518467       1.9509203214863629      0.31937842004717787     -0.01416346694382012   -3.720408817273793e-06       272.35505149705364   -0.0004964160941752548      0.18809741157037294      0.04311247314517662      0.17830982421092617       0.8777130227651065        3680.321422452587        50.47154947450162       3730.7929719270883
                      166        857.2457544471308       0.4147708495328589        1.950920321832303      0.31937842004562667     -0.01416346694309475  -3.7204088173009717e-06       272.35505149878963   -0.0004964160947278797       0.1880974115728262      0.04311247315742354       0.1783098242076922       0.8777130227384145       3680.3214224531034       50.471549486755286       3730.7929719398585
aborted minimisation     
Minimisation aborted as it proceeded too slow               
 finished