                   sim_nr                        h                    alpha                  sca_sto                       wg               gammatheta                   gammaq                      CO2                   advCO2                      z0m                      z0h                    FracH         obs_sca_cf_CO2mh                     data               background                    Costf
                        1        739.2664755740092        0.700368007651196      0.10358005726433328      0.14887826379457847     0.009543859967542704  -1.9893886681580474e-06         364.881564901611     0.004958188843573264      0.04822687489689971     0.012535078637970811      0.10305920279224029       0.8045740395686128        311902.7463626789                      0.0        311902.7463626789
                        2        739.2664751073526       0.7003680075863008      0.10358007508660982      0.14887826379403024     0.009543858996958362  -1.9893886682257812e-06        364.8815644125302    0.0049581609287189105      0.04822687496626535      0.01253507871149503      0.10305920279329478       0.8045740428854254        311902.0300615903    5.050520223325539e-10       311902.03006159083
                        3        739.2664755547546       0.7003680076295475      0.10358006734172243      0.14887826379454508     0.009543859880890246  -1.9893886681672195e-06       364.88156480367803     0.004958188884047592      0.04822687491055675      0.01253507866137058      0.10305920279318326       0.8045740402629498       311902.74591730116   1.9556815569519393e-15       311902.74591730116
                        4        737.5180053865867       0.6987151425736466       0.8645614764838907      0.14887541047660768    0.0024440524471432057  -1.9901163472641526e-06        357.2712591086109    -0.011035663500452727      0.04928894498817912     0.014323960801449556      0.10312999424258579       0.8584278901075247        43321.48813737512       171.70643205029018        43493.19456942541
                        5        737.5180038664045        0.698715140787862       0.8645616853040092      0.14887541046866434    0.0024440530455717415   -1.990116347700566e-06        357.2712539478117    -0.011035665600842471      0.04928894606694312      0.01432396298174604      0.10312999421701774       0.8584279278374113        43321.47707331883       171.70647493953422        43493.18354825836
                        6         737.517939769522       0.6987150604271475        0.864571089716371      0.14887541011334482    0.0024441009749853002  -1.9901163661422563e-06         357.271023354998    -0.011035573782762013      0.04928899433338276     0.014324061042664798      0.10312999305330606       0.8584296153396196        43320.99113024557        171.7045094380093        43492.69563968358
                        7        737.5180049401234        0.698715138984181       0.8645615575263399      0.14887541046220085     0.002444026200220129  -1.9901163493610657e-06       357.27125284023475    -0.011035658138772152      0.04928894671831348     0.014323965005234406      0.10312999414909613       0.8584279371516796        43321.47627674421       171.70636262460334        43493.18263936881
                        8         729.326339377782        0.687245307873906       2.0637373976292794      0.14882528265376083   -0.0029933826582518985   -1.993302894558977e-06       326.03557169598446   -9.860550818895086e-05       0.0560024186364157     0.028246539409593797      0.10294657961209025       1.0874836863118185         9903.44735429307        39.72007235435422        9943.167426647424
                        9        688.3680093337591       0.6298961343752028        8.059617003356228      0.14857464353952662    -0.030180558185227416  -2.0092356310330978e-06       169.85713463285262     0.054586684453129926      0.08956978687759862        0.097859432450315       0.1020295064596125       2.2327626673332874        735608.8462348371       1910.6215657728167        737519.4678006099
                       10        708.8471743557706       0.6585707211245544        5.061677200492754       0.1486999630966437    -0.016586970421739657  -2.0012692627960372e-06       247.94635316441855      0.02724403947247049      0.07278610275700717      0.06305298592995441      0.10248804303585135       1.6601231768225528       190780.47410502148       447.91388325147267       191228.38798827294
                       11        719.0867568667762       0.6729080144992302       3.5627072990610174      0.14876262287520228    -0.009790176539995778   -1.997286078677507e-06       286.99096243020153     0.013572716982140772      0.06439426069671143       0.0456497626697741      0.10271731132397083       1.3738034315671857        54011.75599349097       112.00274384988518        54123.75873734086
                       12        724.2065481222792       0.6800766611865681        2.813222348345149      0.14879395276448154   -0.0063917795991238376   -1.995294486618242e-06         306.513267063093    0.0067370557369759105      0.06019833966656357      0.03694815103968395      0.10283194546803054       1.2306435589395022        21358.94268077537        42.90784961386261        21401.85053038923
                       13        726.7664437500307        0.683660984530237        2.438479872987214      0.14880961770912118    -0.004692581128687869  -1.9942986905886094e-06       316.27441937953876    0.0033192251143934802     0.058100379151489634      0.03259734522463888      0.10288926254006037       1.1590636226256603        12793.83528180171        33.07557136204415       12826.910853163754
                       14        728.0463915639064       0.6854531462020714       2.2511086353082472      0.14881745018144102   -0.0038429818934698837   -1.993800792573793e-06       321.15499553776164    0.0016103098031022647      0.05705139889395267     0.030421942317116334      0.10291792107607534       1.1232736544687394        10453.32379761197        34.33822445268312       10487.662022064655
                       15        728.6863654708441       0.6863492270379887        2.157423016468763      0.14882136641760094     -0.00341818227586089   -1.993551843566385e-06        323.5952836168731    0.0007558521474566567      0.05652690876518419     0.029334240863355066      0.10293225034408277        1.105378670390279           9845.439399526        36.51424905213965         9881.95364857814
                       16        728.3663785173752       0.6859011866200302       2.2042658258885055      0.14881940829952098    -0.003630582084665386   -1.993676318070089e-06        322.3751395773173      0.00118308097527946      0.05678915382956843     0.029878091590235703      0.10292508571007902        1.114326162429509       10055.648300289957        35.29751191456663       10090.945812204523
                       17        728.5263719941098       0.6861252068290095       2.1808444211786338      0.14882038735856093    -0.003524382180263139   -1.993614080818237e-06        322.9852115970952    0.0009694665613680584      0.05665803129737631     0.029606166226795384       0.1029286680270809       1.1098524164098942        9925.008846805884        35.87369927389195        9960.882546079776
                       18         728.606368732477       0.6862372169334992       2.1691337188236988      0.14882087688808093   -0.0034712822280620146  -1.9935829621923113e-06        323.2902476069841    0.0008626593544123588      0.05659247003128025      0.02947020354507523      0.10293045918558186       1.1076155434000865       10149.207257166887        36.18592886065049       10185.393186027537
                       19        728.6463671016605       0.6862932219857439       2.1632783676462317      0.14882112165284092   -0.0034447322519614524   -1.993567402879348e-06       323.44276561192856    0.0008092557509345073      0.05655968939823222      0.02940222220421515      0.10293135476483228       1.1064971068951828        9385.306567361844       36.348077630803765        9421.654644992648
                       20        728.6263679170687       0.6862652194596215       2.1662060432349657      0.14882099927046094   -0.0034580072400117335  -1.9935751825358295e-06       323.36650660945634    0.0008359575526734331     0.056576079714756235     0.029436212874645186      0.10293090697520707       1.1070563251476346         8356.40173920609        36.26650041432929         8392.66823962042
                       21        728.6363675093646       0.6862792207226827       2.1647422054405983      0.14882106046165092    -0.003451369745986593  -1.9935712927075888e-06        323.4046361106925    0.0008226066518039711     0.056567884556494225     0.029419217539430165       0.1029311308700197       1.1067767160214086        9010.202777906385        36.30716331471705        9046.509941221102
                       22        728.6313677132167       0.6862722200911522       2.1654741243377824      0.14882102986605594   -0.0034546884929991632   -1.993573237621709e-06       323.38557136007444    0.0008292821022387016     0.056571982135625226      0.02942771520703768      0.10293101892261336       1.1069165205845217        8672.074454518319        36.28680043756081         8708.36125495588
                       23        728.6288678151426       0.6862687197753868       2.1658400837863736      0.14882101456825844   -0.0034563478665054492  -1.9935742100787695e-06        323.3760389847654    0.0008326198274560678     0.056574030925190734     0.029431964040841432      0.10293096294891024       1.1069864228660782        8459.720389227597        36.27664256920446        8495.997031796802
                       24        728.6276178661058       0.6862669696175041       2.1660230635106696      0.14882100691935968   -0.0034571775532585905  -1.9935746963072993e-06       323.37127279711086    0.0008342886900647491     0.056575055319973484     0.029434088457743313      0.10293093496205863       1.1070213740068564         8370.51618218224        36.27156952758174        8406.787751709822
                       25        728.6269928915872       0.6862660945385628       2.1661145533728163       0.1488210030949103    -0.003457592396635163  -1.9935749394215646e-06        323.3688897032836     0.000835123121369092      0.05657556751736486     0.029435150666194246      0.10293092096863288       1.1070388495772456        8347.409592058755        36.26903447990923        8383.678626538664
                       26        728.6266804043281       0.6862656569990921       2.1661602983038915      0.14882100118268562   -0.0034577998183234464   -1.993575060978697e-06          323.36769815637    0.0008355403370212625      0.05657582361606055      0.02943568177041972      0.10293091397191995       1.1070475873624401        8346.567990243131       36.267767324357685        8382.835757567489
                       27        728.6268366479576       0.6862658757688276        2.166137425838354      0.14882100213879795   -0.0034576961074793064   -1.993575000200131e-06        323.3682939298268    0.0008353317291951764       0.0565756955667127     0.029435416218306983      0.10293091747027644       1.1070432184698429        8345.852021121285        36.26840087144308        8382.120421992728
                       28        728.6267585261429       0.6862657663839599       2.1661488620711227      0.14882100166074178   -0.0034577479629013756   -1.993575030589414e-06        323.3679960430984    0.0008354360331082203     0.056575759591386623     0.029435548994363354      0.10293091572109819       1.1070454029161414        8345.903487868269        36.26808409022778        8382.171571958497
                       29        728.6267975870502       0.6862658210763937        2.166143143954738      0.14882100189976988     -0.00345772203519034  -1.9935750153947724e-06        323.3681449864626     0.000835383881151697      0.05657572757904966      0.02943548260633517      0.10293091659568732        1.107044310692992         8345.80405055214        36.26824247891729        8382.072293031059
                       30         728.626799999771       0.6862658204692105       2.1661431450042814        0.148821001901336   -0.0034577218105457524  -1.9935750134007124e-06        323.3681450054059    0.0008353838758687112     0.056575727245509716      0.02943548260011502      0.10293091653194641       1.1070443105250216         8345.80391555047        36.26824185507569        8382.072157405546
                       31        728.6267982588354       0.6862658197938135       2.1661431413828742      0.14882100189884587   -0.0034577220022258513   -1.993575015400479e-06         323.368145053058    0.0008353838734564472      0.05657572777780298      0.02943548298457755      0.10293091651068148       1.1070443102925298         8345.80400786356       36.268242544604995        8382.072250408166
                       32        728.6268483187819       0.6862656901019768       2.1661428457287846      0.14882100179741684   -0.0034577198801378547  -1.9935750270479412e-06        323.3681515501602    0.0008353831071085159     0.056575751309383415     0.029435521914033466      0.10293090809483879       1.1070442710139285        8345.800639778823        36.26825282004917        8382.068892598872
                       33        843.9023123247326       0.4661801764477169       1.7248211515226721      0.14866244561382397    0.0021988422264441745  -1.9945543443095477e-06       334.79565156086943   -0.0004850901968878104      0.09068103488437686      0.09434037031404877      0.08834425443642446        1.038326605552469        9274.088662718093        97.14944583958696         9371.23810855768
                       34        786.2645549558914       0.5762229987620553        1.945482147738705      0.14874172375679692   -0.0006294399043730824    -1.99406467985216e-06         329.081898273666   0.00017514684213194333      0.07362838123171327      0.06188792646019197      0.09563758551605589       1.0726854581227305        7865.641180285282       54.306488559868846       7919.9476688451505
                       35        757.4456762714708       0.6312444099192245       2.0558126458467223       0.1487813628282834   -0.0020435809697817112   -1.993819847623466e-06        326.2250216300643    0.0005052653616418202      0.06510205440538146      0.04566170453326358      0.09928425105587163       1.0898648844078613        9035.456498807707        42.18677661954725        9077.643275427254
                       36        771.8551156136812       0.6037337043406399        2.000647396792713      0.14876154329254015   -0.0013365104370773977   -1.993942263737813e-06       327.65345995186516   0.00034020610188688176      0.06936521781854736     0.053774815496727774      0.09746091828596376        1.081275171265296        7015.780277903625         47.4714853647466        7063.251763268371
                       37         764.650395942576       0.6174890571299322       2.0282300213197173      0.14877145306041178   -0.0016900457034295536  -1.9938810556806398e-06       326.93924079096473     0.000422735731764351      0.06723363611196441      0.04971826001499567       0.0983725846709177       1.0855700278365785        8688.153997680145        44.63534418590656        8732.789341866051
                       38        768.2527557781285       0.6106113807352861       2.0144387090562157      0.14876649817647597   -0.0015132780702534748  -1.9939116597092263e-06        327.2963503714149   0.00038147091682561637      0.06829942696525589     0.051746537755861716       0.0979167514784407       1.0834225995509372        8632.647968655738       46.004968073766484        8678.652936729504
                       39        770.0539356959048        0.607172542537963        2.007543052924465      0.14876402073450806   -0.0014248942536654353    -1.99392696172352e-06       327.47490516164004    0.0003608385093562495      0.06883232239190162     0.052760676626294745      0.09768883488220226       1.0823488854081165         8268.42950065764        46.72611504386651        8315.155615701506
                       40        770.9545256547931       0.6054531234393015         2.00409522485859       0.1487627820135241   -0.0013807023453714165   -1.993934612730666e-06        327.5641825567526   0.00035052230562156606      0.06909877010522449      0.05326774606151125      0.09757487658408298        1.081812028336706        8510.404504132648        47.09577228545905        8557.500276418106
                       41        771.4048206342371       0.6045934138899707       2.0023713108256516      0.14876216265303213    -0.001358606391224407  -1.9939384382342397e-06       327.60882125430885    0.0003453642037542235      0.06923199396188592     0.053521280779119516      0.09751789743502337        1.081543599801001        8583.267729693063        47.28287184539095        8630.550601538454
                       42        771.6299681239591       0.6041635591153053       2.0015093538091815      0.14876185297278616   -0.0013475584141509015  -1.9939403509860265e-06       327.63114060308703   0.00034278515282055305      0.06929860589021664      0.05364804813792364      0.09748940786049354       1.0814093855331484       28529.100543800934         47.3769893601408       28576.477533161076
                       43        771.7425418688201       0.6039486317279725       2.0010783753009473      0.14876169813266316   -0.0013420344256141487  -1.9939413073619195e-06       327.64230027747607    0.0003414956273537174        0.069331911854382     0.053711431817325704      0.09747516307322868       1.0813422783992221       6504.9203676445995         47.4241900512117        6552.344557695811
                       44        771.6862549963895        0.604056095421639        2.001293864555066      0.14876177555272466   -0.0013447964198825269   -1.993940829173973e-06        327.6367204402816   0.00034214039008713566      0.06931525887229932      0.05367973997762468      0.09748228546686111       1.0813758319661853        6912.814877302252       47.400577877868265         6960.21545518012
                       45        771.7143984326049       0.6040023635748057        2.001186119928006       0.1487617368426939    -0.001343415422748337  -1.9939410682679466e-06        327.6395103588788    0.0003418180087204261      0.06932358536334066      0.05369558589747519      0.09747872427004489       1.0813590551827037       6494.9842310732865        47.41238100758799        6542.396612080875
                       46        771.7284701507126       0.6039754976513891       2.0011322476144784      0.14876171748767852   -0.0013427249241812437   -1.993941187814933e-06       327.64090531817743    0.0003416568180370722      0.06932774860886133     0.053703508857400446      0.09747694367163678        1.081350666790963         6476.15093034592        47.41828479016184        6523.569215136082
                       47        771.7214342916587       0.6039889306130974       2.0011591837712412       0.1487617271651862   -0.0013430701734647912  -1.9939411280414396e-06        327.6402078385281    0.0003417374133787487      0.06932566698610099      0.05369954737743782      0.09747783397084081       1.0813548609868333        6477.452595820135       47.415332714065414       6524.8679285342005
                       48        771.7249522211855       0.6039822141322433        2.001145715692859      0.14876172232643237   -0.0013428975488230174   -1.993941157928186e-06        327.6405565783528   0.00034169711570791045      0.06932670779748117      0.05370152811741913       0.0974773888212388       1.0813527638888982         6475.10128353734        47.41680870591125        6522.518092243252
                       49         771.726711185949       0.6039788558918162       2.0011389816536678      0.14876171990705545   -0.0013428112365021297  -1.9939411728715596e-06        327.6407309482651    0.0003416769668724909      0.06932722820317125      0.05370251848740979      0.09747716624643776       1.0813517153399306        6475.236128576067        47.41754673648596        6522.653675312553
                       50        771.7258317035673       0.6039805350120298       2.0011423486732642       0.1487617211167439   -0.0013428543926625736   -1.993941165399873e-06       327.64064376330896   0.00034168704129020067       0.0693269680003262      0.05370202330241446      0.09747727753383828       1.0813522396144144        6475.067050036637        47.41717771831096        6522.484227754948
                       51        771.7253919623764       0.6039813745721365       2.0011440321830616      0.14876172172158814   -0.0013428759707427955  -1.9939411616640296e-06       327.64060017083085    0.0003416920784990564      0.06932683789890369       0.0537017757099168      0.09747733317753854       1.0813525017516563        6475.058213224815         47.4169932113892        6522.475206436204
                       52        771.7256118329718       0.6039809547920831        2.001143190428163      0.14876172141916602   -0.0013428651817026845  -1.9939411635319515e-06       327.64062196706993     0.000341689559894629      0.06932690294961495      0.05370189950616563      0.09747730535568844       1.0813523706830352        6475.056211576574         47.4170854646696        6522.473297041244
                       53        771.7255018976741       0.6039811646821098        2.001143611305613       0.1487617215703771   -0.0013428705762227409  -1.9939411625979905e-06       327.64061106895036   0.00034169081919684183      0.06932687042425931      0.05370183760804121      0.09747731926661346       1.0813524362173457        6475.055598901467        47.41703933798428        6522.472638239452
                       54        771.7255028131023       0.6039811628674523       2.0011436106789713       0.1487617215689419   -0.0013428705437278816   -1.993941162614037e-06        327.6406110781508   0.00034169081601031354      0.06932687071764623      0.05370183816920482      0.09747731910774793       1.0813524363120872       6475.0555667549215        47.41703975802829         6522.47260651295
                       55        771.7255060547836       0.6039811562212799       2.0011436179352557      0.14876172156313527    -0.001342870469546285   -1.993941162698609e-06         327.640610876378    0.0003416908861479419      0.06932687183077914      0.05370184030689479      0.09747731840729029       1.0813524381962996        6475.055414892674        47.41704101590252        6522.472455908576
                       56        771.7255019709935       0.6039811645361193       2.0011436112767473      0.14876172157027104   -0.0013428705737372672  -1.9939411625997985e-06        327.6406110613205   0.00034169079618540966       0.0693268704479732      0.05370183765342175      0.09747731922089403       1.0813524363118816        6475.055583749414        47.41703950925432        6522.472623258668
aborted minimisation     
Minimisation aborted as it proceeded too slow                
 restart
                       57        771.7255060547836       0.6039811562212799       2.0011436179352557      0.14876172156313527    -0.001342870469546285   -1.993941162698609e-06         327.640610876378    0.0003416908861479419      0.06932687183077914      0.05370184030689479      0.09747731840729029       1.0813524381962996        6475.055414892674        47.41704101590252        6522.472455908576
                       58        771.7255039968132       0.6039811556155443       2.0011435986553145       0.1487617215621677   -0.0013428906220011015  -1.9939411639583763e-06       327.64061048574536   0.00034167396242725326      0.06932687203246304      0.05370184043076486      0.09747731838332929        1.081352442214612       6475.1287067579515        47.41719113326576       6522.5458978912175
                       59        771.7255043619639       0.6039811554402537       2.0011435874049237      0.14876172156378542   -0.0013428704702820725  -1.9939411625562513e-06       327.64061020049576   0.00034166168560367935      0.06932687194391636      0.05370184033302424       0.0974773183659784       1.0813524451170329        6475.042634344628        47.41721576170037        6522.459850106328
                       60        771.7254088472038       0.6039811080918066       2.0011416982397243       0.1487617216160834   -0.0013426922464744495  -1.9939411420690137e-06       327.64056826112903   0.00033985883457625897      0.06932687782230054      0.05370184101410999      0.09747731579589552       1.0813528742230243        6480.591918381335        47.42757473077473         6528.01949311211
                       61        771.6890814667946       0.6039643506061396       2.0004866839701165       0.1487617355534483   -0.0013428762657300437    -1.99393809887368e-06        327.6260676299608   -0.0002866290617018388      0.06932930618892269      0.05370240249272824      0.09747642948084895       1.0815013545417955        6340.613114509327        51.43290284537822        6392.046017354705
                       62        771.6890828720045       0.6039643507991684       2.0004866857462904      0.14876173555521796   -0.0013428498086325436   -1.993938097113527e-06        327.6260676251366  -0.00028662906315786365        0.069329306011573      0.05370240235037364       0.0974764294805312        1.081501354564094        6339.568413074756        51.43283873430835        6391.001251809064
                       63        771.6890814592261       0.6039643505988176       2.0004866836886226      0.14876173555345326   -0.0013428762655284439   -1.993938098875755e-06       327.62606762696436   -0.0002866290527798311      0.06932930619026496       0.0537024024931021      0.09747642948054536       1.0815013545697125        6340.613113552514       51.432902784395594         6392.04601633691
                       64        771.6890772697856       0.6039643465226325        2.000486526873919      0.14876173555624733   -0.0013428755608648013  -1.9939380999917294e-06        327.6260659562308   -0.0002866241617029919      0.06932930693475718      0.05370240269845787      0.09747642931135148       1.0815013701365537        6340.587656292515       51.432867915186584        6392.020524207702
                       65        771.5212523118493       0.6038019772334612       1.9942441886006925      0.14876184517963764   -0.0013381891146173532   -1.993984096031838e-06        327.5596174339024   -8.877263895846885e-05       0.0693590715628273      0.05371069198448825      0.09746969721488141       1.0821204524905348        6326.057581155384       50.105409537984364        6376.162990693368
                       66        771.5212523083899       0.6038019772301285        1.994244188470594      0.14876184517955796     -0.00133818911452195  -1.9939840960338332e-06        327.5596174297367   -8.877263840487078e-05      0.06935907156346724      0.05371069198469482      0.09746969721442611       1.0821204525460633        6326.057580024603       50.105409534576836       6376.1629895591805
                       67         771.521252270182       0.6038019771941461       1.9942441870542513      0.14876184517492994   -0.0013381891135163498  -1.9939840961010847e-06       327.55961739949225   -8.877261540894644e-05      0.06935907157155885      0.05371069198847005       0.0974696972105697        1.082120453001084        6326.057572422356        50.10540938645263        6376.162981808809
                       68        771.5212523104561       0.6038019772321427       1.9942441885475723      0.14876184517948057   -0.0013381891145806174  -1.9939840960342098e-06       327.55961743348337   -8.877263869473738e-05      0.06935907156312092      0.05371069198462374      0.09746969721454074       1.0821204524893966        6326.057581089242       50.105409536208704        6376.162990625451
                       69        768.4519845485935       0.6008901816248834       1.8789517900259565       0.1484732636458845   -0.0012564012233882513  -1.9984285531007604e-06       325.33065767960585     0.000991568028123317      0.06998768246521422     0.053982672553518476      0.09698633285845709       1.1084971451499395        6052.628501347257        43.89764217358846        6096.526143520846
                       70        768.4519845300174       0.6008901816070089       1.8789517893186805      0.14847326364619776    -0.001256401222874956  -1.9984285531136006e-06       325.33065765946816    0.0009915680238509644      0.06998768246873649      0.05398267255472467      0.09698633285419062       1.1084971453077088       6052.6284964067245        43.89764219605361        6096.526138602778
                       71        768.4519845434966       0.6008901816200863       1.8789517898326373      0.14847326364518837    -0.001256401223255364  -1.9984285531108062e-06        325.3306576756067    0.0009915680274803335      0.06998768246631908      0.05398267255405904       0.0969863328571331        1.108497145152117        6052.628501038558        43.89764217689944       6096.5261432154575
                       72        768.4519845316503       0.6008901816088873       1.8789517893846845      0.14847326364379035     -0.00125640122294369   -1.998428553131284e-06       325.33065766780334     0.000991568027602016      0.06998768246884496     0.053982672555238094      0.09698633285408398       1.1084971450827374        6052.628500198693         43.8976421756684        6096.526142374361
                       73        768.4519845291765        0.600890181606672        1.878951789299908       0.1484732636424971   -0.0012564012228883804  -1.9984285531425467e-06       325.33065766938154     0.000991568032105592      0.06998768246959228     0.053982672555764444      0.09698633285386415         1.10849714506034        6052.628502330326        43.89764215250463        6096.526144482831
                       74        760.1149907759558       0.5930200811596302       1.5633830439145608      0.14744541905138972   -0.0010376626612639878   -2.013482543123008e-06        319.4009091430218     0.000652466503933106      0.07177437760807391      0.05482948658528242       0.0948422876418884          1.0818402618554        5846.061393821867        45.55157781257367         5891.61297163444
                       75        764.2834876622745       0.5969551313922569       1.7211674169702587       0.1479593413486371   -0.0011470319423261197   -2.005955548111884e-06        322.3657834113138    0.0008220172660282116      0.07088103003664406     0.054406079569400446      0.09591431025017277       1.0951687035026696        5845.221630439286       44.685055746986215        5889.906686186272
                       76        762.1992392191153       0.5949876062759436       1.6422752304424098      0.14770238020001342   -0.0010923473017950536   -2.009719045617446e-06       320.88334627716785    0.0007372418849806588      0.07132770382235899     0.054617783077341435      0.09537829894603056       1.0885044826790349        5809.897457239618        45.10842821825623        5855.005885457875
                       77        762.1992391943339       0.5949876062522379       1.6422752295047456      0.14770238019997375    -0.001092347301120928  -2.0097190456423093e-06       320.88334625628954    0.0007372418860786787      0.07132770382725175      0.05461778307922496      0.09537829894031374       1.0885044825800128        5809.897453222019        45.10842821128778        5855.005881433307
                       78        762.1992391957548        0.594987606253871       1.6422752295584715       0.1477023801973331   -0.0010923473011809615   -2.009719045658601e-06       320.88334626019093    0.0007372418829194351      0.07132770382735633     0.054617783079693054      0.09537829893978311       1.0885044826337757        5809.897456922655       45.108428229368556        5855.005885152023
                       79        761.2603368512979       0.5940964572104129       1.6067485984511691       0.1476333705258452   -0.0010673525403253209    -2.01111359987538e-06       320.16139612298855    0.0006997561218787641      0.07152291460615202      0.05470385972518321       0.0951397779958782       1.0859810110583015        5771.129021116792        45.29799148122278        5816.427012598015
                       80        756.5658250122106         0.58964071188276       1.4291154384949696        0.147288322155004   -0.0009423787329766575  -2.0180863711650524e-06         316.551645352092    0.0005123273063692908      0.07249896852511722       0.0551342429643921      0.09394717324511637       1.0733636529546347       5862.6260096173755       46.304525333546145        5908.930534950921
                       81        758.9130809317543       0.5918685845465865       1.5179320184730685       0.1474608463404246   -0.0010048656366509893  -2.0145999855202163e-06        318.3565207375403    0.0006060417141240275      0.07201094156563463      0.05491905134478766      0.09454347562049725        1.079672332006468        5783.939136556313       45.789025587073915        5829.728162143388
                       82         760.086708891526       0.5929825208784998       1.5623403084621206      0.14754710843313487    -0.001036109088488155  -2.0128567926977987e-06        319.2589584302644    0.0006528989180013957      0.07176692808589333      0.05481145553498543      0.09484162680818775       1.0828266715323847        5765.596722256035         45.5404503290707        5811.137172585106
                       83        760.0867088996122       0.5929825208861649       1.5623403087683574       0.1475471084338031     -0.00103610908870275   -2.012856792685348e-06       319.25895843637136    0.0006528989172836447      0.07176692808420297     0.054811455534232244      0.09484162681015584       1.0828266715685422       5765.5967221606115        45.54045033326732        5811.137172493879
                       84        760.0867089002902       0.5929825208868009       1.5623403087941306      0.14754710843392807   -0.0010361090887201648  -2.0128567926839158e-06        319.2589584369575    0.0006528989182993123      0.07176692808405442     0.054811455534158254      0.09484162681028985       1.0828266715439177        5765.596722219851        45.54045032743224        5811.137172547283
                       85         760.086708891441       0.5929825208784163       1.5623403084592908      0.14754710843311528   -0.0010361090884859721   -2.012856792697966e-06        319.2589584302774    0.0006528989179889874      0.07176692808591321      0.05481145553499762      0.09484162680807523       1.0828266715312274        5765.596722255819        45.54045032913466        5811.137172584954
                       86        760.6885247904598        0.593551178343079       1.5853434853766615      0.14759276229134402   -0.0010520965267589945  -2.0119348742237165e-06       319.75752403731906    0.0006301314296278248      0.07164199482906744      0.05475726143823413      0.09493784727767457       1.0840405966623556        5762.947899605125       45.673718320500505        5808.621617925625
                       87        760.6885247900475       0.5935511783426809       1.5853434853616086      0.14759276229131668   -0.0010520965267479406  -2.0119348742242764e-06       319.75752403703075    0.0006301314294423852       0.0716419948291535     0.054757261438273704      0.09493784727745641       1.0840405966656759        5762.947899600021       45.673718321563086       5808.6216179215835
                       88        760.6885247911187       0.5935511783436926       1.5853434854025288      0.14759276229142615   -0.0010520965267761316   -2.011934874222499e-06       319.75752403790426    0.0006301314296138936      0.07164199482892789      0.05475726143817182      0.09493784727764965       1.0840405966647304         5762.94789960311        45.67371832058829        5808.621617923699
                       89        760.6885247904432       0.5935511783430452        1.585343485377484      0.14759276229133733   -0.0010520965267584702   -2.011934874223666e-06        319.7575240375406    0.0006301314296401216      0.07164199482907313      0.05475726143824291      0.09493784727735677        1.084040596663138        5762.947899603548       45.673718320436116        5808.621617923984
                       90        760.6885247578374       0.5935511783058937       1.5853434846433725      0.14759276228670015   -0.0010520965258660562   -2.011934874248144e-06        319.7575240931658    0.0006301314316191485      0.07164199483665551      0.05475726144378556       0.0949378471613136       1.0840405969190694        5762.947898958647        45.67371831093015        5808.621617269577
                       91        760.6885247436499        0.593551178283351        1.585343484839882        0.147592762282126   -0.0010520965254549638  -2.0119348742349913e-06        319.7575242013513    0.0006301314291955675      0.07164199484082083      0.05475726144889694      0.09493784699915009       1.0840405973391078        5762.947897976674        45.67371832711935        5808.621616303793
                       92        760.6885247700856       0.5935511783099947       1.5853434857159172       0.1475927622849348   -0.0010520965261620104   -2.011934874200044e-06        319.7575242024403    0.0006301314287954782      0.07164199483509555      0.05475726144579037      0.09493784703295322       1.0840405971934557        5762.947898187823        45.67371832834933        5808.621616516172
aborted minimisation     
Minimisation aborted as it proceeded too slow                
 restart
                       93        760.6885247436499        0.593551178283351        1.585343484839882        0.147592762282126   -0.0010520965254549638  -2.0119348742349913e-06        319.7575242013513    0.0006301314291955675      0.07164199484082083      0.05475726144889694      0.09493784699915009       1.0840405973391078        5762.947897976674        45.67371832711935        5808.621616303793
                       94        760.6885259538819       0.5935511783026649       1.5853434902405166       0.1475927622836253   -0.0010520699119842805  -2.0119348725152536e-06        319.7575242003757    0.0006301313219848265       0.0716419947218474     0.054757261366713744      0.09493784699742475       1.0840405973572314        5762.928865823104        45.67365620137517        5808.602522024479
                       95        760.6885246017977       0.5935511781182223       1.5853434876912278      0.14759276228184245   -0.0010520965230874685   -2.011934874293712e-06       319.75752420190037    0.0006301313139525773       0.0716419948714809       0.0547572614968757       0.0949378469974434        1.084040597365134        5762.947890252054       45.673719013934644        5808.621609265989
                       96        760.6885040279127       0.5935511543231877       1.5853438977283005       0.1475927622407943    -0.001052099612224053  -2.0119348829829397e-06       319.75752428900194    0.0006301154463599828      0.07164199930503731      0.05475726842055356      0.09493784675191302       1.0840406010197536        5762.955026344717         45.6738219229436        5808.628848267661
                       97        760.5841350823168       0.5934296584519179       1.5874418212856334      0.14759255360463946   -0.0010503370330800464  -2.0119780859990224e-06       319.75792825367535    0.0005453234545050443       0.0716645578125539      0.05479256943616586      0.09493659102617424       1.0840597501058247        5759.817685234504        46.18378559578053        5806.001470830284
                       98        760.5841350792622       0.5934296584483263       1.5874418213492874       0.1475925536047938   -0.0010503370330280123  -2.0119780859994993e-06        319.7579282553256    0.0005453234538988796       0.0716645578132012      0.05479256943719651      0.09493659102457508        1.084059750089517       5759.8176850978425       46.183785599953424        5806.001470697796
                       99          760.58413504116       0.5934296584042149        1.587441822105042       0.1475925535993587    -0.001050337032399451  -2.0119780860330215e-06        319.7579282802544    0.0005453234466362569      0.07166455782202846     0.054792569450800674       0.0949365910046503       1.0840597499405085        5759.817683504227        46.18378565110708        5806.001469155334
                      100        760.5841350737006       0.5934296584418609       1.5874418214610237      0.14759255360401968   -0.0010503370329361075  -2.0119780860040864e-06         319.757928255557    0.0005453234551039211      0.07166455781449367     0.054792569439197324       0.0949365910193673       1.0840597501193825        5759.817684851833       46.183785594924665        5806.001470446758
                      101        760.5841350058962        0.593429658362081       1.5874418228732825      0.14759255360670678   -0.0010503370317827914   -2.011978086016336e-06       319.75792826125576    0.0005453234524374624      0.07166455782897936      0.05479256946223914      0.09493659096975143       1.0840597501883904        5759.817682108096        46.18378562979244        5806.001467737889
                      102        748.7736608659861       0.5796394380729065       1.8280686851686596      0.14687350615026318   -0.0008527059880158472  -2.0185018682604824e-06       322.99660945023265    0.0006697017469945376      0.07430856351861861      0.05892959879192808      0.08624417970624165        1.089422834380006        5966.756278277334        49.10222438397756        6015.858502661312
                      103        754.6788979741514       0.5865345482624122       1.7077552532271465      0.14723302987745132   -0.0009515215105479469   -2.015239977129752e-06         321.377268851954     0.000607512600749791      0.07298656066558626     0.056861084114046966      0.09059038536620795       1.0867412922429154        5651.446041178867        47.58542537176732        5699.031466550634
                      104        757.6315165282341        0.589982103357165       1.6475985372563908      0.14741279174104538   -0.0010009292718139967  -2.0136090315643873e-06        320.5675985528147    0.0005764180276274176      0.07232555923907008      0.05582682677510641      0.09276348819619112         1.08540052117437        5655.157201595384          46.870210579246        5702.027412174631
                      105        756.1552072511928       0.5882583258097887       1.6776768952417687      0.14732291080924834   -0.0009762253911809718    -2.01442450434707e-06       320.97243370238436    0.0005919653141886043      0.07265605995232817      0.05634395544457669      0.09167693678119954       1.0860709067086427        5636.530479460406        47.22421924937468        5683.754698709781
                      106        756.1552059157514       0.5882583256267948       1.6776768928697798       0.1473229108075145   -0.0009762519753369462  -2.0144245061242596e-06        320.9724337033733    0.0005919652660455868      0.07265606009434863      0.05634395556972866      0.09167693678114858       1.0860709067219103        5634.991463020375        47.22428177801453        5682.215744798389
                      107         756.155207247141       0.5882583258041666       1.6776768952460497      0.14732291080924453   -0.0009762253913367657  -2.0144245043487206e-06       320.97243370296036    0.0005919653744676722      0.07265605995310288      0.05634395544579999      0.09167693678109795        1.086070906701531        5636.530471683048       47.224218909711766        5683.754690592759
                      108        756.1552066408952       0.5882583250121689       1.6776768957945531        0.147322910808669   -0.0009762261335915962  -2.0144245046258986e-06       320.97243378301124    0.0005919737566934495      0.07265606006473321      0.05634395562018583      0.09167693676678734       1.0860709057135347        5636.487400747186        47.22417336562457        5683.711574112811
                      109        756.1170305423004       0.5882054854615504       1.6777169364155853      0.14732287503350133   -0.0009797708405415097  -2.0144401510417407e-06       320.97784634710393    0.0011583554232416408      0.07266335050901034     0.056355459677192105      0.09167598249960485       1.0860040866901564       7547.5096685752205        44.24545629946399        7591.755124874685
                      110        756.1361188967466       0.5882319056356695        1.677696915828676      0.14732289292137485   -0.0009779981158612406  -2.0144323276944054e-06        320.9751400247441    0.0008751603687151225      0.07265970523066925      0.05634970756088439      0.09167645964040222       1.0860374966993995        5972.801544546123       45.682867800981654        6018.484412347105
                      111        756.1456630739697       0.5882451157227291       1.6776869055352233      0.14732290186531158   -0.0009771117535211063  -2.0144284160207374e-06       320.97378686356427    0.0007335628414518634       0.0726578825914987     0.056346831502730545      0.09167669821080088       1.0860542017040211        5614.192981157945        46.44055103181875        5660.633532189763
                      112        756.1504351625813       0.5882517207662589        1.677681900388496      0.14732290633727996    -0.000976668572351039   -2.014426460183904e-06        320.9731102829743    0.0006627640778202339      0.07265697127191344      0.05634539347365362       0.0916768174960002       1.0860625542063318        5615.507275115171       46.829137017256855       5662.3364121324275
                      113        756.1480491182755       0.5882484182444939       1.6776844029618605      0.14732290410129578   -0.0009768901629360726  -2.0144274381023207e-06       320.97344857326925    0.0006981634596360486      0.07265742693170607      0.05634611248819208      0.09167675785340051       1.0860583779551765        5610.574328361772        46.63403199370284        5657.208360355475
                      114        756.1480491174091       0.5882484182443728       1.6776844029368938      0.14732290410093057   -0.0009768901629106156  -2.0144274381342703e-06       320.97344857299936    0.0006981634524581067      0.07265742693288622     0.056346112489475866       0.0916767578533218        1.086058377962415         5610.57432752392        46.63403203442391       5657.2083595583445
                      115        756.1480491182526       0.5882484182443792       1.6776844029626456      0.14732290410130047   -0.0009768901629391168  -2.0144274381015935e-06        320.9734485732017    0.0006981634601618811      0.07265742693171982      0.05634611248823378      0.09167675785331642       1.0860583779553503        5610.574328331913       46.634031990849174        5657.208360322763
                      116        756.1302060897384       0.5882440841151922       1.6771941448108478       0.1473156201132349   -0.0009764272246828825  -2.0150594425337773e-06        320.9668947153239    0.0005621499687857968      0.07268144150855502     0.056372676791061456      0.09167378422655509       1.0862071455978792         5601.59692213788         47.4197772310057        5649.016699368885
                      117        756.1302047448332       0.5882440812404417       1.6771941473975183      0.14731562011192614   -0.0009764009323335385   -2.015059441884026e-06        320.9668946927991    0.0005621510207406159      0.07268144191475973     0.056372677383499555      0.09167378418636285       1.0862071456199764        5601.628863903022        47.41971032396092        5649.048574226983
                      118        756.1302033624816       0.5882440809850273       1.6771941450632895      0.14731562011014188   -0.0009764271707170363   -2.015059443665214e-06        320.9668946936766     0.000562151036642933      0.07268144206814528      0.05637267752444146      0.09167378418532013       1.0862071456289206        5601.596848988896        47.41977169694123        5649.016620685838
                      119        756.1294042578352       0.5882431607614134       1.6771942259167485      0.14731561920506242    -0.000976339120504897  -2.0150597714722775e-06       320.96688813294196    0.0005624475608399135      0.07268160627256244     0.056372892898513195       0.0916737720523575       1.0862071569444371        5601.825903528355        47.41807508466243        5649.243978613018
                      120         755.860977350315        0.587935080983635       1.6772190657757537      0.14731531477694873   -0.0009710954219720463  -2.0151711352197388e-06        320.9647577287319    0.0006675657340623227      0.07273668303472595      0.05644507446949414      0.09166971360153192       1.0862102100551658        5598.257174885282        46.88072324276742       5645.1378981280495
                      121        755.8609773405063       0.5879350809723461       1.6772190657771908      0.14731531477712262   -0.0009710954217773593    -2.01517113522317e-06       320.96475772491334    0.0006675657354543081      0.07273668303672916     0.056445074472128993      0.09166971355720926       1.0862102100892168        5598.257174605596        46.88072323737509        5645.137897842971
                      122        755.8609773249873       0.5879350809541712       1.6772190657885204      0.14731531478164805   -0.0009710954214590503   -2.015171135216423e-06        320.9647577198265    0.0006675657356155297      0.07273668303954789      0.05644507447593375      0.09166971346379793       1.0862102100680429        5598.257174155315        46.88072323937332       5645.1378973946885
                      123        752.8526889742616       0.5844678449442146       1.6778026729480597      0.14743571620721205   -0.0009112232005279089  -2.0160313695817685e-06        319.8086784198417    0.0010622780444875888      0.07334552984980107      0.05724743297528406      0.07770866554529271       1.0954694178917201        5589.327668181716        45.50801081401163        5634.835678995728
                      124        754.3568331622882       0.5862014629639248       1.6775108693619067       0.1473755154920804   -0.0009411593112499776   -2.015601252400754e-06        320.3867180742868    0.0008649218892749557      0.07304110644226351     0.056846253722389106      0.08468918957341232        1.090839813973443        5569.957230949521        46.16562914637491        5616.122860095896
                      125        754.3568318290551        0.586201462777517       1.6775108669845302        0.147375515490357   -0.0009411859407524545    -2.01560125418282e-06       320.38671807588025    0.0008649218116733153      0.07304110658142975      0.05684625384650385      0.08468918957331045       1.0908398139781168        5569.240439961406        46.16569171320294        5615.406131674609
                      126        754.3568331506418       0.5862014629520402       1.6775108693449354      0.14737551549207217   -0.0009411593109925635  -2.0156012524047523e-06        320.3867180745395     0.000864921833251611        0.073041106444175      0.05684625372497785       0.0846891895732867       1.0908398139686684       5569.9572270618655       46.165629445324456         5616.12285650719
                      127        754.3568328566785       0.5862014626368658       1.6775108689160643       0.1473755154918726    -0.000941159003179995  -2.0156012524920983e-06       320.38671808192515    0.0008649203996508516       0.0730411064936899       0.0568462537927011      0.08468918956995419        1.090839813833459         5569.96557785597        46.16563639471351        5616.131214250683
                      128        754.3353123084026       0.5861795162950908       1.6774795024069782      0.14737550031914431   -0.0009410043017495246   -2.015608656973726e-06        320.3871846388252    0.0007614763128784602      0.07304463761488057     0.056851035254874366      0.08468895763015588        1.090830997679263        5561.561291166681       46.725313419132135        5608.286604585814
                      129        754.3353093115178       0.5861795140782157         1.67747949668418      0.14737550031598212   -0.0009410307151778383   -2.015608659556572e-06       320.38718479598714    0.0007614771401423357       0.0730446380928592      0.05685103582568917      0.08468895761201806       1.0908309955544748        5561.592198863527        46.72537096371852        5608.317569827246
                      130        754.3353106005867         0.58617951422332       1.6774794989812545      0.14737550031766486   -0.0009410042665585122  -2.0156086578020057e-06       320.38718479669024    0.0007614771628289379       0.0730446379613174     0.056851035711241484      0.08468895761174744        1.090830995516987        5561.561235224736        46.72530911611298        5608.286544340849
                      131        754.3349827396839       0.5861791191209182       1.6774788427676874      0.14737550003301564   -0.0009410395281942382  -2.0156088183511356e-06        320.3872147649826    0.0007616286482260621       0.0730447041935479      0.05685112287217643      0.08468895410119376        1.090830584850395        5561.633284180269       46.724644121520605        5608.357928301789
                      132        754.1681425967922       0.5859767210943929       1.6771441752477312      0.14737535550357056   -0.0009375639194069794  -2.0156897333766365e-06        320.4026372441236     0.000844673006327002      0.07307854858746982     0.056895706746644896      0.08468715571935553       1.0906193434841187        5559.035743617003        46.30863600405501        5605.344379621059
                      133        754.1681425940326       0.5859767210910104         1.67714417524261       0.1473753555037952   -0.0009375639193496544  -2.0156897333772697e-06       320.40263724502296    0.0008446730055971416      0.07307854858801677      0.05689570674737556       0.0846871556987458        1.090619343463464        5559.035743464467       46.308636008344216        5605.344379472811
                      134        754.1681425514705       0.5859767210396339       1.6771441751444414      0.14737535549742767   -0.0009375639184902407   -2.015689733415157e-06        320.4026372579824    0.0008446729987004432      0.07307854859729654     0.056895706759509626      0.08468715544407396       1.0906193432998654        5559.035741622513        46.30863605300852        5605.344377675522
                      135        752.2573860639191       0.5836430802354734       1.6733947715331503      0.14742671852476946   -0.0008981341037431116  -2.0164261804836715e-06       321.01570239018184   0.00038551601383273994      0.07346620214310769      0.05741078269655101      0.07108660692817981       1.0779598925701863        5509.470246148742        49.19714079637718         5558.66738694512
                      136         752.257384733017       0.5836430800481409       1.6733947691971611      0.14742671852305492   -0.0008981608322037918   -2.016426182274668e-06        321.0157023893753   0.00038551595181904243      0.07346620227913046      0.05741078281920168      0.07108660692817004       1.0779598926044427       5508.9201267369735        49.19720329466834        5558.117330031642
                      137        752.2573860465699       0.5836430802198473       1.6733947715531787      0.14742671852475853   -0.0008981341034317218    -2.01642618049012e-06        321.0157023880532    0.0003855159745578964      0.07346620214599404     0.057410782700064694      0.07108660692814561       1.0779598925948692         5509.47024413976       49.197141031976265        5558.667385171737
                      138        752.2573856168092       0.5836430798223454       1.6733947720827889      0.14742671852449424   -0.0008981338607354729   -2.016426180639709e-06        321.0157023342878   0.00038551502625466675       0.0734662022185498      0.05741078278873922       0.0710866069272888       1.0779598932180128        5509.475285307751        49.19714617884535        5558.672431486596
                      139        752.2280389331786       0.5836166575991047       1.6734286118308326      0.14742670000872077    -0.000897869491735836  -2.0164371008123493e-06        321.0121032305312   0.00031910978088202114      0.07347108373855822      0.05741672485695513      0.07108654913519519        1.078001626609258         5504.72601355312        49.59896044770272        5554.324974000822
                      140        752.2280392288073       0.5836166567620519       1.6734286152898186       0.1474267000097009   -0.0008978428039423598  -2.0164370994879184e-06        321.0121031299028    0.0003191106848962992      0.07347108379582336      0.05741672496624972      0.07108654913404056       1.0780016277465014         5504.75065514536         49.5988932092243        5554.349548354584
                      141        752.2280379139775       0.5836166565864012        1.673428612944459      0.14742670000799843   -0.0008978694746776309  -2.0164371012704937e-06         321.012103130882    0.0003191106745315908       0.0734710839294235      0.05741672508607212      0.07108654913405732       1.0780016277599749        5504.725979582614       49.598955263803845        5554.324934846418
                      142        752.2279687127008       0.5836165873281265       1.6734286905139086       0.1474266999594437   -0.0008978540784698356   -2.016437131659654e-06        321.0120962678875     0.000319168228140763      0.07347109692679574      0.05741674071150545      0.07108654905528267        1.078001707002069        5504.728526079614        49.59858911078225        5554.327115190396
                      143        752.1510160418986       0.5835401255092412       1.6735127714466813      0.14742664542069234    -0.000896574777695817   -2.016471723350284e-06       321.00457252743206    0.0003866442334616258      0.07348550779744949      0.05743403968081946      0.07108646314250638       1.0780885887484848        5503.633735055285        49.21015161589865        5552.843886671183
                      144        752.1510160370525       0.5835401255044008       1.6735127714523994       0.1474266454207867    -0.000896574777614192  -2.0164717233521236e-06          321.00457251943     0.000386644236514752      0.07348550779835783     0.057434039681915766      0.07108646314049971       1.0780885888285336        5503.633734558888        49.21015159943515        5552.843886158324
                      145        752.1510160375685       0.5835401255046049       1.6735127714640203       0.1474266454259874   -0.0008965747776114104  -2.0164717233367393e-06       321.00457251572055    0.0003866442360336231      0.07348550779777807     0.057434039681293535      0.07108646313841593       1.0780885887970146        5503.633734619422         49.2101516016732        5552.843886221095
aborted minimisation     
Minimisation aborted as it proceeded too slow               
 finished