                   sim_nr                        h                    alpha                  sca_sto                       wg               gammatheta                   gammaq                      CO2                   advCO2                      z0m                      z0h                    FracH         obs_sca_cf_CO2mh                     data               background                    Costf
                        1        870.0645878463371       0.1526058875139214       3.7893745440685906       0.2455007129768167    0.0061545263737800456    2.251457414523343e-06        320.2465371268325     0.006366625309813837      0.10483208849219411     0.008287011476456779      0.49899459446781796       0.5894457904279968        357685.0909058799                      0.0        357685.0909058799
                        2        870.0645873440186      0.15260588751619836       3.7893745418495186      0.24550071297682127     0.006154524716735157    2.251457414425763e-06       320.24653681736925    0.0063666023482933055      0.10483208850303853     0.008287011329512789       0.4989945944653705       0.5894457924689562       357684.43422239315    3.419513611366337e-10        357684.4342223935
                        3         870.064587805879      0.15260588750950266        3.789374544262105       0.2455007129765867     0.006154525725537951    2.251457414491885e-06        320.2465370634665     0.006366625356508545      0.10483208849297733     0.008287011430270576       0.4989945944648949        0.589445790824333       357685.09025633003    4.812850650801507e-14       357685.09025633003
                        4        869.6022128026973      0.15260798340123527       3.7873319279156537      0.24550071719020328     0.004629246675660528   2.2513675937856936e-06       319.96168185841236    -0.014769036949247192      0.10484207058166573     0.008151752204540114      0.49899234162179307       0.5913244565009284        59627.09055522321        289.7308694021248       59916.821424625334
                        5        869.6022117494158      0.15260798349941024       3.7873319091532274      0.24550071718793137     0.004629244143960629     2.25136759364733e-06        319.9616799092171    -0.014769016551205596      0.10484207066300277     0.008151751131117692       0.4989923415235173       0.5913244698142218        59627.07152189049        289.7303115250311        59916.80183341552
                        6        869.6022107503837       0.1526079835244296        3.787331900797928       0.2455007171868119     0.004629240463328827   2.2513675934447747e-06        319.9616788331091    -0.014769035477819397      0.10484207070888182     0.008151750641373093      0.49899234148429006       0.5913244770217927       59627.082640862965        289.7308312085959        59916.81347207156
                        7        869.6021926596236      0.15260798291755245       3.7873319143042217      0.24550071718140504     0.004629244894453467   2.2513675924163856e-06        319.9616812793685    -0.014769036594107785      0.10484207131120665     0.008151752549830941        0.498992341584277       0.5913244594628714        59627.08905726842        289.7308602777665       59916.819917546185
                        8        858.9042225232157      0.15325059202830943       3.6459157949247327       0.2454830323629757    -0.027745198780348358    2.249590961293351e-06        304.1868494141893    -0.006851909488324289       0.1055054053625228                    1e-07      0.49827523826320397       0.6983275097322396        39804.59777185852       241.84670766539531        40046.44447952392
                        9        864.2532176629564      0.15292928771477238        3.716623861420193      0.24549187477658949    -0.011557976052343915   2.2504792775395223e-06        312.0742656363008    -0.010810473218785739      0.10517373797209426     0.004075926102270057       0.4986337899424985        0.644825983116584        46731.96035508078       226.29469264507333       46958.255047725856
                       10        861.5787200930861       0.1530899398715409       3.6812698281724634      0.24548745356978258    -0.019651587416346136   2.2500351194164366e-06         308.130557525245    -0.008831191353555014      0.10533957166730853    0.0020380130511350285      0.49845451410285124       0.6715767464244118        39566.32311842978        224.1971761830626        39790.52029461284
                       11        860.2414713081508      0.15317026594992517       3.6635928115485976      0.24548524296637914    -0.023698393098347245   2.2498130403548936e-06        306.1587034697172     -0.00784155042093965      0.10542248851491567    0.0010190565255675148       0.4983648761830276       0.6849521280783256        42485.19114372843       230.55356093118604        42715.74470465961
                       12        860.9100957006184      0.15313010291073303       3.6724313198605305      0.24548634826808086     -0.02167499025734669   2.2499240798856653e-06        307.1446304974811    -0.008336370887247332       0.1053810300911121    0.0015285347883512712       0.4984096951429394       0.6782644372513688         41980.8752071422       226.75827330886364        42207.63348045106
                       13        861.2444078968523      0.15311002139113694       3.6768505740164965      0.24548690091893172    -0.020663288836846413    2.249979599651051e-06        307.6375940113631    -0.008583781120401174      0.10536030087921032     0.001783273919743149      0.49843210462289533       0.6749205918378902        43525.72300176135       225.32345093389796        43751.04645269524
                       14        861.4115639949692       0.1530999806313389       3.6790602010944804      0.24548717724435715    -0.020157438126596275   2.2500073595337436e-06       307.88407576830406    -0.008707486236978096      0.10534993627325942    0.0019106434854390883       0.4984433093628733        0.673248669131151       43969.620364026385       224.72174510546407        44194.34210913185
                       15        861.4951420440276      0.15309496025143987        3.680165014633472      0.24548731540706986    -0.019904512771471202   2.2500212394750903e-06       308.00731664677454    -0.008769338795266554      0.10534475397028398    0.0019743282682870593      0.49844891173286227       0.6724127077777814       44166.408434289704       224.44981853100927        44390.85825282071
                       16        861.5369310685569      0.15309245006149041        3.680717421402967      0.24548738448842622     -0.01977805009390867   2.2500281794457633e-06        308.0689370860098    -0.008800265074410783      0.10534216281879626    0.0020061706597110443       0.4984517129178567       0.6719947271010965       33646.051857670434       224.32108682872237       33870.372944499155
                       17        861.5160365562923      0.15309370515646514       3.6804412180182187      0.24548734994774804    -0.019841281432689935    2.250024709460427e-06        308.0381268663922    -0.008784801934838668      0.10534345839454011     0.001990249463999052       0.4984503123253595        0.672203717439439        23688.30613029773        224.3848500477874       23912.690980345516
                       18        861.5264838124245      0.15309307760897778        3.680579319710594      0.24548736721808714    -0.019809665763299303    2.250026444453095e-06         308.053531976201    -0.008792533504624727      0.10534281060666818    0.0019982100618550483       0.4984510126216081       0.6720992222702677        29042.97668104373       224.35281778023534       29267.329498823965
                       19        861.5212601843584      0.15309339138272143       3.6805102688644062       0.2454873585829176    -0.019825473597994615    2.250025576956761e-06       308.04582942129656    -0.008788667719731698      0.10534313450060415      0.00199422976292705       0.4984506624734838       0.6721514698548534       25368.822423009402        224.3687962495065       25593.191219258908
                       20        861.5186483703253      0.15309354826959332       3.6804757434413133      0.24548735426533283    -0.019833377515342275    2.250025143208594e-06        308.0419781438444    -0.008786734827285182      0.10534329644757214     0.001992239613463051      0.49845048739942166       0.6721775936471461        23511.78271039188       224.37681373252073         23736.1595241244
                       21        861.5173424633088      0.15309362671302923        3.680458480729766      0.24548735210654044     -0.01983732947401611   2.2500249263345103e-06        308.0400525051183    -0.008785768381061926      0.10534337742105612    0.0019912445387310516       0.4984503998623906       0.6721906555432926        23053.37991282318       224.38082953612258       23277.760742359304
                       22        861.5166895098005      0.15309366593474721       3.6804498493739928      0.24548735102714425     -0.01983930545335302    2.250024817897469e-06       308.03908968575524    -0.008785285157950299      0.10534341790779812    0.0019907470013650523      0.49845035609387506       0.6721971864913657       23161.671342462392       224.38283920344713        23386.05418166584
                       23        861.5170159865546      0.15309364632388822        3.680454165051879      0.24548735156684234    -0.019838317463684564   2.2500248721159894e-06       308.03957109543677    -0.008785526769506113      0.10534339766442713     0.001990995770048051       0.4984503779781328       0.6721939210173292        23067.07713622611       224.38183422265786        23291.45897044877
                       24        861.5171792249317       0.1530936365184587        3.680456322890823       0.2454873518366914     -0.01983782346885033     2.25002489922525e-06        308.0398118002775     -0.00878564757528402      0.10534338754274163    0.0019911201543895522       0.4984503889202617       0.6721922882803109        23051.29528984125       224.38133184260846        23275.67662168386
                       25        861.5172608441203      0.15309363161574396        3.680457401810294      0.24548735197161592    -0.019837576471433218     2.25002491277988e-06        308.0399321526979    -0.008785707978172973      0.10534338248189888    0.0019911823465603015      0.49845039439132616       0.6721914719118017        23050.23647432972       224.38108068017007        23274.61755500989
                       26         861.517220034526      0.15309363406710136       3.6804568623505585      0.24548735190415366    -0.019837699970141773   2.2500249060025652e-06        308.0398719764877    -0.008785677776728496      0.10534338501232025    0.0019911512504749264       0.4984503916557939       0.6721918800960562       23050.224696910103       224.38120625909036       23274.605903169195
                       27        861.5172404393231      0.15309363284142263       3.6804571320804262       0.2454873519378848    -0.019837638220787494   2.2500249093912226e-06        308.0399020645928    -0.008785692877450737      0.10534338374710957     0.001991166798517615      0.49845039302356003        0.672191676003929       23050.097314546445       224.38114346905547         23274.4784580155
                       28        861.5172399081146      0.15309363331771464        3.680457109209809      0.24548735193845617    -0.019837640708803856   2.2500249112191883e-06        308.0399000233342    -0.008785691924590736       0.1053433828995922     0.001991155313622108       0.4984503928363571       0.6721916893802047       23050.092031706343        224.3811406212864        23274.47317232763
                       29        861.5172348617632      0.15309363313512708        3.680457108153311      0.24548735192954815     -0.01983764278257177    2.250024912118136e-06        308.0398999144306    -0.008785691474814769      0.10534338316623491      0.00199115466177174       0.4984503926960284       0.6721916916219912       23050.092291333556        224.3811438565621       23274.473435190117
                       30        861.5172311258248       0.1530936411920868        3.680456731097686      0.24548735194790272    -0.019837681842330056    2.250024941440317e-06       308.03986627590166    -0.008785676171281244      0.10534336888787671    0.0019909654377605673       0.4984503897413953       0.6721919105256096        23050.04954680215       224.38109354084375       23274.430640342995
                       31        861.5172302348786      0.15309364156804445       3.6804567078216213        0.245487351947331    -0.019837685177311187    2.250024942683735e-06       308.03986407264637    -0.008785675014276982      0.10534336830425785     0.001990956719113904       0.4984503894592753       0.6721919236351934       23050.045420611135       224.38109122939613        23274.42651184053
                       32         861.517231126139      0.15309364119195534       3.6804567311054326      0.24548735194792132     -0.01983768184114506   2.2500249414413992e-06         308.039866269191    -0.008785676128928025      0.10534336888809123     0.001990965441008856      0.49845038963278143       0.6721919110494463        23050.04944231058       224.38109270291469       23274.430535013496
                       33        861.5172311254097      0.15309364119226948        3.680456731085017      0.24548735194786553    -0.019837681843829696    2.250024941442974e-06       308.03986626179505    -0.008785676168367076       0.1053433688875975     0.001990965433697248       0.4984503895618645       0.6721919113614228       23050.049477991233       224.38109349447174       23274.430571485704
aborted minimisation     
Minimisation aborted as it proceeded too slow                
 restart
                       34        861.5172302348786      0.15309364156804445       3.6804567078216213        0.245487351947331    -0.019837685177311187    2.250024942683735e-06       308.03986407264637    -0.008785675014276982      0.10534336830425785     0.001990956719113904       0.4984503894592753       0.6721919236351934       23050.045420611135       224.38109122939613        23274.42651184053
                       35        861.5172267788123       0.1530936413143431       3.6804567014550233       0.2454873519417527    -0.019837703363813824    2.250024941638303e-06       308.03986387072496    -0.008785661773068774      0.10534336900505611    0.0019909626543704504       0.4984503894274174       0.6721919253072157        23049.99996747524       224.38093551281526       23274.380902988054
                       36        861.5172291428006       0.1530936415934685        3.680456702756562      0.24548735194582663     -0.01983768557686084    2.250024942887781e-06        308.0398637633633    -0.008785655144581671      0.10534336830201003    0.0019909557385098774      0.49845038941159625        0.672191926128799        23050.01442617551       224.38070348073143        23274.39512965624
                       37        861.5172259253496      0.15309364140484222       3.6804566984955978      0.24548735194166285     -0.01983769897433539   2.2500249422386334e-06       308.03986356348605    -0.008785660169493026      0.10534336880872587    0.0019909604106845987       0.4984503893886614       0.6721919277301278        23050.00015572587        224.3808789595855       23274.381034685455
                       38        861.3461017979137      0.15309762459238224       3.6796630442734655      0.24548711620878583    -0.019900339732058497     2.25005691213738e-06        307.9914017298859     -0.00567226348376277      0.10534301796536365    0.0018373216340787301      0.49844291851621814       0.6725826530641473        20796.76253403162       169.90638027630655       20966.668914307924
                       39        861.3461050988268        0.153097624921204        3.679663047856746      0.24548711621434227     -0.01990031802368484    2.250056913570961e-06        307.9914017218786    -0.005672263476533322      0.10534301711036598    0.0018373130351941739      0.49844291851599476       0.6725826530751644        20786.89926105075       169.90625558016518       20956.805516630913
                       40        861.3461017879889      0.15309762459249693       3.6796630442520852      0.24548711620877858    -0.019900339734723275   2.2500569121392334e-06       307.99140172817374    -0.005672263481178011      0.10534301796527336    0.0018373216272075696        0.498442918515999       0.6725826530776992       20796.762530747117       169.90638025234168        20966.66891099946
                       41         861.346202059444       0.1530976345799735       3.6796631531115915       0.2454871163775559     -0.01989968036457839   2.2500569556807944e-06       307.99140148667334    -0.005672263264176414       0.1053429919957691    0.0018370604526134044      0.49844291850943206        0.672582653398778       20631.091710333345       169.90259281837177       20800.994303151718
                       42        861.3462020594407      0.15309763457997372        3.679663153111351      0.24548711637755144    -0.019899680364577683   2.2500569556809193e-06       307.99140148585263    -0.005672263264085542      0.10534299199576902    0.0018370604526130924       0.4984429185092133       0.6725826534124852       20631.091708638956       169.90259281698332        20800.99430145594
                       43        861.3462020594004       0.1530976345799761       3.6796631531086907      0.24548711637750273    -0.019899680364597154    2.250056955682279e-06        307.9914014768504    -0.005672263264761707       0.1053429919957691     0.001837060452620464      0.49844291850681466       0.6725826535626764       20631.091691619906         169.902592828011       20800.994284447916
                       44        861.3462020591155      0.15309763457999298        3.679663153089378      0.24548711637715412     -0.01989968036473964    2.250056955691879e-06       307.99140141283044   -0.0056722631842798295      0.10534299199576988    0.0018370604526744445       0.4984429184896266       0.6725826546286633       20631.091570627017       169.90259157571808       20800.994162202736
                       45         861.346202059444      0.15309763457997388       3.6796631531110258      0.24548711637755322     -0.01989968036457877   2.2500569556807855e-06        307.9914014864581    -0.005672263265448484      0.10534299199576896    0.0018370604526134933       0.4984429185092501        0.672582653398796       20631.091710279696        169.9025928382235        20800.99430311792
                       46        861.2880320870734      0.15310115796913093       3.6757247277585927      0.24541558994448365    -0.019924430754845786    2.252042521307039e-06        294.8152383598378   -0.0016475053094468567      0.10534297283745253    0.0018463599959696803      0.49491826810543416        0.892132431081979        9056.104377960512       118.88626667232006        9174.990644632831
                       47        861.2880320871939       0.1531011579691245        3.675724727766114      0.24541558994462379    -0.019924430754785696    2.252042521303065e-06       294.81523838657745   -0.0016475052965408575      0.10534297283745153    0.0018463599959469802       0.4949182681124012       0.8921324306201287        9056.104340789094       118.88626653427616         9174.99060732337
                       48        861.2880320870186      0.15310115796913498        3.675724727754269         0.24541558994441     -0.01992443075485825   2.2520425213090215e-06       294.81523834682923   -0.0016475053036721348       0.1053429728374516     0.001846359995974149       0.4949182681017784       0.8921324312901776        9056.104373161164       118.88626661407994        9174.990639775244
                       49        861.2873085668728      0.15310132021886325        3.675586177815159      0.24541372193416044    -0.019923262473710904   2.2520846405585824e-06       294.56600059744846   -0.0005255905290005112      0.10534283774128578    0.0018458939898717643       0.4948258841968772       0.8947382245028547        8055.495478405084       108.06536277302646         8163.56084117811
                       50        861.2873085670299       0.1531013202189545       3.6755861778208647      0.24541372193487737    -0.019923262473696704    2.252084640572225e-06       294.56600059605256   -0.0005255905362323357      0.10534283774121347    0.0018458939898665613        0.494825884196897       0.8947382244828219        8055.495472507439       108.06536283743388        8163.560835344873
                       51        861.2873085668675       0.1531013202188608        3.675586177814658      0.24541372193413724    -0.019923262473711092    2.252084640558183e-06        294.5660005971289   -0.0005255905286584203      0.10534283774128789    0.0018458939898717613       0.4948258841966643       0.8947382244977102         8055.49547835137       108.06536276994366        8163.560841121314
                       52        861.3038152580199      0.15311102506439878        3.676127007889069      0.24548929541596665     -0.01992171392779936   2.2535307984347064e-06        294.3489788441156   -0.0012671863340254887      0.10533517387060196    0.0018453126988720214       0.4947873102438647       0.8915168398011044        7641.926789274428       115.01968979287162          7756.9464790673
                       53        861.3863487137551      0.15315954929207615         3.67883115825862       0.2458671628249978     -0.01991397119824164   2.2607615878153252e-06        293.2638700774512    -0.004975165359150373      0.10529685451718285    0.0018424062438733065       0.4945944404788022        0.875409916292353       10700.830905115961       160.48668411429833       10861.317589230259
                       54        861.3450819858874       0.1531352871782375       3.6774790830738437      0.24567822912048223      -0.0199178425630205    2.257146193125016e-06        293.8064244607834    -0.003121175846587931       0.1053160141938924     0.001843859471372664      0.49469087536133344       0.8834633780467287        8087.589852810815        135.5249871156264         8223.11483992644
                       55        861.3244486219536       0.1531231561213181       3.6768030454814564      0.24558376226822445     -0.01991977824540993    2.255338495779861e-06        294.0777016524495     -0.00219418109030671      0.10532559403224717    0.0018445860851223426       0.4947390928025991       0.8874901089239164        7627.009700833367       124.71528849475939        7751.724989328126
                       56        861.3141319399867      0.15311709059285844        3.676465026685263      0.24553652884209556    -0.019920746086604643   2.2544346471072835e-06        294.2133402482826   -0.0017306837121660998      0.10533038395142456     0.001844949391997182       0.4947632015232319       0.8895034743625104        7575.606161057756       119.72822665394307       7695.3343877116995
                       57        861.3141319399963       0.1531170905928667       3.6764650266848244       0.2455365288421445    -0.019920746086599266    2.254434647108536e-06         294.213340246683   -0.0017306837092680048      0.10533038395141821    0.0018449493919950666      0.49476320152263825       0.8895034743639813        7575.606160083904       119.72822662354253        7695.334386707446
                       58        861.3141319400283       0.1531170905928838        3.676465026686185      0.24553652884228713     -0.01992074608659989    2.254434647111031e-06       294.21334024676906   -0.0017306837138450172      0.10533038395140473    0.0018449493919953466       0.4947632015228203       0.8895034743558482        7575.606160835643       119.72822667152155        7695.334387507165
                       59        861.3185808119194      0.15311994821625502        3.676525920801528      0.24555732767645996      -0.0199199876311952   2.2548586577752758e-06       293.97845410391375    -0.001719384512216115      0.10532815495042643    0.0018446543199035332       0.4946900929188938       0.8889647719840181        7532.748455171337       119.60671048147279         7652.35516565281
                       60        861.3185772116063      0.15311994790808214       3.6765259117612903       0.2455573276706769     -0.01992001036608744   2.2548586563281856e-06        293.9784540668584   -0.0017193845269196052      0.10532815580796784    0.0018446607593611856      0.49469009290054544       0.8889647719989406        7532.653603780708       119.60684154295744        7652.260445323665
                       61        861.3185805509754       0.1531199482393641        3.676525915303289      0.24555732767625688    -0.019919988513869738    2.254858657770238e-06       293.97845406179556   -0.0017193843799799295      0.10532815494551141     0.001844652141492911      0.49469009290033816       0.8889647719824375        7532.747434657598       119.60671449244794        7652.354149150046
                       62        861.3185806217441       0.1531199482441679        3.676525915893989      0.24555732767626987    -0.019919987724201282    2.254858657820432e-06       293.97845406109644   -0.0017193844698772075      0.10532815493713783    0.0018446543574008596       0.4946900928997913       0.8889647720065197        7532.748006538831       119.60671057348972        7652.354717112321
                       63        861.2298123772431      0.15312780369881945       3.6746561666424675      0.24555725854903004     -0.02022031870509532   2.2548569337986023e-06        293.9641310461626   -0.0016744259156566124      0.10532649219605024    0.0011041653392153687      0.49468378268154584       0.8889642371095939       11216.637227269697       120.98853975306179       11337.625767022759
                       64        861.2741965945812      0.15312387595753724       3.6755910437219974      0.24555729311274502     -0.02007015316814526    2.254857795786939e-06        293.9712925750382   -0.0016969052139363637      0.10532732357323833     0.001474409829559451      0.49468693780021983        0.888964504546806        8218.673252868155       120.29342088067153        8338.966673748826
                       65        861.2963887032503      0.15312191208689613       3.6760584822617624       0.2455573103946025     -0.01999507039967023    2.254858226781107e-06       293.97487333947595    -0.001708144863076239      0.10532773926183238     0.001659532074731492       0.4946885153595568        0.888964638265412        7531.541078042192       119.94901462192323        7651.490092664115
                       66        861.3074847575849      0.15312093015157557       3.6762922015316457       0.2455573190355312    -0.019957529015432716   2.2548584422781915e-06        293.9766637216949   -0.0017137646876461774       0.1053279471061294    0.0017520931973175127       0.4946893041392253        0.888964705124715        7496.837219910643       119.77759978691077        7616.614819697555
                       67        861.3019367304177      0.15312142111923588       3.6761753418967045      0.24555731471506687     -0.01997629970755147   2.2548583345296493e-06        293.9757685305854   -0.0017109547753612082      0.10532784318398089    0.0017058126360245023      0.49468890974939106       0.8889646716950635        7498.256597625429        119.8632415132202         7618.11983913865
                       68        861.3047107440012      0.15312117563540567        3.676233771714175      0.24555731687529903    -0.019966914361492092   2.2548583884039204e-06        293.9762161261402   -0.0017123597315036928      0.10532789514505514    0.0017289529166710075       0.4946891069443082       0.8889646884098893        7494.579928679802        119.8204042272663        7614.400332907068
                       69        861.3047107422759       0.1531211756348373       3.6762337716504883      0.24555731686857019    -0.019966914363651018    2.254858388307268e-06       293.97621612153137   -0.0017123597334442594      0.10532789514554432     0.001728952911431304      0.49468910692586643       0.8889646884482124        7494.579925071189         119.820404261167        7614.400329332356
                       70        861.3047107435833       0.1531211756351109        3.676233771680277      0.24555731687206112    -0.019966914361114498   2.2548583883585105e-06       293.97621611298104   -0.0017123597314513475      0.10532789514529359    0.0017289529176418238      0.49468910691475027       0.8889646884225195        7494.579926524717       119.82040422476956        7614.400330749487
                       71         861.304710743562       0.1531211756351908        3.676233771672085      0.24555731687265844     -0.01996691436150056   2.2548583883681472e-06        293.9762161044081   -0.0017123597296188446      0.10532789514524227    0.0017289529166822453        0.494689106898262       0.8889646884070909        7494.579926710164        119.8204042080313        7614.400330918195
                       72         861.304710742585      0.15312117563482264       3.6762337715953706      0.24555731686789156    -0.019966914362189475    2.254858388303869e-06        293.9762160737733    -0.001712359734532834      0.10532789514557295    0.0017289529150407725      0.49468910682129574        0.888964688311134        7494.579922910403       119.82040426372663        7614.400327174129
                       73        861.3047107396833       0.1531211756328535        3.676233771062755      0.24555731684209736    -0.019966914357674982   2.2548583879733126e-06        293.9762157654443   -0.0017123597467985571      0.10532789514732845    0.0017289529264748354       0.4946891061106233       0.8889646875189878         7494.57989847175       119.82040436586293        7614.400302837613
                       74        861.3047107397701      0.15312117563344785       3.6762337711613977       0.2455573168485092     -0.01996691436106332   2.2548583880592547e-06        293.9762158353863   -0.0017123597375590174      0.10532789514685764    0.0017289529180423726       0.4946891062483255       0.8889646875059237         7494.57990629172       119.82040428829968         7614.40031058002
                       75        860.0851723406257      0.15253936412789054       3.5485498143706495      0.23816332219076425     -0.01998798905538333   2.1562664032165908e-06       229.46916279502196   -0.0010999804222175912      0.10584290532015854    0.0017657413352382748      0.34842581355475155       0.7854618570464024        6134.576040299786       116.80985928731863        6251.385899587104
                       76        860.6949415423136       0.1528302698816481       3.6123917930424128      0.24186031953303164     -0.01997745170843771    2.205562395810256e-06         261.722689460581    -0.001406170076860641      0.10558540023260683     0.001747347125954641      0.42155746024952984       0.8372132727281458        5413.023730487282       117.67207623678422        5530.695806724066
                       77        860.3900569414697      0.15268481700476938       3.5804708037065307      0.24001182086189793     -0.01998272038191052    2.180914399513423e-06        245.5959261278015   -0.0012530752495391161      0.10571415277638269     0.001756544230596458      0.38499163690214067        0.811337564887274        5322.999705275934       117.08020388192433        5440.079909157858
                       78        860.3900569381674       0.1526848170029531         3.58047080332721      0.24001182083932174     -0.01998272038059911    2.180914399212017e-06       245.59592595360573   -0.0012530752329436307      0.10571415277796292    0.0017565442341043638      0.38499163645143347       0.8113375641930445        5322.999668700911       117.08020371960353        5440.079872420514
                       79        860.3900569262371       0.1526848169957044        3.580470801697251       0.2400118207492763    -0.019982720370402263   2.1809143980132917e-06         245.595925065803   -0.0012530752090316264      0.10571415278429448    0.0017565442602746199       0.3849916344161793       0.8113375621354727        5322.999639707834       117.08020347567287       5440.0798431835065
                       80        860.1005957891215        0.152525615970248        3.547221966448987      0.23803293486030316     -0.01986777051215134    2.154495055213691e-06       230.32704326401813   0.00020157843776177735       0.1058526663585701     0.002064024742781066       0.3454855361988224       0.7504858530268563         4187.23866900062       104.39996207836879       4291.6386310789885
                       81        860.2453263652955       0.1526052164875087        3.563846385077759      0.23902237786110056    -0.019925245447030927    2.167704727363557e-06        237.9614846959098   -0.0005257484058886694       0.1057834095674764     0.001910284486688762       0.3652385865504816       0.7809117089570652         4186.06311426101       110.35314337954577        4296.416257640556
                       82        860.1729610772086      0.15256541622887831       3.5555341757633734      0.23852765636070186    -0.019896507979591135    2.161099891288624e-06       234.14426397996397  -0.00016208498406344515      0.10581803796302325     0.001987154614734914        0.355362061374652       0.7656987809919608       4029.5682671905606       107.27981782880708        4136.848085019367
                       83        860.1729610640749      0.15256541622260533        3.555534174389873        0.238527656280928    -0.019896507979844238   2.1610998902256112e-06       234.14426331359823  -0.00016208496955655467      0.10581803796857249    0.0019871546150708806       0.3553620597904101       0.7656987794161593        4029.568243577175         107.279817758954        4136.848061336129
                       84        860.1729610764793       0.1525654162285146       3.5555341756842287      0.23852765635598877    -0.019896507979523595    2.161099891227248e-06       234.14426394843244  -0.00016208498660032732      0.10581803796334403     0.001987154614957282       0.3553620612706019       0.7656987807548049       4029.5682647472336        107.2798178518645        4136.848082599098
                       85        859.3153361428682      0.15215304143153574       3.4653312234143137      0.23326787805451557    -0.019898489501786996   2.0912660932074417e-06       191.60567047729756   0.00018933114615517742      0.10618265767047719     0.002045411266456636      0.24904383100485394        0.636118018523688        3210.037875136056        108.7990488368086       3318.8369239728645
                       86        859.3153361451582      0.15215304143261948        3.465331223663415      0.23326787806832525     -0.01989848950179261    2.091266093392253e-06        191.6056706039741    0.0001893311350871802      0.10618265766951089    0.0020454112663227586       0.2490438312954435        0.636118019137269        3210.037871460826       108.79904890933892        3318.836920370165
                       87        859.3153361467358      0.15215304143337915       3.4653312238319316       0.2332678780778902     -0.01989848950184222   2.0912660935209485e-06       191.60567070425478   0.00018933113515763253       0.1061826576688379     0.002045411266099168      0.24904383148095316       0.6361180188993418         3210.03787243748       108.79904889614008         3318.83692133362
                       88        859.3153361419616      0.15215304143108122       3.4653312233283353       0.2332678780486521      -0.0198984895018147   2.0912660931318414e-06       191.60567045810683   0.00018933114455297467      0.10618265767087023    0.0020454112665098034      0.24904383089424414       0.6361180183928272        3210.037874511956       108.79904885304526       3318.8369233650014
                       89        859.3153361410333       0.1521530414305487       3.4653312232718267      0.23326787804169064      -0.0198984895018873   2.0912660930479128e-06       191.60567051769283   0.00018933114486121248      0.10618265767130143    0.0020454112666388976      0.24904383080031373       0.6361180185356674         3210.03787239819       108.79904884619916        3318.836921244389
                       90        859.2891097949723      0.15213600307523345       3.4649044961322844       0.2330322356839863    -0.019906018475898242   2.0887114433719145e-06       196.81258141095293   -0.0006139401360622174      0.10619556359757439     0.002042387930658154      0.24609339687258025       0.6284656682873825        3093.680815195464       115.19723234359523       3208.8780475390595
                       91        859.2891097948626      0.15213600307516856       3.4649044961248405      0.23303223568309558    -0.019906018475914358   2.0887114433617425e-06       196.81258143919283   -0.0006139401337407133      0.10619556359762676    0.0020423879306906588      0.24609339685272968       0.6284656682816088       3093.6808139463196       115.19723232014324       3208.8780462664627
                       92        859.2891097945184      0.15213600307496922         3.46490449610266      0.23303223568049064    -0.019906018475964744   2.0887114433305738e-06       196.81258146134826   -0.0006139401333736839      0.10619556359778674     0.002042387930785126      0.24609339681868675       0.6284656684106821        3093.680813166154       115.19723231546807       3208.8780454816224
                       93        859.2891097948723       0.1521360030751699        3.464904496128611       0.2330322356830143    -0.019906018475924648   2.0887114433622333e-06       196.81258143237875   -0.0006139401381371999      0.10619556359762317     0.002042387930653312       0.2460933968419785       0.6284656682581284        3093.680815065757       115.19723236076915       3208.8780474265263
                       94        859.1828142256373      0.15207384346823793       3.4580588248144046      0.23220254537574497     -0.01992205605159507   2.0789950504018675e-06       210.12280358185603   2.6245000401716248e-05      0.10624544560865411     0.002070964149747517      0.23226996165013508       0.6526873156037563        8398.298849855242       108.72751320114448        8507.026363056386
                       95        859.2359620103048       0.1521049232717357       3.4614816604733445      0.23261739052986563    -0.019914037263746655    2.083853246886891e-06       203.46769249640448   -0.0002938475678302497      0.10622050460311425    0.0020566760402028353       0.2391816792613577       0.6405764919455693       3458.8435977279905       111.87541415003133        3570.719011878022
                       96        859.2625359026384       0.1521204631734846       3.4631930783028144      0.23282481310692596    -0.019910027869822447   2.0862823451294025e-06       200.14013695367868   -0.0004538938519462344      0.10620803410034432     0.002049531985430495      0.24263753806696897       0.6345210801164759       3002.1694219766096       113.51458359122863        3115.684005567838
                       97        859.2625359025011      0.15212046317342687       3.4631930782729548       0.2328248131060943    -0.019910027869783246    2.086282345118603e-06        200.1401369637845   -0.0004538938342178861      0.10620803410040366     0.002049531985627672      0.24263753799404497       0.6345210803625173       3002.1694179661445        113.5145834344894        3115.684001400634
                       98        859.2625359025561      0.15212046317343125       3.4631930782988842      0.23282481310606307    -0.019910027869840304   2.0862823451212088e-06        200.1401369826853  -0.00045389385218249506      0.10620803410038629    0.0020495319854354596       0.2426375380213337       0.6345210801080026        3002.169421764996       113.51458359121169       3115.6840053562078
                       99        859.2571347393155      0.15211777317096153        3.462333501450577      0.23278393693140698    -0.019909416743094405    2.085819233982783e-06       201.05315675647574  -1.3209841440639525e-06      0.10621051040220772    0.0020547362364435424       0.2397282860226434       0.6406853171238975        2947.755682507035        109.5996713306417        3057.355353837677
                      100        859.2571347394182       0.1521177731710211        3.462333501455417      0.23278393693207988    -0.019909416743073255   2.0858192339919694e-06       201.05315674987764   -1.320983882601226e-06        0.106210510402161     0.002054736236423594      0.23972828599263374       0.6406853171175916        2947.755682380593        109.5996713293723        3057.355353709965
                      101        859.2571347393751      0.15211777317098707        3.462333501452691      0.23278393693122384    -0.019909416743079642   2.0858192339867263e-06       201.05315679039774  -1.3209839702290477e-06       0.1062105104021883    0.0020547362364154304       0.2397282858603394       0.6406853171099738       2947.7556821410876       109.59967132797799       3057.3553534690654
                      102         859.257134739403       0.1521177731710065       3.4623335014530694      0.23278393693151717    -0.019909416743074386   2.0858192339896362e-06       201.05315676523728  -1.3209841696545932e-06       0.1062105104021735    0.0020547362364208713      0.23972828586699602       0.6406853171581502       2947.7556822152997       109.59967133195985       3057.3553535472597
                      103        859.2571347393015      0.15211777317092517       3.4623335014506873       0.2327839369296016    -0.019909416743109174    2.085819233977262e-06       201.05315682750108  -1.3209897312058128e-06      0.10621051040223575    0.0020547362363666785      0.23972828559685766       0.6406853171002252        2947.755681796788       109.59967137556896        3057.355353172357
                      104        859.3455890966575       0.1521628472339322       3.4649145879747607      0.23287758977485923     -0.01988929928948019   2.0926952255279046e-06        211.4666930370502   -6.978093124959325e-05      0.10617617052775209    0.0020306108472775627      0.07860435805560484       0.6726131322122466       2791.5916845296915       111.88887860857623        2903.480563138268
                      105         859.345589097131      0.15216284723421047       3.4649145879949774      0.23287758977801817    -0.019889299289385782     2.09269522557044e-06        211.4666929813286   -6.978093436394751e-05      0.10617617052753467    0.0020306108471910074      0.07860435783113467       0.6726131322039106       2791.5916840357218        111.8888786435601        2903.480562679282
                      106        859.3455890967249      0.15216284723396878        3.464914587973631       0.2328775897748796     -0.01988929928946244    2.092695225532955e-06       211.46669303481906   -6.978093462937929e-05      0.10617617052772543     0.002030610847260634      0.07860435778274671       0.6726131322065925       2791.5916842346523       111.88887864258754         2903.48056287724
                      107        859.3455890965861      0.15216284723389284        3.464914587967095      0.23287758977428938    -0.019889299289492193   2.0926952255210348e-06       211.46669303803648   -6.978093223348504e-05      0.10617617052778476       0.0020306108472916      0.07860435785073239        0.672613132143539        2791.591684280641       111.88887862094784       2903.4805629015887
                      108         859.345589096828      0.15216284723405266       3.4649145879739764      0.23287758977679499     -0.01988929928944423    2.092695225544397e-06       211.46669295116286   -6.978093343007127e-05      0.10617617052766071    0.0020306108472668547       0.0786043577004189       0.6726131320178212        2791.591683610675       111.88887864113623        2903.480562251811
                      109         859.341919376161      0.15216095394880458       3.4640764969081976      0.23283115724312664    -0.019889631013853378   2.0922851390991205e-06        211.0267297070153   -0.0003094390332969831       0.1061779366679286     0.002031310306232274      0.04447638771405532       0.6639435560682049        2768.787875594123       114.69701686086091       2883.4848924549838
                      110        859.3419193760951      0.15216095394876789       3.4640764969031945      0.23283115724263415     -0.01988963101386008    2.092285139093086e-06       211.02672970092982    -0.000309439033175124      0.10617793666795851    0.0020313103062434357     0.044476387314259735        0.663943556083579        2768.787875389073       114.69701686948913       2883.4848922585625
                      111        859.3419193761505      0.15216095394879964        3.464076496906575       0.2328311572430292     -0.01988963101385451   2.0922851390978783e-06        211.0267296938257   -0.0003094390312033714       0.1061779366679333    0.0020313103062334437       0.0444763871620123       0.6639435560806607       2768.7878753457926        114.6970168564724        2883.484892202265
                      112        859.3419193761077      0.15216095394877532       3.4640764969033526       0.2328311572427117     -0.01988963101385877    2.092285139094045e-06       211.02672970549142   -0.0003094390330517817      0.10617793666795289    0.0020313103062411597      0.04447638769133089       0.6639435560564455        2768.787875569633       114.69701685940171       2883.4848924290345
                      113        859.3419193759916      0.15216095394871193         3.46407649689212      0.23283115724178638    -0.019889631013870476    2.092285139082819e-06       211.02672969405552   -0.0003094390332702805      0.10617793666800586    0.0020313103062604664     0.044476387740776446       0.6639435560350853       2768.7878755086804       114.69701686120247        2883.484892369883
                      114        859.3419193755433       0.1521609539484695       3.4640764968453217       0.2328311572381225    -0.019889631013915637    2.092285139038515e-06       211.02672963930138  -0.00030943903166431863      0.10617793666821071     0.002031310306334055      0.04447638797035769       0.6639435559093777       2768.7878752992283       114.69701684693774        2883.484892146166
                      115        859.3419193761574      0.15216095394880308       3.4640764969070332      0.23283115724305212     -0.01988963101385368   2.0922851390984784e-06       211.02672970619824  -0.00030943903349454904      0.10617793666793052     0.002031310306233025      0.04447638767836787        0.663943556059947        2768.787875587699       114.69701686344115       2883.4848924511402
                      116        859.2635212317315       0.1521180647305186       3.4565695830259093       0.2322074810222916    -0.019897560795812355   2.0847053612178666e-06       204.55679106334077   -8.520560333870504e-05      0.10621374898967899    0.0020443434843691677    0.0013953048059978657       0.6489612635471513       2739.2056902716818       114.42221436786163       2853.6279046395434
                      117        859.2635212317019       0.1521180647305021       3.4565695830235335      0.23220748102205102     -0.01989756079581518   2.0847053612149587e-06       204.55679106579106   -8.520560348020297e-05      0.10621374898969269    0.0020443434843741364     0.001395304782095541       0.6489612635517868        2739.205690258325       114.42221436943566       2853.6279046277605
                      118        859.2635212317276      0.15211806473051664       3.4565695830252885      0.23220748102223554     -0.01989756079581277   2.0847053612172495e-06       204.55679106355763   -8.520560321597856e-05      0.10621374898968103     0.002044343484369985    0.0013953048064754836       0.6489612635483709       2739.2056902725885       114.42221436680768        2853.627904639396
                      119        859.2627688208873      0.15211765538330824       3.4564953904646822       0.2322002682965621      -0.0198976346167038    2.084620853812521e-06       204.61452981171993   -8.253260852071273e-05      0.10621410826326921     0.002044477358397186     0.000947251169500507       0.6491064429012977        2739.101204403065       114.40631567890544         2853.50752008197
                      120        859.2627729504884      0.15211765586504644       3.4564953814796704      0.23220026828809617    -0.019897607253623256   2.0846208530042462e-06       204.61452981002594    -8.25326954033978e-05      0.10621410754617214    0.0020444737964833665    0.0009472511693723873       0.6491064428986688        2739.100840880058       114.40615843530334       2853.5069993153616
                      121         859.262769048787      0.15211765548737188       3.4564953767279114      0.23220026828064777    -0.019897632566723465    2.084620851213264e-06       204.61452981255994   -8.253318128663596e-05       0.1062141085553937    0.0020444829493572675    0.0009472511694114116       0.6491064429482284        2739.101144611781       114.40630790413792        2853.507452515919
                      122        859.2627695153877      0.15211765585722564       3.4564953258720426      0.23220026823280854    -0.019897629457660267    2.084620842969701e-06       204.61452985592416   -8.252417306078841e-05      0.10621410948850218     0.002044496213366444    0.0009472511907404058       0.6491064418028569       2739.1011735814704       114.40621296626286       2853.5073865477334
                      123        859.2808456511441       0.1521259144817665       3.4554051259576593      0.23219900562361345     -0.01973508070683085   2.0844146081974853e-06       204.61459800740224   -0.0001275696515123225       0.1062372873530336     0.002487934774236266    0.0009472449180211173       0.6491101176423172       2868.2273864853305       113.79283385664498       2982.0202203419753
                      124        859.2718072360157      0.15212178493253736        3.455950258211171      0.23219963696008777    -0.019816357661767325    2.084517731005003e-06       204.61456390956107  -0.00010505113001651849      0.10622569780815141     0.002266206066316726    0.0009472480437608399       0.6491082802718074        2750.370489622031       114.09802039801095       2864.4685100200422
                      125        859.2672880284516       0.1521197201579228        3.456222824337927      0.23219995262832493    -0.019856996139235562    2.084569292408762e-06        204.6145468606405   -9.379186926861474e-05      0.10621990303571031    0.0021553417123569563    0.0009472496066306735       0.6491073615865526       2739.0356061062107       114.25177944601714        2853.287385552228
                      126        859.2650284246695       0.1521186877706155       3.4563591074013047      0.23220011046244352    -0.019877315377969683   2.0845950731106417e-06        204.6145383361802   -8.816223889466374e-05      0.10621700564948977    0.0020999095353770713    0.0009472503880655903       0.6491069022439251        2738.612720132132       114.32895041435104        2852.941670546483
                      127        859.2661582265605      0.15211920396426915       3.4562909658696155      0.23220003154538424    -0.019867155758602623    2.084582182759702e-06       204.61454259841037   -9.097705408163924e-05      0.10621845434260004    0.0021276256238670138    0.0009472499973481319       0.6491071319152388        2738.616061023689        114.2903406431565       2852.9064016668453
                      128        859.2655933256149      0.15211894586744235       3.4563250366354605      0.23220007100391388    -0.019872235568286153   2.0845886279351717e-06       204.61454046729528   -8.956964648815235e-05      0.10621772999604491     0.002113767579622042    0.0009472501927068611        0.649107017079582        2738.576706495818       114.30963945699689        2852.886345952815
                      129        859.2655933254657      0.15211894586732927       3.4563250366086518      0.23220007100096857    -0.019872235566560793   2.0845886278989623e-06       204.61454047203853   -8.956964722042597e-05      0.10621772999645548      0.00211376758435842    0.0009472501972444536       0.6491070170855079       2738.5767064461884       114.30963945202922       2852.8863458982178
                      130        859.2655933255501      0.15211894586740854         3.45632503663131      0.23220007100315024    -0.019872235568396488   2.0845886279274387e-06        204.6145404683856   -8.956964642331533e-05      0.10621772999605716     0.002113767579325604     0.000947250197836258       0.6491070170788558       2738.5767064882116       114.30963945690203       2852.8863459451136
                      131        859.2620116705998      0.15211655551267028       3.4558396440681145      0.23214025732243143     -0.01984895227770919    2.083888185772877e-06       204.70792564186075   -9.907193139480075e-05      0.10622408260050543    0.0021778197561486447    0.0011227237437484994       0.6491796657477393        2738.013510236869       114.23407146319903        2852.247581700068
                      132        859.2441033955243       0.1521046037388098        3.453412681231389      0.23184118891501926    -0.019732535824824367   2.0803859749614037e-06        205.1748515146882   -0.0001465833559280462      0.10625584562280811    0.0024980806387816575     0.002000091498956691       0.6495429090885263        2793.251242716724       113.86116382873651       2907.1124065454605
                      133        859.2530575330621      0.15211057962574004       3.4546261626497516      0.23199072311872537    -0.019790744051266778   2.0821370803671403e-06       204.94138857827448  -0.00012282764366142347      0.10623996411165677    0.0023379501974651515    0.0015614076213525951       0.6493612874181328       2744.0849095728972       114.04659007627463        2858.131499649172
                      134        859.2575346018309      0.15211356756920513        3.455232903358932       0.2320654902205784    -0.019819848164487983   2.0830126330700087e-06       204.82465711006762  -0.00011094978752811124       0.1062320233560811    0.0022578849768068983     0.001342065682550575       0.6492704765829361        2738.581668367489       114.14007387731355       2852.7217422448025
                      135        859.2597731362155      0.15211506154093768       3.4555362737135233       0.2321028737715049    -0.019834400221098586    2.083450409421443e-06       204.76629137596422    -0.000105010859461456      0.10622805297829327    0.0022178523664777715    0.0012323947131495094       0.6492250711653378       2737.9927476424737       114.18700844715046       2852.1797560896243
                      136        859.2608924034076      0.15211580852680395       3.4556879588908194      0.23212156554696817    -0.019841676249403885     2.08366929759716e-06       204.73710850891248  -0.00010204139542812837      0.10622606778939936    0.0021978360613132083    0.0011775592284490322       0.6492023684565386        2737.955039687923       114.21052389939825       2852.1655635873212
                      137         859.260892403121      0.15211580852663864        3.455687958870766       0.2321215655436933     -0.01984167624924163     2.08366929756111e-06        204.7371085129168   -0.0001020413955825656      0.10622606778957464    0.0021978360617789243     0.001177559241293702       0.6492023684594278        2737.955039650493       114.21052389902441        2852.165563549517
                      138        859.2608924032737       0.1521158085267228       3.4556879588742033         0.23212156554481    -0.019841676248896843    2.083669297573212e-06       204.73710851075847  -0.00010204139556425386      0.10622606778956743     0.002197836062712454    0.0011775592430716686       0.6492023684568929       2737.9550396801055       114.21052389691432         2852.16556357702
                      139        859.2608924033831      0.15211580852679268        3.455687958886564      0.23212156554643543    -0.019841676249395424   2.0836692975920137e-06       204.73710850795283  -0.00010204139536324625      0.10622606778941511    0.0021978360613384967    0.0011775592367864185       0.6492023684552631        2737.955039685356       114.21052389868395         2852.16556358404
                      140        859.2608924032112      0.15211580852673107        3.455687958833475       0.2321215655404472     -0.01984167624906755    2.083669297536174e-06        204.7371084926728  -0.00010204139442235131      0.10622606778959214     0.002197836062253304     0.001177559349224977       0.6492023684342924       2737.9550396813697       114.21052388740108       2852.1655635687707
                      141        859.2608924034117       0.1521158085268135       3.4556879588848766      0.23212156554635954     -0.01984167624943302    2.083669297592495e-06       204.73710850839197  -0.00010204139533889767      0.10622606778939649     0.002197836061232387    0.0011775592308512772       0.6492023684510781        2737.955039687566       114.21052389881208        2852.165563586378
                      142        859.2439055519087      0.15210835390135097       3.4518032341454816      0.23166024084314826    -0.019813528927925025    2.079257657189241e-06       204.14972291563902  -5.7961114925989335e-05      0.10624186289820968    0.0022762993573806002     0.007028882989006557       0.6477392653029894       2737.4169089124425       113.57983650506537        2850.996745417508
                      143        859.2439055514784      0.15210835390118005       3.4518032340592724      0.23166024083244496     -0.01981352892837108   2.0792576570910096e-06        204.1497228972811  -5.7961113566129194e-05      0.10624186289838285      0.00227629935619675     0.007028883113076201       0.6477392652657585       2737.4169088611043       113.57983649510716       2850.9967453562112
                      144        859.2439055515714      0.15210835390118832       3.4518032340800433      0.23166024083521605    -0.019813528927312186    2.079257657111885e-06        204.1497229069914  -5.7961114628423543e-05       0.1062418628985243     0.002276299359091541     0.007028883047376366       0.6477392652854272       2737.4169088973463       113.57983649822283        2850.996745395569
aborted minimisation     
Minimisation aborted as it proceeded too slow                
 restart
                      145        859.2439055514784      0.15210835390118005       3.4518032340592724      0.23166024083244496     -0.01981352892837108   2.0792576570910096e-06        204.1497228972811  -5.7961113566129194e-05      0.10624186289838285      0.00227629935619675     0.007028883113076201       0.6477392652657585       2737.4169088611043       113.57983649510716       2850.9967453562112
                      146         859.243901689773      0.15210835353008922       3.4518032291162752       0.2316602408249972    -0.019813554024538486   2.0792576553026067e-06       204.14972289785388  -5.7961880178712375e-05      0.10624186389453898    0.0022763075536586497      0.00702888311257116       0.6477392653103445         2737.39212581044       113.57998671863481        2850.972112529075
                      147        859.2439055519421        0.152108353907614        3.451803233238402       0.2316602408316445     -0.01981352885790466   2.0792576569614996e-06       204.14972289679287  -5.7961423007593156e-05       0.1062418629126664    0.0022762995504372573     0.007028883112527584       0.6477392652638145        2737.416901433574       113.57983864192104        2850.996740075495
                      148         859.243905568587      0.15210835390960398       3.4518032330332966      0.23166024083146808    -0.019813528829330174   2.0792576569323015e-06       204.14972289760354    -5.79610868142335e-05      0.10624186291494989     0.002276299521163859      0.00702888311248373       0.6477392652458469       2737.4169492502783       113.57983568126818       2850.9967849315467
                      149        859.2438987928155      0.15210899530933086       3.4517206275651873      0.23166016024688796    -0.019806818406804556   2.0792446098279496e-06       204.14967408490875    -8.89669623849437e-05      0.10624331361602793    0.0022959299001455414     0.007028827973157736       0.6477390655045796       2736.7222954404106       113.79757846590141        2850.519873906312
                      150        859.2438987928108      0.15210899530933403        3.451720627561988       0.2316601602466233     -0.01980681840677281    2.079244609824916e-06        204.1496740853546   -8.896696246797015e-05         0.10624331361604     0.002295929900239291     0.007028827972701213        0.647739065501774        2736.722295438123       113.79757846636926       2850.5198739044927
                      151        859.2438987929199      0.15210899530942446       3.4517206275554084      0.23166016024644742    -0.019806818406608393   2.0792446098260827e-06       204.14967408576794    -8.89669629720044e-05      0.10624331361603309    0.0022959299007115444    0.0070288279711873125        0.647739065492872       2736.7222954306035       113.79757846957051        2850.519873900174
                      152        859.2438987928265      0.15210899530934774        3.451720627557756      0.23166016024624947     -0.01980681840679051   2.0792446098214456e-06       204.14967408494752   -8.896696224468359e-05       0.1062433136160342     0.002295929900186909     0.007028827971847673       0.6477390655001795         2736.72229543879       113.79757846466813        2850.519873903458
                      153        859.2438987928521      0.15210899530937178       3.4517206275554004      0.23166016024614391    -0.019806818406738366   2.0792446098210268e-06       204.14967408396328   -8.896696240843165e-05       0.1062433136160359    0.0022959299003374174     0.007028827971429286       0.6477390655015808        2736.722295437739        113.7975784658236       2850.5198739035627
                      154        859.2438987943834      0.15210899531138483       3.4517206269429748      0.23166016019707128    -0.019806818403359305   2.0792446093389736e-06       204.14967402878915   -8.896696109971979e-05      0.10624331361671116     0.002295929910180435     0.007028827867455734       0.6477390653316317        2736.722295285186       113.79757844192426       2850.5198737271103
                      155        859.2438987928354      0.15210899530935307       3.4517206275599115       0.2316601602463737    -0.019806818406791733    2.079244609822736e-06        204.1496740847937   -8.896696229517245e-05      0.10624331361602897    0.0022959299001820803     0.007028827975113505       0.6477390655060021        2736.722295440332       113.79757846503884        2850.519873905371
aborted minimisation     
Minimisation aborted as it proceeded too slow               
 finished