                   sim_nr                        h                    alpha                  sca_sto                       wg               gammatheta                   gammaq                      CO2                   advCO2                      z0m                      z0h                    FracH         obs_sca_cf_CO2mh                     data               background                    Costf
                        1        691.1729733701255       0.6250142563767129         1.99568967382708      0.25290581307549276   -0.0014510553821928847   -3.916321608599471e-06        359.9052005386278     0.005239696338677692      0.08765911997124445     0.004718796026821156       0.7822301050347383       0.3814333870271397        761564.5574802309                      0.0        761564.5574802309
                        2        691.1729715335719       0.6250142561593158        1.995689672277022       0.2529058130741535   -0.0014510795873084604  -3.9163216102167984e-06        359.9052004435231    0.0052396908406201256       0.0876591202025847     0.004718797150688016       0.7822301050340081       0.3814333874288958        761560.0934661655    8.469951054003947e-11        761560.0934661656
                        3        690.5460191633881       0.6249400423521161       1.9951605223787467        0.252905355892149    -0.009714085878582591   -3.916873724367815e-06        359.8727341229539    0.0033627948546783738      0.08773809383662572      0.00510245650173423       0.7822298557581214       0.3815705366844183        719335.6879273109        9.870639496234817        719345.5585668072
                        4        690.5460188701707        0.624940042323915       1.9951605226472022       0.2529053558919974      -0.0097140858531216   -3.916873724367973e-06       359.87273402413183    0.0033627892782138917      0.08773809390048827     0.005102456660705805       0.7822298557574072       0.3815705370933066        719335.4737420068        9.870653015287559        719345.3443950221
                        5        690.5460191570232       0.6249400423483554       1.9951605223954836       0.2529053558921308    -0.009714085879027876  -3.9168737243676925e-06        359.8727341006974    0.0033627948600163803      0.08773809384072555     0.005102456499480784       0.7822298557573955       0.3815705367819951        719335.6878629461         9.87063948405182        719345.5585024301
                        6        690.5459611601203       0.6249400113388139       1.9951606511437472      0.25290535574194606    -0.009714089725838877   -3.916873723461949e-06        359.8725550207899     0.003362838185828282       0.0877381287078485    0.0051024439038594264       0.7822298499119935       0.3815713219463201        719335.1696925967         9.87054107333404          719345.04023367
                        7        675.6960418604438       0.6162517063618902       2.0339113300416045        0.252863342976217    -0.010725840935660369   -3.916589550975851e-06       308.49251610931617     0.012377148538065347      0.09722974075750232   1.0000000000027348e-07       0.7805552613231892       0.6068169316797151        509488.8378642549        44.43283591051352        509533.2707001654
                        8         683.121030511916       0.6205958743570031       2.0145359262101756        0.252884349434183     -0.01021996340712148   -3.916731637671833e-06         334.182625116135      0.00786997169637186      0.09248391729706401    0.0025512782508671154       0.7813925585406554       0.4941937341820667        599767.1436107781        13.48474967612803        599780.6283604542
                        9        679.4085361861798       0.6184237903594467         2.02422362812589          0.2528738462052    -0.010472902171390923   -3.916660594323842e-06        321.3375706127256     0.010123560117218603      0.09485682902728317    0.0012756891254335576       0.7809739099319223       0.5505053329308909         546316.001192508       25.542045786509238        546341.5432382945
                       10        677.5522890233118       0.6173377483606685        2.029067479083748       0.2528685945907085    -0.010599371553525645  -3.9166250726498464e-06        314.9150433610209     0.011250354327641975      0.09604328489239275    0.0006378945627167794       0.7807645856275558        0.578661132305303       524221.23691264907         34.1332540968085       524255.37016674585
                       11        676.6241654418778       0.6167947273612794       2.0314894045626755      0.25286596878346274    -0.010662606244593007   -3.916607311812848e-06        311.7037797351685     0.011813751432853662      0.09663651282494753    0.0003189972813583894       0.7806599234753726        0.592739031992509       515078.01939046534       39.069498315735295        515117.0888887811
                       12        676.1601036511609       0.6165232168615848        2.032700367302141      0.25286465587983986    -0.010694223590126688  -3.9165984313943496e-06       310.09814792224233     0.012095449985459503      0.09693312679122493   0.00015954864067919527       0.7806075923992809       0.5997779818361121        505546.5077661202       41.697780441142974       505588.20554656134
                       13        676.3921345465194       0.6166589721114321        2.032094885932408       0.2528653123316513    -0.010678414917359847   -3.916602871603599e-06        310.9009638287054     0.011954600709156583      0.09678481980808623   0.00023927296101879277       0.7806337579373267       0.5962585069143105       498621.06625475094       40.370292710443785        498661.4365474614
                       14        676.5081499941986       0.6167268497363557       2.0317921452475423        0.252865640557557    -0.010670510580976426  -3.9166050917082236e-06         311.302371781937     0.011884176071005122      0.09671066631651688    0.0002791351211885911       0.7806468407063496       0.5944987694534097       475717.37573833554       39.716558846090685        475757.0922971816
                       15        676.5661577180382       0.6167607885488176       2.0316407749051093       0.2528658046705099    -0.010666558412784717   -3.916606201760536e-06       311.50307575855277      0.01184896375192939       0.0966735895707322    0.0002990662012734898        0.780653382090861       0.5936189007229594       353463.57645497564        39.39219441416328        353502.9686493898
                       16         676.595161579958       0.6167777579550484        2.031565089733892       0.2528658867269863    -0.010664582328688861   -3.916606756786692e-06       311.60342774686063     0.011831357592391525      0.09665505119783988    0.0003090317413159396       0.7806566527831168       0.5931789663577343        514822.9047165595        39.23063782326186        514862.1353543828
                       17         676.580659648998        0.616769273251933          2.0316029323195       0.2528658456987481     -0.01066557037073679   -3.916606479273614e-06        311.5532517527067     0.011840160672160458      0.09666432038428605   0.00030404897129471427        0.780655017436989       0.5933989335403468       322712.63015244063        39.31136398329071       322751.94151642395
                       18        676.5734086835181       0.6167650309003753       2.0316218536123047      0.25286582518462897    -0.010666064391760753   -3.916606340517075e-06        311.5281637556297     0.011844562212044924      0.09666895497750913   0.00030155758628410204        0.780654199763925       0.5935089171316531       258796.23760562643       39.351766164871535        258835.5893717913
                       19        676.5770341662582       0.6167671520761542       2.0316123929659025      0.25286583544168856    -0.010665817381248771   -3.916606409895345e-06        311.5407077541682     0.011842361442102694      0.09666663768089759   0.00030280327878940815        0.780654608600457           0.593453925336       168754.49457338138       39.331561815617285       168793.82613519698
                       20        676.5788469076281       0.6167682126640436       2.0316076626427018       0.2528658405702183     -0.01066569387599278   -3.916606444584479e-06        311.5469797534374     0.011841261057131576      0.09666547903259182   0.00030342612504206164        0.780654813018723       0.5934264294381734       126499.36034253852       39.321462084838025       126538.68180462337
                       21        676.5797532783131       0.6167687429579882        2.031605297481102      0.25286584313448324    -0.010665632123364785  -3.9166064619290464e-06        311.5501157530721     0.011840710864646017      0.09666489970843893    0.0003037375481683884       0.7806549152278559       0.5934126814892601       158466.39685481976        39.31641283041038       158505.71326765016
                       22        676.5793000929707        0.616768477811016       2.0316064800619014       0.2528658418523508    -0.010665662999678782   -3.916606453256763e-06       311.54854775325475     0.011840985960888796      0.09666518937051537     0.000303581836605225       0.7806548641232894       0.5934195554637167       127468.07574145404       39.318937406710695       127507.39467886076
                       23        676.5790735002994       0.6167683452375298        2.031607071352301       0.2528658412112845    -0.010665678437835781   -3.916606448920621e-06        311.5477637533461     0.011841123509010187      0.09666533420155358    0.0003035039808236429       0.7806548385710061       0.5934229924509451       125695.56423441553       39.320199733045996       125734.88443414858
                       24        676.5789602039638       0.6167682789507867        2.031607366997502       0.2528658408907514     -0.01066568615691428  -3.9166064467525504e-06       311.54737175339176      0.01184119228307088      0.09666540661707271   0.00030346505293285184       0.7806548257948646       0.5934247109445593       125826.58754125882        39.32083090575992       125865.90837216459
                       25        676.5790168521314       0.6167683120941583       2.0316072191749015        0.252865841051018     -0.01066568229737503   -3.916606447836586e-06        311.5475677533689     0.011841157896040535      0.09666537040931314   0.00030348451687824737       0.7806548321829354       0.5934238516977521        125687.6168422999        39.32051531860744       125726.93735761852
                       26        676.5790451762155        0.616768328665844       2.0316071452636013       0.2528658411311513    -0.010665680367605406   -3.916606448378604e-06       311.54766575335753      0.01184114070252536      0.09666535230543337   0.00030349424885094557       0.7806548353769708       0.5934234220743486       125672.45563341165       39.320357525627834       125711.77599093728
                       27        676.5790310141734       0.6167683203800011       2.0316071822192514       0.2528658410910846     -0.01066568133249022   -3.916606448107595e-06       311.54761675336323     0.011841149299282948      0.09666536135737326    0.0003034893828645956        0.780654833779953       0.5934236368860504       125675.35126793728       39.320436422067914       125714.67170435935
                       28        676.5790380951945       0.6167683245229225        2.031607163741427      0.25286584111111793    -0.010665680850047812     -3.9166064482431e-06        311.5476412533604     0.011841145000904153      0.09666535683140332    0.0003034918158577706        0.780654834578462       0.5934235294801995        125672.7200229481        39.32039697383543       125712.04041992193
                       29        676.5790416357049       0.6167683265943833        2.031607154502514       0.2528658411211346     -0.01066568060882661   -3.916606448310851e-06       311.54765350335896     0.011841142851714757      0.09666535456841834    0.0003034930323543581       0.7806548349777164       0.5934234757772741       125672.29043420247        39.32037724972854       125711.61081145219
                       30        676.5790434059602       0.6167683276301137        2.031607149883058       0.2528658411261429    -0.010665680488216008   -3.916606448344728e-06       311.54765962835825     0.011841141777120059      0.09666535343692585    0.0003034936406026518       0.7806548351773436       0.5934234489258113       125672.29849233702        39.32036738767741        125711.6188597247
                       31        676.5790425208326       0.6167683271122485       2.0316071521927865      0.25286584112363875    -0.010665680548521309  -3.9166064483277895e-06        311.5476565658586     0.011841142314417408       0.0966653540026721   0.00030349333647850495         0.78065483507753       0.5934234623515426       125672.27585206479       39.320372318702766        125711.5962243835
                       32        676.5790402795951       0.6167683272395863       2.0316071539008673        0.252865841123514    -0.010665678763876304   -3.916606446117777e-06        311.5476561756501     0.011841119083884074      0.09666535360647367     0.000303483522261656       0.7806548350506488       0.5934234640144129       125718.52518542993         39.3201708068914       125757.84535623682
                       33         676.579016138549       0.6167683272871382        2.031607159934631       0.2528658411175991    -0.010665709565556533   -3.916606433345533e-06        311.5476534063279     0.011840953768424986      0.09666535252868277   0.00030347106829328035       0.7806548348592885         0.59342347585212       125670.66528689429        39.31882082850359       125709.98410772279
                       34        638.6657513178683       0.6170186306699577        2.042723179045425      0.25285715807292836     -0.05240405592099573  -3.8950843867761084e-06        307.0082878372164      -0.2590476131044692      0.09454959352798073                    1e-07       0.7803412819867862       0.6128200862092482                      nan       45551.844695249616                      nan 
nan reached, no restart               
 finished