                   sim_nr                        h                    alpha                  sca_sto                       wg               gammatheta                   gammaq                      CO2                   advCO2                      z0m                      z0h                    FracH         obs_sca_cf_CO2mh                     data               background                    Costf
                        1        685.3701442157725       0.5998099285580601       0.7702848817540295       0.2630530998879842     0.008885897959324044  -1.7340773435766453e-07       368.40338560283294     0.005215639569898341      0.03578229766226522     0.006183283990103225       0.2473111992013869       1.4835004638046938       20936.281189213107                      0.0       20936.281189213107
                        2        685.3701455476863       0.5998099280863741       0.7702849601897128       0.2630530998863093     0.008885897166479301  -1.7340773453916524e-07       368.40338720004473     0.005215662059531228      0.03578229774247952     0.006183285225825659      0.24731119918084482        1.483500443498007       20936.259591874685    3.278412708966691e-10       20936.259591875012
                        3        685.3701451675519       0.5998099279841744       0.7702849740299733      0.26305309988576947     0.008885895967943439  -1.7340773463384383e-07        368.4033870515214      0.00521563898149791      0.03578229782032943     0.006183285522170329       0.2473111991781356       1.4835004453098009       20936.278083496036    6.969058583189719e-13       20936.278083496036
                        4        685.3701449901647        0.599809927869015       0.7702848445995567        0.263053099885475     0.008885893017277914   -1.734077349793596e-07       368.40338631628833     0.005215639424116313      0.03578229789548812     0.006183284000953457      0.24731119915444671        1.483500454864594       20936.280053218863   2.7292773386409405e-12       20936.280053218867
                        5        693.1809109882654       0.5951103844796584       1.5260100948087096       0.2630349681124934    -0.007395921260509902   -1.756679850659029e-07        380.2789978448508     0.001093419372857821     0.037075177480685235     0.018728651560257093      0.24712075147002494       1.3318912817233406       15534.136691595026        42.60873625469221       15576.745427849717
                        6        689.2755276020189       0.5974601565188593        1.148147488281369       0.2630440340002388    0.0007449883494070712  -1.7453785971178372e-07       374.34119172384186     0.003154529471378081     0.036428737571475224     0.012455967775180158      0.24721597533570588       1.4076958727640172       10436.298847037084       10.652184063673053       10446.951031100756
                        7        691.2282192951423       0.5962852704992588       1.3370787915450393       0.2630395010563661    -0.003325466455551417   -1.751029223888433e-07        377.3100947843463     0.002123974422117951      0.03675195752608023     0.015592309667718626       0.2471683634028654        1.369793577243679        9345.320956231984       23.967414143264374        9369.288370375249
                        8        692.2045651417038       0.5956978274894587       1.4315444431768736      0.26303723458442974     -0.00536069385803066   -1.753854537273731e-07        378.7945463145985    0.0016086968974878863      0.03691356750338273      0.01716048061398786       0.2471445574364452       1.3508424294835097         9318.63492874852        32.62231369499873         9351.25724244352
                        9        692.6927380649845       0.5954041059845585       1.4787772689927916      0.26303610134846156    -0.006378307559270281  -1.7552671939663802e-07       379.53677207972464    0.0013510581351728534      0.03699437249203398     0.017944566087122478      0.24713265445323507       1.3413668556034253        9175.875493584665       37.449084598850575        9213.324578183516
                       10         692.936824526625       0.5952572452321084       1.5023936819007506      0.26303553473047747     -0.00688711440989009  -1.7559735223127045e-07        379.9078849622877    0.0012222387540153376     0.037034774986359605     0.018336608823689787      0.24712670296162997       1.3366290686633828        9315.266086675088        39.98730033277266         9355.25338700786
                       11        692.8147812958048       0.5953306756083334       1.4905854754467711       0.2630358180394695   -0.0066327109845801865  -1.7556203581395423e-07       379.72232852100615    0.0012866484445940955     0.037014573739196796      0.01814058745540613      0.24712967870743252        1.338997962133404        9237.706958013663        38.70778994231195        9276.414747955974
                       12        692.7537596803948        0.595367390796446       1.4846813722197822      0.26303595969396554    -0.006505509271925232  -1.7554437760529611e-07        379.6295503003654    0.0013188532898834745      0.03700447311561539     0.018042576771264304       0.2471311665803338       1.3401824088684147        9423.997697820507       38.075836639706324        9462.073534460213
                       13        692.7232488726895       0.5953857483905023        1.481729320606286      0.26303603052121355    -0.006441908415597757  -1.7553554850096704e-07         379.583161190045    0.0013349557125281642     0.036999422803824684      0.01799357142919339       0.2471319105167844         1.34077463223592        8830.424656729852       37.761810461559726        8868.186467191412
                       14        692.7385042765421       0.5953765695934741        1.483205346413035       0.2630359951075895    -0.006473708843761495   -1.755399630531316e-07       379.60635574520524    0.0013269045012058193      0.03700194795972003     0.018018074100228848      0.24713153854855913       1.3404785205521672        8240.195820916004       37.918661011203355        8278.114481927207
                       15        692.7461319784684       0.5953719801949601       1.4839433593164078      0.26303597740077755    -0.006489609057843364  -1.7554217032921387e-07        379.6179530227853    0.0013228788955446467      0.03700321053766771     0.018030325435746578      0.24713135256444646        1.340330464710291       10766.689997052643       37.997208190597426        10804.68720524324
                       16        692.7423181275052        0.595374274894217       1.4835743528647214       0.2630359862541835    -0.006481658950802431  -1.7554106669117274e-07       379.61215438399523     0.001324891698375233      0.03700257924869387     0.018024199767987713       0.2471314455565028        1.340404492631229       8032.2982873868095        37.95792444218605        8070.256211828995
                       17        692.7442250529868       0.5953731275445886       1.4837588560905637       0.2630359818274805    -0.006485634004322897   -1.755416185101933e-07        379.6150537033903      0.00132388529695994     0.037002894893180795      0.01802726260186714       0.2471313990604746         1.34036747867076         8239.01721114081        37.97756377671313        8276.994774917523
                       18        692.7432715902461       0.5953737012194028       1.4836666044776425        0.263035984040832    -0.006483646477562662  -1.7554134260068302e-07       379.61360404369276    0.0013243884976675865      0.03700273707093733     0.018025731184927427      0.24713142230848867       1.3403859856509945        8060.575569234746        37.96774347452994        8098.543312709276
                       19        692.7427948588756         0.59537398805681       1.4836204786711829      0.26303598514750776    -0.006482652714182547  -1.7554120464592787e-07         379.612879213844    0.0013246400980214098     0.037002658159815606     0.018024965476457572      0.24713143393249576       1.3403952391411118        8035.355461363164        37.96283379962808        8073.318295162792
                       20        692.7425564931905       0.5953741314755135       1.4835974157679512      0.26303598570084563    -0.006482155832492488   -1.755411356685503e-07        379.6125167989196    0.0013247658981983212      0.03700261870425474      0.01802458262222264      0.24713143974449925       1.3403998658861704         8031.65464075408        37.96037908122457        8069.615019835304
                       21        692.7424373103478       0.5953742031848653       1.4835858843163354       0.2630359859775146   -0.0064819073916474595   -1.755411011798615e-07       379.61233559145745     0.001324828798286777      0.03700259897647431     0.018024391195105176      0.24713144265050102       1.3404021792586998        8031.493730626496        37.95915175178469         8069.45288237828
                       22        692.7424969017693       0.5953741673301894       1.4835916500421433      0.26303598583918014    -0.006482031612069974   -1.755411184242059e-07       379.61242619518856    0.0013247973482425493      0.03700260884036452     0.018024486908663907      0.24713144119750013       1.3404010225724352         8031.44650087599       37.959765414024474        8069.406266290014
                       23        692.7424671060586       0.5953741852575274       1.4835887671792403      0.26303598590834737    -0.006481969501858717  -1.7554110980203373e-07         379.612380893323    0.0013248130732646632      0.03700260390841942      0.01802443905188454      0.24713144192400055       1.3404016009155675        8031.439101080773        37.95945858228454        8069.398559663057
                       24        692.7424677337912       0.5953741848757219        1.483588766824509       0.2630359859078228    -0.006481969601522182  -1.7554110994724263e-07       379.61238102171006    0.0013248130411424902     0.037002604049718044     0.018024439233719595      0.24713144188799657        1.340401599532943        8031.439028758445       37.959459133422456        8069.398487891867
                       25        692.7424961363083        0.595374169205765         1.48358875088487       0.2630359858874619    -0.006481968976117303  -1.7554111482596132e-07        379.6123863673281    0.0013248117672196085      0.03700260926065221       0.0180244465672074      0.24713144038941642       1.3404015433362542        8031.436085392024       37.959465392593614        8069.395550784618
                       26        692.7424671556945       0.5953741848204993       1.4835887669380927       0.2630359859074357    -0.006481969508743742  -1.7554110996840374e-07        379.6123808915226    0.0013248130739712226      0.03700260406049268     0.018024439270326646      0.24713144189047942       1.3404016009337538       8031.4390880546935       37.959458653968014        8069.398546708661
                       27        727.3757389104379       0.5762239786018273       1.4641493008735136      0.26301106871120783    -0.005854801931788944  -1.8153483113928804e-07        386.1428978577279  -0.00023330586372780418      0.04338797924176227       0.0269904444411279      0.24530064664433615       1.2717091643334517       10118.027230900947       48.625265558486184       10166.652496459434
                       28        710.0591030082483       0.5857990819296773        1.473869034026377      0.26302352730977757    -0.006168385716823831   -1.785379704706609e-07       382.87763937552546    0.0005457536047684302     0.040195291575090844      0.02250744174650622      0.24621604428416832       1.3060553826245096        8041.867627364769       42.657143017072315        8084.524770381841
                       29        701.4007850571535       0.5905866335936023       1.4787289006028086      0.26302975660906247    -0.006325177609341273  -1.7703954013634732e-07        381.2450101344242     0.000935283339016546      0.03859894774175513      0.02026594039919538      0.24667374310408446       1.3232284917700385        7485.692850290975        40.14949603635018        7525.842346327325
                       30        701.4007822397623       0.5905866332046343       1.4787288955064355      0.26302975660659167    -0.006325201961306407  -1.7703954176282814e-07       381.24501013999856    0.0009352831722418018      0.03859894859787468     0.020265941063251396      0.24667374310363827       1.3232284917595505       7484.3572853287615        40.14957945949825         7524.50686478826
                       31        701.3690285227308       0.5905822492974155        1.478671456263756       0.2630297287591669     -0.00659966345961647  -1.7705787319360546e-07       381.24507296588405    0.0009334035191623279       0.0386085975873419     0.020273425379524236      0.24667373807440784       1.3232283735536063        7820.090040048748        41.09818274546127         7861.18822279421
                       32        701.3849067899421        0.590584441445509       1.4787001784332823       0.2630297426841147    -0.006462420534478873  -1.7704870666497638e-07       381.24504155015416    0.0009343434290894365     0.038603772664548515      0.02026968288935981      0.24667374058924613       1.3232284326618224        9096.301690074295         40.6217458224371        9136.923435896731
                       33        701.3928459235478       0.5905855375195557       1.4787145395180463       0.2630297496465886    -0.006393799071910074  -1.7704412340066183e-07        381.2450258422892    0.0009348133840529913      0.03860136020315182     0.020267811644277593       0.2466737418466653       1.3232284622159305        9214.351376943527        40.38509753727648        9254.736474480804
                       34        701.3968154903506        0.590586085556579       1.4787217200604275       0.2630297531278255   -0.0063594883406256734  -1.7704183176850458e-07        381.2450179883567    0.0009350483615347691      0.03860015397245348     0.020266876021736487      0.24667374247537488       1.3232284769929845        9256.702379504295        40.26716593878403        9296.969545443078
                       35        701.3988002737522       0.5905863595750906       1.4787253103316171        0.263029754868444    -0.006342332974983473  -1.7704068595242597e-07       381.24501406139046     0.000935165850275658       0.0385995508571043     0.020266408210465936       0.2466737427897297       1.3232284843815114        9275.322989617553       40.208298275559784        9315.531287893113
                       36        701.3997926654528       0.5905864965843465       1.4787271054672146      0.26302975573875326    -0.006333755292162374   -1.770401130443866e-07       381.24501209790736    0.0009352245946461016      0.03859924929942971      0.02026617430483066      0.24667374294690708        1.323228488075775        7501.499249118761        40.17888897795315        7541.678138096714
                       37        701.4002888613032       0.5905865650889744       1.4787280030350107      0.26302975617390784    -0.006329466450751822    -1.77039826590367e-07        381.2450111161658    0.0009352539668313238      0.03859909852059242      0.02026605735201302      0.24667374302549577       1.3232284899229068        7272.516802122351         40.1641904626512        7312.680992585002
                       38         701.400040763378       0.5905865308366605       1.4787275542511118      0.26302975595633055    -0.006331610871457099  -1.7703996981737678e-07        381.2450116070366    0.0009352392807387127      0.03859917391001107      0.02026611582842184      0.24667374298620143       1.3232284889993409         7253.91253957717        40.17153920917707        7294.084078786347
                       39        701.4001648123406       0.5905865479628174       1.4787277786430622       0.2630297560651192    -0.006330538661104461   -1.770398982038719e-07        381.2450113616012    0.0009352466237850191      0.03859913621530175      0.02026608659021743       0.2466737430058486        1.323228489461124        7246.675550934059        40.16786470813287        7286.843415642192
                       40        701.4001648219546       0.5905865479569555       1.4787277786242203       0.2630297560651082   -0.0063305386622693974  -1.7703989820607018e-07        381.2450113675355    0.0009352467395017106      0.03859913621711185      0.02026608659537959      0.24667374300536143       1.3232284893844464        7246.675517911276        40.16786407193618        7286.843381983213
                       41        701.4001648202559       0.5905865479564247       1.4787277786260837       0.2630297560651067    -0.006330538660801063  -1.7703989820602862e-07        381.2450113661618    0.0009352466266800688      0.03859913621742435     0.020266086595879505      0.24667374300533057        1.323228489401455        7246.675548391342         40.1678646929032        7286.843413084245
                       42        701.4001648322968        0.590586547948041       1.4787277786323187       0.2630297560650911    -0.006330538660823113  -1.7703989820889903e-07         381.245011372364    0.0009352466211314213     0.038599136215690395     0.020266086595307715       0.2466737430045184       1.3232284893211608         7246.67554600548        40.16786472396642        7286.843410729446
                       43        701.4001658407316       0.5905865471999925       1.4787277781215842       0.2630297560636671    -0.006330538643328557  -1.7703989846297498e-07         381.245011911853    0.0009352461966667417      0.03859913623160448      0.02026608684550777      0.24667374293710526       1.3232284823041358        7246.675375012329         40.1678671215965        7286.843242133926
                       44        701.4001648310932       0.5905865479566649       1.4787277786776674       0.2630297560651055    -0.006330538661690709  -1.7703989820633728e-07        381.2450113629765    0.0009352466245017392     0.038599136208794856      0.02026608657963428      0.24667374300515188       1.3232284894444333        7246.675550158318       40.167864703270276        7286.843414861589
                       45        709.9076487267207        0.585033216786806       1.4765100133030273      0.26301888953501373    -0.006255973281246385  -1.7896577440019127e-07        384.9087176130887   0.00023634245136561552      0.03840771112032098      0.02147934636642947       0.2461699365257552       1.2756374091521512       14464.549994914953        44.71715801781071       14509.267152932764
                       46        705.6539067695307       0.5878098823748117       1.4776188959730447      0.26302432280006643    -0.006293255971175422   -1.780028363020316e-07       383.07686448734495    0.0005857945375753173     0.038503423667811364      0.02087271647832345       0.2464218397658019       1.2994329493066374        6807.443242537663       42.351113393711856        6849.794355931374
                       47        703.5270357909357       0.5891982151688145       1.4781733373080534       0.2630270394325928    -0.006311897316139943  -1.7752136725295175e-07       382.16093792447305    0.0007605205806801678     0.038551279941556556      0.02056940153427044      0.24654779138582528       1.3113307193838806        6909.238362264551        41.23663955860738        6950.475001823159
                       48        704.5904712802331       0.5885040487718132        1.477896116640549       0.2630256811163296    -0.006302576643657682  -1.7776210177749164e-07       382.61890120590897     0.000673157559127743      0.03852735180468396     0.020721059006296942       0.2464848155758136        1.305381834345259        6809.578044164425        41.78816410308086       6851.3662082675055
                       49        705.1221890248819       0.5881569655733124        1.477757506306796      0.26302500195819806    -0.006297916307416553  -1.7788246903976164e-07         382.847882846627    0.0006294760483515297      0.03851538773624766     0.020796887742310196      0.24645332767080774       1.3024073918259482       6791.7927407497755        42.06821065512667        6833.860951404902
                       50        705.1221900441536       0.5881569649079974        1.477757506041712       0.2630250019568891    -0.006297916297383787  -1.7788246927043503e-07       382.84788327481135    0.0006294759202923259      0.03851538771329928     0.020796887887695126      0.24645332761004318       1.3024073863555239        6791.792575121624        42.06821145338954        6833.860786575014
                       51        705.1221891268601       0.5881569655066861       1.4777575062807706       0.2630250019580611    -0.006297916306473141  -1.7788246906291177e-07       382.84788288944344    0.0006294760385091519      0.03851538773396932      0.02079688775691233       0.2464533276642173       1.3024073912827907       6791.7927337227875       42.068210717544076        6833.860944440332
                       52        710.6928182912721       0.5845194617006373       1.4763196412716297      0.26301771623766873    -0.006244413718666422  -1.7914473781248124e-07        385.1875246066549   -4.993701822652956e-06      0.03839035653284743      0.02159270181952291      0.24610997705313542       1.2726014605391032        6511.635832906135        46.32758640037171        6557.963419306507
                       53        707.9075036580771       0.5863382136369748        1.477038573789212       0.2630213590979334   -0.0062711650130414884   -1.785136034261214e-07       384.01770372664095   0.00031224117326443795     0.038452872134547546     0.021194794780916553      0.24628165236197158       1.2875044261825257       6538.5245294727165        44.12766479128284        6582.652194263999
                       54        709.3001609746746        0.585428837668806       1.4766791075304209      0.26301953766780106   -0.0062577893658539545  -1.7882917061930134e-07        384.6026141666479    0.0001536237357208925      0.03842161433369749     0.021393748300219735      0.24619581470755347       1.2800529433608145        6492.829764115285        45.21006716171068        6538.039831276996
                       55        709.3001610141373       0.5854288376430433       1.4766791075204253       0.2630195376677577    -0.006257789365497134   -1.788291706278553e-07       384.60261418305066   0.00015362373152784294      0.03842161433280952     0.021393748305851855       0.2461958147046212       1.2800529431536285        6492.829763534142       45.210067190954035        6538.039830725096
                       56        709.3001609841864       0.5854288376625676        1.476679107527758       0.2630195376677294    -0.006257789365759998   -1.788291706224771e-07         384.602614170156   0.00015362373393713012      0.03842161433348983      0.02139374830159171      0.24619581470631335       1.2800529433231835        6492.829763966643       45.210067173747255        6538.039831140391
                       57        709.3001609791089       0.5854288376658829       1.4766791075290957      0.26301953766772856    -0.006257789365811535  -1.7882917062135894e-07        384.6026141679093   0.00015362373456049867      0.03842161433360328     0.021393748300864504      0.24619581470634416       1.2800529433534162        6492.829763994923        45.21006716943472        6538.039831164358
                       58        709.3001609651712       0.5854288376748985       1.4766791075321315      0.26301953766754926   -0.0062577893659272864   -1.788291706214042e-07        384.6026141602977    0.0001536237343509753      0.03842161433393321     0.021393748298911736      0.24619581470458418       1.2800529434758607        6492.829764076035         45.2100671699265        6538.039831245961
                       59        710.7454290213547       0.5844783839596148        1.476262561284944       0.2630017518890131    -0.006243834138360544   -1.794098129564994e-07        385.0659426233543   -0.0001683658432813798       0.0383904963578499      0.02160307224197815      0.24588682203124007       1.2762180505249203         6475.53919890379       47.433167425633606       6522.9723663294235
                       60        710.7454265246139       0.5844783822104184       1.4762625630205868       0.2630017518834798       -0.006243857729353  -1.7940981486844234e-07         385.065942571167  -0.00016836065009937298      0.03839049765415278     0.021603074056320826       0.2458868219138129       1.2762180515702624          6475.5731181609        47.43321106116916        6523.006329222069
                       61        710.7454291991213       0.5844783824948938       1.4762625683738353       0.2630017518856935    -0.006243834058705568  -1.7940981330870642e-07        385.0659425640525  -0.00016836033524797196      0.03839049687507616     0.021603073523807526       0.2458868219069878       1.2762180516185886        6475.538903195006        47.43312912102708        6522.972032316034
                       62        710.7454303551433       0.5844783422869784       1.4762627546525788      0.26300175179252605    -0.006243862361289078   -1.794098248621152e-07        385.0659408941245  -0.00016821715995753422     0.038390511938075994     0.021603109071408756      0.24588681853442274        1.276218082131189        6475.590005896821        47.43223624444309        6523.022242141264
                       63        710.7498308056943       0.5844421114097009        1.476438110491392      0.26300166968327654    -0.006241865352187088   -1.794185352964385e-07        385.0644740633247   -3.196480047910639e-05     0.038403305127965484      0.02163481568521703      0.24588374503512023       1.2762451342919385         6472.35655108316       46.496670552760996        6518.853221635922
                       64        710.7498308057479        0.584442111409405       1.4764381104932607      0.26300166968349675    -0.006241865352170584  -1.7941853529539057e-07        385.0644740626517   -3.196479975616992e-05     0.038403305128065966      0.02163481568547397      0.24588374491617843       1.2762451343239265        6472.356550846374        46.49667054772219        6518.853221394096
                       65        710.7498308063442        0.584442111407951       1.4764381105098252       0.2630016696892184    -0.006241865352078879  -1.7941853526930249e-07       385.06447405657246   -3.196479540872304e-05      0.03840330512849594     0.021634815686713445      0.24588374415468395       1.2762451344413117        6472.356549502419         46.4966705176764        6518.853220020095
                       66        710.7757138231309       0.5843149013949189       1.4773041862582819         0.26313580844165    -0.006234681412894547  -1.7878991490378612e-07       384.75159119612596   0.00028553371440707617      0.03844595239726771     0.021745056530533793       0.1932536052896276       1.2896554546269945        6422.761705080844        44.42264417357038        6467.184349254414
                       67        710.7757110523103       0.5843149009793913       1.4773041812106307       0.2631358084390978    -0.006234706090824799  -1.7878991656409693e-07       384.75159120436354   0.00028553368651328126     0.038445953248648926     0.021745057184004324      0.19325360528753982       1.2896554545880672        6422.576559806484        44.42272747088619         6466.99928727737
                       68         710.775713829059       0.5843149013593713       1.4773041863803247       0.2631358084415926     -0.00623468141095951   -1.787899149174595e-07       384.75159120039007   0.00028553370272770256      0.03844595240901939     0.021745056559511398      0.19325360528753094       1.2896554545752952        6422.761703564687        44.42264425113526        6467.184347815823
                       69        710.7757145074332       0.5843148978035988         1.47730419871435       0.2631358084359045    -0.006234680657329496   -1.787899162533259e-07        384.7515916303122    0.0002855328124035817      0.03844595355746142     0.021745059431821576      0.19325360507724137       1.2896554493601822       6422.7666915196805       44.422648344239214       6467.1893398639195
                       70        710.9159032978699        0.583474217516493        1.480190442498138      0.26313445109258404    -0.006188986021752338   -1.791132881040167e-07        384.8524349565453      9.3235815684517e-06      0.03872387573453613     0.022430363357956264      0.19320402079012466       1.2884327935916504       6406.6071481447725       46.311663157256454        6452.918811302029
                       71        710.8458085605005       0.5838945594557059       1.4787473143782108        0.263135129767117    -0.006211833717323444   -1.789516015039014e-07       384.80201307633564   0.00014742864798776394      0.03858491406590192     0.022087709944245026      0.19322881303987616       1.2890441241093225        6408.908814656789          45.353546219828        6454.262360876617
                       72        710.8808559291853       0.5836843884860994       1.4794688784381744      0.26313479042985055     -0.00620040986953789  -1.7903244480395903e-07        384.8272240164405    7.837611477810782e-05     0.038654394900219026      0.02225903665110065       0.1932164169150004       1.2887384588504864        6405.955890721773        45.82920282714587         6451.78509354892
                       73        710.8808559314522       0.5836843884711896       1.4794688784847665      0.26313479042770593     -0.00620040986873467  -1.7903244482327122e-07       384.82722402072733    7.837611312460843e-05      0.03865439490518951     0.022259036663271524      0.19321641691213015       1.2887384588128694        6405.955889931608         45.8292028396584        6451.785092771266
                       74        710.8808559332432       0.5836843884607987       1.4794688785216898      0.26313479042822174   -0.0062004098681682634  -1.7903244482378717e-07        384.8272240229146    7.837611782785751e-05      0.03865439490861175      0.02225903667173331        0.193216416908156       1.2887384587442985        6405.955889444724        45.82920280954506        6451.785092254268
                       75        710.8808559283086       0.5836843884910331       1.4794688784201444      0.26313479042932253    -0.006200409869808016  -1.7903244480549883e-07        384.8272240168617    7.837611816498367e-05      0.03865439489859614     0.022259036647077797      0.19321641691217345       1.2887384588403263         6405.95589049104        45.82920280424526        6451.785093295285
                       76          711.07756776334       0.5823906180768618       1.4835135833683442       0.2629474690303914    -0.006130725062021747  -1.8071478095449857e-07       385.24725809245086   0.00015888971717364572      0.03908558834113586      0.02331487225580458      0.19279229243721885       1.2837811179590788         6379.22743863684        45.44836408466933        6424.675802721509
                       77        710.9792118462626       0.5830375032814806       1.4814912309032593      0.26304112973012095   -0.0061655674657798195   -1.798736128792288e-07        385.0372410544457    0.0001186329159758772     0.038869991620677447     0.022786954453452614       0.1930043546761096       1.2862597884047826        6373.645069591242        45.63469863424913         6419.27976822549
                       78        711.0283898048012       0.5827140606791712       1.4825024071358008       0.2629942993802562    -0.006148146263900783  -1.8029419691686368e-07        385.1422495734483   0.00013876131657476146      0.03897778998090665     0.023050913354628597      0.19289832355666425       1.2850204531819307        6368.540606116106       45.540510154044604         6414.08111627015
                       79        711.0283898064421       0.5827140606649606       1.4825024071693935      0.26299429937304236    -0.006148146263156563  -1.8029419696749915e-07        385.1422495838876    0.0001387613205636809     0.038977789985734514     0.023050913366254158      0.19289832354466335       1.2850204531028206       6368.5406035779115        45.54051012980407        6414.081113707715
                       80        711.0283898071137        0.582714060663774        1.482502407183354      0.26299429937770047    -0.006148146263074035  -1.8029419693862244e-07       385.14224957823444   0.00013876131456472783      0.03897778998604126     0.023050913367192193      0.19289832355044717       1.2850204531447478        6368.540605754391       45.540510169050975        6414.081115923443
                       81        711.1044999910126        0.582150987354852       1.4840649439983267       0.2628176338185087   -0.0061182347721144385  -1.8161352289566385e-07       385.42048029822115   0.00016540778555368223     0.039167085599974776     0.023510877658866502      0.19256363534824616       1.2828930494899835         6338.93821592977        45.43929083276314        6384.377506762533
                       82        711.4850509220693       0.5793356207332558       1.4918776283109523       0.2619343060097713    -0.005968677313182713   -1.882101527896648e-07        386.8116339220854    0.0002986401304482852     0.040113563695315387     0.025810699180056025      0.19089019430615578        1.272256031030248         6891.39647738709        45.01658589028971         6936.41306327738
                       83         711.294775456541       0.5807433040440539       1.4879712861546395      0.26237596991414003    -0.006043456042648575  -1.8491183784266432e-07        386.1160571101533    0.0002320239580009837      0.03964032464764508      0.02466078841946126        0.191726914827201       1.2775745402601157         6339.97618492269        45.21056509820685        6385.186750020896
                       84        711.1996377237767        0.581447145699453        1.486018115076483       0.2625968018663244    -0.006080845407381507  -1.8326268036916409e-07        385.7682687041872    0.0001987158717773321     0.039403705123809925      0.02408583303916388       0.1921452750877236       1.2802337948750497        6329.690883436287         45.3205846496551       6375.0114680859415
                       85        711.1996377440979       0.5814471455589509        1.486018115494062      0.26259680183542056    -0.006080845399866221   -1.832626806157391e-07        385.7682687572913   0.00019871585859034414      0.03940370517080751     0.024085833153866858      0.19214527502639211       1.2802337944725788        6329.690876797351       45.320584754752055        6375.011461552103
                       86        711.1996377250508       0.5814471456901793        1.486018115102663       0.2625968018635957     -0.00608084540688947   -1.832626803895254e-07        385.7682687076969   0.00019871586313127687       0.0394037051269209      0.02408583304673404        0.192145275081044       1.2802337948805118        6329.690882269485        45.32058470702354        6375.011466976509
                       87         711.199637726149       0.5814471456820836        1.486018115125212       0.2625968018610993    -0.006080845406458665   -1.832626804083174e-07        385.7682687117143    0.0001987158699821188     0.039403705129642225      0.02408583305334651      0.19214527507514206       1.2802337948476281        6329.690882838982        45.32058466366632        6375.011467502649
                       88        711.2709725775333       0.5809380161380545        1.487483981106637      0.26246122810121086    -0.006053749575568602  -1.8429610314399362e-07       385.96085882398137  -0.00011530981706761763     0.039574314705966486     0.024501453769721356      0.19183292903504456       1.2798719866980488        6305.633628782699         47.4939560828979        6353.127584865597
                       89        711.2709725714449       0.5809380161695403        1.487483980981251        0.262461228092363    -0.006053749577335956  -1.8429610318197195e-07       385.96085881976325   -0.0001153098991639942       0.0395743146956614     0.024501453744050633      0.19183292901113635       1.2798719871737336        6305.633623951699        47.49395664426374        6353.127580595962
                       90        711.2709725778578       0.5809380161355846       1.4874839811132965      0.26246122810030276    -0.006053749575438375  -1.8429610315028612e-07       385.96085882492906  -0.00011530981657289531      0.03957431470679664     0.024501453771737736      0.19183292903190052       1.2798719867083357        6305.633628667883       47.493956079771266       6353.1275847476545
                       91        711.2709725798849       0.5809380161234474       1.4874839811549894       0.2624612281003833    -0.006053749574774739  -1.8429610315508546e-07       385.96085882786036  -0.00011530980009407787      0.03957431471081414     0.024501453781636498      0.19183292902968208        1.279871986621967        6305.633629540991       47.493955967834694        6353.127585508826
                       92        711.4240753359554       0.5797699544958433       1.4906257077370046       0.2620277562691457    -0.005992183637897719  -1.8729521900958837e-07        386.4106054879862    0.0001028348862825634      0.03996696509523777     0.025455040841463654      0.19033314356364922       1.2848554355627448        6286.582077855896       46.165048875877375        6332.747126731774
                       93        711.3475239567442       0.5803539853169489       1.4890548444218208      0.26224449218517826     -0.00602296660673316    -1.85795661076791e-07       386.18573215598377   -6.237465392526682e-06      0.03977063990060213     0.024978247305592505      0.19108303629934686        1.282363711130397         6284.35868184214        46.81928889267842        6331.177970734819
                       94        711.3857996463499       0.5800619699063961       1.4898402760794127        0.262136124227162    -0.006007575122315438   -1.865454400431897e-07         386.298168821985    4.829871044501749e-05      0.03986880249791995     0.025216644073528076      0.19070808993149801       1.2836095733465709        6280.605214043196         46.4896154876006        6327.094829530796
                       95        711.3857996572083       0.5800619698103471       1.4898402763016687      0.26213612417245663    -0.006007575117350556  -1.8654544039376242e-07       386.29816886319736    4.829875244754308e-05     0.039868802530431444     0.025216644151959094      0.19070808971676945       1.2836095744899523        6280.605202156398        46.48961521621475        6327.094817372613
                       96         711.385799648249       0.5800619698917675       1.4898402761183647       0.2621361242215225    -0.006007575121545627  -1.8654544008185791e-07         386.298168827741   4.8298709165379636e-05     0.039868802502839085     0.025216644085469198       0.1907080899106614       1.2836095734121349        6280.605213711482        46.48961549807575        6327.094829209558
                       97        711.4595151195313       0.5794579682124767        1.491350909354951      0.26185173954769564    -0.005976051567074011   -1.884238775302955e-07       386.54579691900386   0.00014240994307904934      0.04007253031641438     0.025709761153470324      0.18962060766276445       1.2883949924419547         6253.54633179231        45.93904439363037         6299.48537618594
                       98        711.8280924854382       0.5764379597428798       1.4989040757326357      0.26042981615036387    -0.005818433790866877  -1.9781606496582468e-07        387.7839374040982     0.000612966106249206     0.041091169408886546      0.02817534655318156      0.18418319631909658       1.3123220879188737        6691.927912711388        43.44465056064556        6735.372563272033
                       99        711.6438038024847       0.5779479639776783       1.4951274925437925       0.2611407778490297   -0.0058972426789704446  -1.9311997124806008e-07         387.164867161551   0.00037768802466412767      0.04058184986265046     0.026942553853325946      0.18690190199093054       1.3003585401804143        6299.041901449144         44.6380013027908        6343.679902751935
                      100        711.5516594610081       0.5787029660950775       1.4932392009493718       0.2614962586983627    -0.005936647123022229   -1.907719243891778e-07        386.8553320402774   0.00026004898387158807      0.04032719008953242      0.02632615750339813      0.18826125482684747       1.2943767663111845        6246.924645362701       45.275061304623804        6292.199706667325
                      101        711.5516594538968       0.5787029661378386       1.4932392008029325      0.26149625869763843   -0.0059366471253621805   -1.907719243698397e-07       386.85533202758063   0.00026004899078083555      0.04032719007534974      0.02632615746849786      0.18826125479832811       1.2943767667465884        6246.924634070182       45.275061251767646         6292.19969532195
                      102        711.5516594615517       0.5787029660905876       1.4932392009604847       0.2614962586961932    -0.005936647122789119   -1.907719244033405e-07         386.855332042585    0.0002600489809197965      0.04032719009104596      0.02632615750706197      0.18826125481859773       1.2943767663165682        6246.924645163462        45.27506132434349        6292.199706487805
                      103        711.5516594617095       0.5787029660888877        1.493239200963659       0.2614962586948352     -0.00593664712270444   -1.907719244115436e-07       386.85533204405607    0.0002600489846514122      0.04032719009162373     0.026326157508447412      0.18826125481259365       1.2943767663031462        6246.924645145323        45.27506130075864        6292.199706446081
                      104        711.5516594606396        0.578702966093466       1.4932392009413888      0.26149625869131476    -0.005936647122977343  -1.9077192442775068e-07       386.85533204584186    0.0002600489862152576     0.040327190090136605     0.026326157504701124      0.18826125479094097        1.294376766306413       6246.9246421572825        45.27506129015608        6292.199703447439
                      105        711.5516594606917       0.5787029660975925       1.4932392009427886       0.2614962586994163    -0.005936647123156795  -1.9077192438178898e-07        386.8553320406089   0.00026004898131660927      0.04032719008868035     0.026326157501337176      0.18826125482913403       1.2943767661987378        6246.924645118896        45.27506132110641        6292.199706440002
                      106        711.5516594608782       0.5787029660958858       1.4932392009466788      0.26149625869839394   -0.0059366471230662965  -1.9077192438856765e-07       386.85533204002496    0.0002600489839730824      0.04032719008926275     0.026326157502735703        0.188261254824532       1.2943767663168335        6246.924645173421        45.27506130382594        6292.199706477247
                      107        711.6256804553592       0.5780160392664956       1.4947392786222977       0.2610610465569542    -0.005901773382195335  -1.9347458465598896e-07       387.36805301006274    9.861425972386862e-05     0.040559459065843545     0.026886075183229052      0.18638340841824347       1.2890649628073882        6207.268715880681        46.48133338218648        6253.750049262868
                      108        711.9957854271142        0.574581405123586       1.5022396669869256      0.25888498584991193    -0.005727404678060865  -2.0698788599004475e-07       389.93165785898924   -0.0007085593610147252      0.04172080394739914      0.02968566358238365      0.17699417637522347        1.262505945288408        7234.510401104152        53.13373560680851        7287.644136710961
                      109        711.8107329412366       0.5762987221950409       1.4984894728046108      0.25997301620343305      -0.0058145890301281  -2.0023123532301688e-07         388.649855434526  -0.00030497255064542827      0.04114013150662134     0.028285869382806347      0.18168879239673347       1.2757854540478981        6312.183005734762        49.67815077849568        6361.861156513258
                      110        711.7182066982978       0.5771573807307682       1.4966143757134542      0.26051703138019366    -0.005858181206161717  -1.9685290998950292e-07       388.00895422229434  -0.00010317914546077982      0.04084979528623244       0.0275859722830177      0.18403610040748847       1.2824252084276433        6204.490817785894        48.04739615134062        6252.538213937235
                      111        711.6719435768285       0.5775867099986319        1.495676827167875       0.2607890389685739    -0.005879977294178525  -1.9516374732274596e-07       387.68850361617854  -2.2824428684547343e-06      0.04070462717603799      0.02723602373312338      0.18520975441286597       1.2857450856175157       6198.9403790583465        47.25627828451343         6246.19665734286
                      112        711.6719435692107       0.5775867100586718       1.4956768270120921      0.26078903899375305    -0.005879977297314423   -1.951637471542162e-07       387.68850358511946  -2.2824377689020098e-06     0.040704627155846454      0.02723602368414016        0.185209754505951         1.28574508578402        6198.940377242572       47.256278237938524         6246.19665548051
                      113        711.6719435772528       0.5775867099947659       1.4956768271764762       0.2607890389661997    -0.005879977293981502  -1.9516374733749445e-07        387.6885036186993   -2.282444358526689e-06      0.04070462717734448      0.02723602373627524      0.18520975440080717        1.285745085617712        6198.940378917229         47.2562782953616        6246.196657212591
                      114        711.6719435761544       0.5775867100035009        1.495676827154016        0.260789038969965    -0.005879977294436841  -1.9516374731238662e-07       387.68850361394664   -2.282441804763065e-06      0.04070462717440592     0.027236023729149426      0.18520975441332915       1.2857450856574173       6198.9403786880075        47.25627827626205         6246.19665696427
                      115        711.7214245462644        0.577128047671287       1.4966788996165867      0.26049766548394343    -0.005856664894255931  -1.9696356098994862e-07       387.99392673462773    -0.000190466759737001     0.040859710809723226     0.027609934560353544       0.1836970274111432        1.285945415711851        6187.123366780367         48.6446866148457       6235.7680533952125
                      116        711.7214245469247       0.5771280476650075        1.496678899629929       0.2604976654797499    -0.005856664893938081   -1.969635610155797e-07        387.9939267389043   -0.0001904667596990088      0.04085971081184808     0.027609934565472546      0.18369702738770588       1.2859454157284662         6187.12336656576        48.64468661582587        6235.768053181586
                      117         711.721424550135        0.577128047635649       1.4966788996949045      0.26049766546160114    -0.005856664892442976  -1.9696356112829898e-07        387.9939267578061  -0.00019046676004782093      0.04085971082176798     0.027609934589401655      0.18369702727867715       1.2859454157629073        6187.123365825758        48.64468662423801        6235.768052449996
                      118        711.7214245461745       0.5771280476721168       1.4966788996147233        0.260497665484463    -0.005856664894298258   -1.969635609867257e-07       387.99392673388155   -0.0001904667564691766      0.04085971080944166     0.027609934559674733      0.18369702740857113        1.285945415737415        6187.123366614064       48.644686591678905        6235.768053205743
                      119        712.0623864148462       0.5739250134519279       1.5035697715229297      0.25840770427222637    -0.005694238341573711  -2.0979757013751451e-07        390.1270563837894   -8.162700855799537e-06      0.04194300178543032      0.03022075713624508      0.17144725159175395       1.2944456098508033       6654.5665135016825       48.101992571857004         6702.66850607354
                      120        711.8919054805554       0.5755265305616075       1.5001243355697582       0.2594526848780849    -0.005775451617914821  -2.0338056556373155e-07        389.0604915592086   -9.931473029640026e-05      0.04140135629757677     0.028915345848299315      0.17757213950144857       1.2901955127813274        6200.873173588405        48.34838570396768        6249.221559292372
                      121        711.7214245462644        0.577128047671287       1.4966788996165867      0.26049766548394343    -0.005856664894255931  -1.9696356098994862e-07       387.99392673462773    -0.000190466759737001     0.040859710809723226     0.027609934560353544       0.1836970274111432        1.285945415711851        6187.123366780367         48.6446866148457       6235.7680533952125                
 restart
                      122        711.7214245462644        0.577128047671287       1.4966788996165867      0.26049766548394343    -0.005856664894255931  -1.9696356098994862e-07       387.99392673462773    -0.000190466759737001     0.040859710809723226     0.027609934560353544       0.1836970274111432        1.285945415711851        6187.123366780367         48.6446866148457       6235.7680533952125
                      123        711.7214218586049       0.5771280472803715        1.496678894473229      0.26049766548148123    -0.005856689427754403  -1.9696356264980648e-07        387.9939267374227  -0.00019046664316000442      0.04085971157162326     0.027609935087631553      0.18369702740962168       1.2859454157368337        6186.916622360924       48.644766393551144        6235.561388754475
                      124        711.7214245469154        0.577128047640487       1.4966788994373683      0.26049766548390557   -0.0058566648928295925  -1.9696356100376415e-07       387.99392673317766  -0.00019046662624122506      0.04085971081934722      0.02760993457980716      0.18369702740961252       1.2859454157260832        6187.123359458372       48.644685683072815        6235.768045141444
                      125        711.7214244744423       0.5771280466433342       1.4966788935527156       0.2604976654826157    -0.005856665648799797  -1.9696356149891745e-07        387.9939266851568  -0.00019046250537101226       0.0408597111512317      0.02760993521835129      0.18369702736059962       1.2859454161986794        6187.115121375083         48.6446595570487        6235.759780932131
                      126        711.7221047388593         0.57709545315983       1.4964892314492264       0.2604976254409069    -0.005855233893701277  -1.9697818616309425e-07       387.99239224172135  -4.9199016846739784e-05     0.040869897541299244     0.027630522439122673       0.1836954076185786       1.2859604764941563         6183.64457348905        47.67186089176057        6231.316434380811
                      127        711.7221047388937       0.5770954531597222       1.4964892314491554       0.2604976254412057    -0.005855233893695724  -1.9697818616114634e-07       387.99239224095334   -4.919901642938846e-05      0.04086989754132455      0.02763052243918181      0.18369540761700753       1.2859604765072086        6183.644573443131        47.67186088885589        6231.316434331987
                      128        711.7221047389089       0.5770954531594428        1.496489231447498      0.26049762544123894    -0.005855233893683876  -1.9697818616082397e-07       387.99239223824986  -4.9199016751216124e-05      0.04086989754140623      0.02763052243935428      0.18369540760881653        1.285960476582709        6183.644573228519       47.671860890738806        6231.316434119258
                      129        711.7221047389202        0.577095453159195        1.496489231446299       0.2604976254413377     -0.00585523389367234   -1.969781861604471e-07        387.9923922403657   -4.919901452516502e-05      0.04086989754148446      0.02763052243951009       0.1836954076143703       1.2859604765186208        6183.644573430137        47.67186087587561       6231.3164343060125
                      130        711.7221047388425       0.5770954531596035       1.4964892314474092       0.2604976254406751    -0.005855233893692249  -1.9697818616462482e-07       387.99239224147584   -4.919901665545039e-05      0.04086989754137396     0.027630522439271058       0.1836954076153925        1.285960476506162        6183.644573470837        47.67186089044242        6231.316434361279
                      131        711.7289562841758       0.5770433399279219       1.4962746479446896      0.26054842611073276    -0.005852834196027799  -1.9665008835955128e-07        387.7436121304942    8.644043686076037e-05      0.04088450354069677     0.027661751315828344       0.1829961431737696        1.291446087014881       6175.8758236422855        46.73842232479392        6222.614245967079
                      132         711.728956284171       0.5770433399278646        1.496274647944201      0.26054842611063656    -0.005852834196025708  -1.9665008835998996e-07       387.74361213032233    8.644043675379396e-05      0.04088450354071526     0.027661751315865537      0.18299614317133678       1.2914460870220308        6175.875823633221        46.73842232548858         6222.61424595871
                      133         711.728956284184       0.5770433399278301       1.4962746479442224      0.26054842611078505    -0.005852834196023719  -1.9665008835922236e-07        387.7436121302831    8.644043699444466e-05      0.04088450354072317      0.02766175131588417      0.18299614317090812        1.291446087017187        6175.875823639073        46.73842232391188        6222.614245962985
                      134        711.7289562850102       0.5770433399195982       1.4962746479036202      0.26054842611640155   -0.0058528341956550515  -1.9665008832483158e-07        387.7436121113899    8.644044891921064e-05      0.04088450354307169     0.027661751320870776      0.18299614290332694       1.2914460871773545        6175.875823450115       46.738422245454394       6222.6142456955695
                      135        711.7289562848023       0.5770433399222545       1.4962746479174402      0.26054842611523266    -0.005852834195772619  -1.9665008833245655e-07       387.74361211781854    8.644044371089828e-05     0.040884503542295864     0.027661751319244015      0.18299614296592553       1.2914460870693547        6175.875823496874       46.738422280124475        6222.614245776998
                      136        711.7289562846543       0.5770433399239132       1.4962746479254996       0.2605484261142342    -0.005852834195847384  -1.9665008833852337e-07       387.74361212208845    8.644043899754125e-05      0.04088450354181224     0.027661751318230607       0.1829961429902499        1.291446086991105        6175.875823487448          46.738422311589        6222.614245799036
                      137        711.7289562846801       0.5770433399237368       1.4962746479239115      0.26054842611427753    -0.005852834195841461  -1.9665008833786236e-07       387.74361212256775    8.644043464023897e-05      0.04088450354184899     0.027661751318327883      0.18299614292929822       1.2914460869206505        6175.875823380879       46.738422341079804        6222.614245721959
                      138        711.7480531086844       0.5768600185901074        1.495364273142508       0.2606781721323589    -0.005844646838062524  -1.9585265544330445e-07       387.34131642514427    0.0002555461394985538     0.040936387270486034     0.027772459430476223      0.17581476129807488        1.293167895906472        6182.067128472519         45.6644428741609         6227.73157134668
                      139          711.73850469643       0.5769516792590147       1.4958194605435988       0.2606132991215458    -0.005848740517045162  -1.9625137190142787e-07       387.54246427781925   0.00017099328817965715       0.0409104454055914     0.027717105373152282      0.17940545223592225       1.2923069914606764        6175.835891007807        46.19641993950266        6222.032310947309
                      140         711.733730490303       0.5769975095934683       1.4960470542441442       0.2605808626161393   -0.0058507873565364805  -1.9645073013048957e-07        387.6430382041567   0.00012871686252020876      0.04089747447314408     0.027689428344490313      0.18120079770484593       1.2918765392377787        6175.083301460653         46.4661679671546        6221.549469427808
                      141        711.7337304904647       0.5769975095916338       1.4960470542343813       0.2605808626170272    -0.005850787356455928  -1.9645073012444226e-07       387.64303820069136   0.00012871686311504636     0.040897474473668385      0.02768942834560445       0.1812007976225551       1.2918765392459086       6175.0833013731135        46.46616796363046        6221.549469336744
aborted minimisation     
Minimisation aborted as it proceeded too slow                
 restart
                      142        711.7337304904647       0.5769975095916338       1.4960470542343813       0.2605808626170272    -0.005850787356455928  -1.9645073012444226e-07       387.64303820069136   0.00012871686311504636     0.040897474473668385      0.02768942834560445       0.1812007976225551       1.2918765392459086       6175.0833013731135        46.46616796363046        6221.549469336744
                      143        711.7337278002005       0.5769975092111972       1.4960470491301283      0.26058086261457936    -0.005850811908294265  -1.9645073178082583e-07       387.64303820499197   0.00012871681999628083      0.04089747523123898     0.027689428864945864      0.18120079762156638         1.29187653925484        6174.756195827898        46.46624886891854        6221.222444696817
                      144        711.7337304890531       0.5769975095712612       1.4960470540977973       0.2605808626170037    -0.005850787355416943   -1.964507301335571e-07       387.64303820071245   0.00012871683462343763      0.04089747447978366      0.02768942835827267       0.1812007976215576        1.291876539244426       6175.0833000958455        46.46616815347971        6221.549468249325
                      145        711.7337302938963       0.5769975058211141       1.4960470290098566       0.2605808626127263    -0.005850786595273693  -1.9645073177735286e-07       387.64303820521747    0.0001287116393168757      0.04089747559001715       0.0276894306829672      0.18120079743754158        1.291876538963828         6175.09166599875        46.46620090909765        6221.557866907848
                      146        711.7293812746437       0.5769349039392057       1.4956273170083048      0.26058079041488175    -0.005847696887984817   -1.964787464086777e-07       387.64310311363226    4.116383427257184e-05      0.04091626952031383      0.02772835923334908      0.18119773233471015       1.2918719831929921        6172.064551020507       47.054883066941514        6219.119434087448
                      147        711.7293786125927         0.57693490310962       1.4956273088100236      0.26058079041192134    -0.005847721394699525  -1.9647874827161295e-07        387.6431031356253   4.1164616373997483e-05      0.04091627041343419     0.027728360031014847       0.1811977323121231       1.2918719830033005       6172.0900789302295        47.05495839912176        6219.145037329351
                      148        711.7293812982829       0.5769349034682788       1.4956273137670841       0.2605807904143417    -0.005847696865377121  -1.9647874662635614e-07       387.64310313138884   4.1164632766740034e-05      0.04091626966366724     0.027728359526178258      0.18119773231207098       1.2918719829924687        6172.064525494616        47.05487776455314        6219.119403259169
                      149        711.7293814978024       0.5769348830291678       1.4956271725031183        0.260580790390325    -0.005847702892010459  -1.9647875649044246e-07       387.64310388215944    4.119768862120466e-05      0.04091627606594705      0.02772837231488437      0.18119773133409894       1.2918719745027685        6172.062224012862        47.05468133973664        6219.116905352599
                      150        711.7318433428443       0.5768858424941679       1.4952896439280217      0.26058073415048877    -0.005845347699303764  -1.9650142465151463e-07        387.6449529950099   0.00012435101655559061      0.04093120432602719     0.027758866428001884        0.181195373775622       1.2918510926248488       6171.0095393732145        46.50699415477117        6217.516533527985
                      151        711.7318433428701       0.5768858424937835       1.4952896439254495      0.26058073415056815    -0.005845347699285291  -1.9650142465130528e-07       387.64495299496775   0.00012435101649773818      0.04093120432614199     0.027758866428238816      0.18119537375269035       1.2918510926220745       6171.0095393461315        46.50699415528091        6217.516533501413
                      152        711.7318433460333       0.5768858424387953       1.4952896435477765        0.260580734154242   -0.0058453476966590645  -1.9650142465550085e-07        387.6449529934005    0.0001243510083771993      0.04093120434270016      0.02775886646228603      0.18119537055912482        1.291851092312945        6171.009535580492        46.50699422669604        6217.516529807189
aborted minimisation     
Minimisation aborted as it proceeded too slow               
 finished