                   sim_nr                        h                    alpha                  sca_sto                       wg               gammatheta                   gammaq                      CO2                   advCO2                      z0m                      z0h                    FracH         obs_sca_cf_CO2mh                     data               background                    Costf
                        1       497.96277076509466      0.13476239837309384      0.48872411121406995      0.22721059640805893    0.0020925678195688802   -7.442703310370296e-06        353.8328726835872     0.007574023652835836       0.1172412942806432    0.0028916975549039573         0.79903379683476       0.6057488925001002       453219.34770767734                      0.0       453219.34770767734
                        2        497.9627703383246       0.1347623983830149      0.48872412119480835      0.22721059640867408    0.0020925834977174405   -7.442703308293547e-06       353.83287230762494     0.007574000745949864      0.11724129428671662    0.0028916976104235576       0.7990337968334907       0.6057488946557126        453218.3007576204    3.673338572326737e-10        453218.3007576208
                        3        497.9627691697435      0.13476239837216214        0.488724136936284      0.22721059640819374    0.0020925667482118654  -7.4427033085995795e-06        353.8328715705057    0.0075739560308339445      0.11724129431028715    0.0028916980591816256       0.7990337968316874       0.6057488988896225       453217.26912897214   2.9632637548482304e-09        453217.2691289751
                        4        497.9627705967823         0.13476239837663       0.4887241166148186      0.22721059640803482    0.0020925678202648305   -7.442703309976562e-06       353.83287260715974     0.007574023676983824      0.11724129428693343    0.0028916976734075493       0.7990337968330199       0.6057488929689797       453219.34738349257    5.368228997865829e-16       453219.34738349257
                        5       482.33265497338743      0.13507949514701906       0.9817189460228875      0.22720850573836457    0.0024900306216584017    -7.40673739449875e-06         346.599733882024    -0.013504204634283642      0.11781513689102116     0.013682085700517127       0.7988767674625594        0.649972879392461       65249.752392047136       289.23987109932744        65538.99226314646
                        6        482.3326549164167      0.13507949515290435       0.9817189472965708      0.22720850573814266    0.0024900306245576767   -7.406737393562169e-06        346.5997338091229    -0.013504204626730555      0.11781513689367461     0.013682085705097546       0.7988767674581039       0.6499728799473836       65249.752175517926       289.23987089581937        65538.99204641374
                        7        482.3326548573832       0.1350794951601269       0.9817189473223191      0.22720850573737553    0.0024900306263536238   -7.406737392232574e-06        346.5997336782151    -0.013504204508935046      0.11781513689858927     0.013682085678288092       0.7988767674472834       0.6499728810023228        65249.75182275105       289.23986767419024        65538.99169042525
                        8        482.3326549029732      0.13507949514121947       0.9817189446935863       0.2272085057374273    0.0024900306181427543   -7.406737394944815e-06       346.59973382404127    -0.013504204617116398      0.11781513689575086     0.013682085713680868       0.7988767674556658       0.6499728798466541        65249.75229081517       289.23987063314485        65538.99216144832
                        9       447.22173734414196        0.136550208856835       1.1733558757972826      0.22691834018978463     0.002971117237961233   -7.077637076414754e-06        303.0699896305094    0.0006432154325733425      0.11985935074405543     0.015451395261169797        0.795433432427219       0.9878523985587299        6906.505932014468       35.732270308689685        6942.238202323158
                       10        447.2217374257184      0.13655020886351527       1.1733558757833116      0.22691834018935308    0.0029711172416447065   -7.077637075626656e-06        303.0699896018163    0.0006432154441281855      0.11985935074262723     0.015451395254927489       0.7954334324206513       0.9878523987793706        6906.505911404367       35.732270206940115       6942.2381816113075
                       11        447.2217375477628      0.13655020886292318       1.1733558752723638      0.22691834018963472     0.002971117241493283  -7.0776370760205245e-06       303.06998968180005    0.0006432154087661797      0.11985935073754848     0.015451395253486957       0.7954334324237675       0.9878523981642326        6906.505913150061       35.732270515054545        6942.238183665116
                       12        447.2217374073671       0.1365502088582427       1.1733558755474398      0.22691834018945226    0.0029711172378512367   -7.077637076253564e-06       303.06998963020857    0.0006432154328929523      0.11985935074279366      0.01545139526065653       0.7954334324233996       0.9878523985794302        6906.505931164293        35.73227030555731         6942.23820146985
                       13        514.1009747922249       0.1387672849714539       0.9657190849807247      0.22661969256659278     0.003581545699736963   -6.838268655330032e-06       302.06483830825835     0.001004834592320896      0.11840940673994077     0.013827416154566546       0.7916905680139161       1.0084860567359841         4250.16765972367        32.43079197417398        4282.598451697844
                       14        821.9354552170364      0.14897213328982456                     0.01      0.22524506511234382     0.006391250707410246   -5.736493929026906e-06        297.4382868277086     0.002669310002031716       0.1117355453715573    0.0063524989219943566       0.7744627591163635         1.10345949971504       23295.714188381236         24.8624690420382       23320.576657423273
                       15        668.0182150046306      0.14386970913063923      0.48785954249036223      0.22593237883946832    0.0049863982035736045   -6.287381292178469e-06       299.75156256798346    0.0018370722971763065      0.11507247605574904     0.010089957538280452       0.7830766635651398        1.055972778225512        7074.480205997058       27.080023111409005        7101.560229108467
                       16        591.0595948984278       0.1413184970510466       0.7267893137355426      0.22627603570303056     0.004283971951655283    -6.56282497375425e-06        300.9082004381209    0.0014209534447486016       0.1167409413978449     0.011958686846423497        0.787383615789528        1.032229417480748        4266.355648583114       29.363755693617218        4295.719404276731
                       17        552.5802848453263      0.14004289101125023       0.8462541993581336      0.22644786413481166     0.003932758825696123    -6.70054681454214e-06        301.4865193731896    0.0012128940185347492      0.11757517406889284     0.012893051500495023        0.789537091901722        1.020357737108366       3909.1461532872545       30.799360871602023       3939.9455141588564
                       18        552.5802864574969       0.1400428910633713       0.8462542513958748       0.2264478641288377     0.003932786201366067   -6.700546808448844e-06       301.48651954276244    0.0012128988076729056      0.11757517403941092     0.012893051611533896       0.7895370918300043        1.020357736460416        3909.115425286283       30.799332615841482       3939.9147579021246
                       19         552.580285817424       0.1400428910111769       0.8462542501277035      0.22644786412746468     0.003932760451922267   -6.700546811924623e-06        301.4865194116978    0.0012128893856476449      0.11757517406886023     0.012893051813672122        0.789537091833072       1.0203577372227113       3909.1449518651543       30.799399811602598        3939.944351676757
                       20        552.6664196622439      0.14004438850852502       0.8498268808339322       0.2264473919337049    0.0047873192385857865   -6.700264437749409e-06       301.49297469574367    0.0011614541477633876      0.11757432399211748       0.0129090454452002       0.7895322220135581       1.0203437559665733       3314.1853218145043        31.65997379851457        3345.845295613019
                       21        553.0970937468317      0.14005187599489882       0.8676902882129252        0.226445030928171     0.009060121303034102   -6.698852553785751e-06       301.52525130851404    0.0009042547939065769      0.11757007360824068     0.012989015168726088       0.7895078725727389        1.020273850257609       3156.5432771407995        38.44897619090001       3194.9922533316994
                       22        553.0970944311432       0.1400518759708173       0.8676903382803509      0.22644503092098037     0.009060121263322923   -6.698852553040963e-06       301.52525131339394    0.0009042547930191384      0.11757007364260492      0.01298901557699057       0.7895078725116813        1.020273850325391        3156.543044192635        38.44897623884786        3194.992020431483
                       23        553.0970946040352       0.1400518759632996       0.8676902879777959      0.22644503091903184      0.00906012129244389   -6.698852552824286e-06       301.52525132003836     0.000904254792229638      0.11757007363462382     0.012989015466983729       0.7895078724874454       1.0202738502757795        3156.543268450897       38.448976251386306        3194.992244702283
                       24        553.0970951504623      0.14005187595059515       0.8676902883972204      0.22644503091229484     0.009060121278402646   -6.698852552007925e-06       301.52525132267675    0.0009042547907287595      0.11757007363707687     0.012989015109699728       0.7895078724288372       1.0202738503117783       3156.5432694251854        38.44897617249336        3194.992245597679
                       25        553.0970936645056      0.14005187596953494       0.8676902881916959      0.22644503092090754      0.00906012129609754   -6.698852552940253e-06       301.52525131184353    0.0009042547947019927       0.1175700736233368     0.012989015165941926       0.7895078725097149       1.0202738503046123        3156.543276412727        38.44897617294086        3194.992252585668
                       26        802.7644329022917      0.12370032453828689         1.07546731010199       0.2212348296013814    0.0023158461589285594   -6.109172160357314e-06       305.40174568159836    0.0005338537075346064      0.12815070792107153       0.0185214583757932       0.7430087095323301       1.0441396527047697        6091.999009572098        40.41013173480542        6132.409141306904
                       27        677.9307633245616      0.13187610026659286       0.9715787991574576      0.22383993026477622      0.00568798373098133   -6.404012357071532e-06        303.4634984950562    0.0007190542507205921       0.1228603907646561     0.015755236772259644       0.7662582910525344       1.0322067514811892       2195.4111757641335        37.64061760003778       2233.0517933641713
                       28        677.9307656585655      0.13187610019398172       0.9715788022076364      0.22383993023467744     0.005687983705732098  -6.4040123535144194e-06        303.4634985498385     0.000719054253684747      0.12286039081852795      0.01575523690539623        0.766258290771488       1.0322067514651092        2195.411159158534       37.640617609103984        2233.051776767638
                       29        677.9307634795146      0.13187610028013846       0.9715788007096258       0.2238399302609718     0.005687983756620841    -6.40401235655636e-06         303.463498488211     0.000719054247081438       0.1228603907717822      0.01575523689593808        0.766258291001482       1.0322067515155857       2195.4111697834587       37.640617687543084       2233.0517874710017
                       30        677.9307642651032      0.13187610023170832       0.9715787993489435      0.22383993024253562    0.0056879837224002305   -6.404012354478818e-06       303.46349850408103    0.0007190542471797725      0.12286039080305043     0.015755236829236945       0.7662582908328515       1.0322067515786753       2195.4111737745447        37.64061764941999        2233.051791423965
                       31        792.9229092246222       0.1287886567211466       1.1338137622320748       0.2218980513434754     0.005556319757666772   -6.173371534845493e-06        305.2565383760977    0.0005351165515057156       0.1262938116223687     0.026861060607082807       0.7470659104338031       1.0367834855432443        1729.556965033362        44.81008329247417       1774.3670483258363
                       32        792.9229105028443      0.12878865671630058       1.1338137623323892      0.22189805132043355     0.005556319761109534  -6.1733715320673015e-06       305.25653840025984    0.0005351165505133263      0.12629381165805414      0.02686106073209291       0.7470659101791773        1.036783485559465       1729.5569623589697        44.81008338375388       1774.3670457427236
                       33        792.9229101088458      0.12878865670765977        1.133813762517864        0.221898051314257     0.005556319760601072   -6.173371531553902e-06        305.2565383912094    0.0005351165467650477       0.1262938116746088     0.026861060732009452       0.7470659101188742       1.0367834856497227        1729.556963409372        44.81008341336677       1774.3670468227388
                       34        792.9229089817862      0.12878865676054668        1.133813761940667      0.22189805133572726      0.00555631975996167   -6.173371534015896e-06       305.25653838083133    0.0005351165512731638       0.1262938116334313     0.026861060641719944       0.7470659103291085       1.0367834855468139       1729.5569645137352       44.810083309577244       1774.3670478233125
                       35        792.9229087657118      0.12878865681933827       1.1338137626226477      0.22189805132321722     0.005556319758098274  -6.1733715326643674e-06        305.2565383899251     0.000535116551355911       0.1262938116526478      0.02686106068019846       0.7470659101710191       1.0367834855528357       1729.5569640918732        44.81008332354438       1774.3670474154176
                       36        792.9229090733303      0.12878865683938334        1.133813762199953      0.22189805132027005     0.005556319752979887   -6.173371532218539e-06        305.2565383894087    0.0005351165513842217       0.1262938116578854     0.026861060633148866       0.7470659101324073        1.036783485563977        1729.556964119067        44.81008330143887        1774.367047420506
                       37         792.922909119834      0.12878865683232693       1.1338137623436868      0.22189805131894857     0.005556319756037853   -6.173371531524946e-06       305.25653838622463      0.00053511655204756       0.1262938116574958     0.026861060551351273       0.7470659101215122       1.0367834855918199       1729.5569642335215          44.810083259915       1774.3670474934365
                       38        641.1078395588358       0.2583515563192973        1.198889939088339      0.19276728995056344     0.003478841937464954   -2.625696621986362e-06       320.84977863993777   0.00047084262592475383      0.16969371222292465      0.03905459685074915       0.3753727566471423        1.076689274833539       1133.3689596845875        57.69397841753433       1191.0629381021217
                       39        641.1078387443252       0.2583515561672644       1.1988899398989883      0.19276728998756815    0.0034788419394721853  -2.6256966261551205e-06       320.84977862404213   0.00047084262923395917       0.1696937121663183      0.03905459685488355       0.3753727570678109       1.0766892747224241       1133.3689584332942        57.69397836886715       1191.0629368021614
                       40        641.1078391319343       0.2583515559587596       1.1988899372487314       0.1927672899992709    0.0034788419489029257  -2.6256966270940493e-06        320.8497786220139    0.0004708426275409072      0.16969371215808815     0.039054596932031976       0.3753727572363528       1.0766892747256867       1133.3689582872066        57.69397843735721       1191.0629367245638
                       41        641.1078376316115       0.2583515562646906        1.198889938935702      0.19276728990837214    0.0034788419373754254  -2.6256966155238456e-06       320.84977866750796    0.0004708426266660003      0.16969371230116564      0.03905459703316409      0.37537275605774995       1.0766892748609278       1133.3689579217673       57.693978548038245       1191.0629364698057
                       42        641.1078383053971       0.2583515564418811       1.1988899390934087      0.19276728985301222     0.003478841927544481   -2.625696608357598e-06        320.8497787062573   0.00047084262747562264       0.1696937123863749     0.039054597014951384      0.37537275535558134        1.076689274899488        1133.368957950259        57.69397855424226       1191.0629365045013
                       43        641.1078396726314       0.2583515561035784        1.198889939028609      0.19276728995959966    0.0034788419374866034    -2.62569662204104e-06        320.8497786407045   0.00047084262494314754      0.16969371221767454      0.03905459678597639       0.3753727567743812       1.0766892748162515       1133.3689592171233        57.69397837509918       1191.0629375922226
                       44         641.107838644899       0.2583515563121155       1.1988899392357002      0.19276728988956082      0.00347884193543258   -2.625696611805669e-06       320.84977868130096    0.0004708426254630719      0.16969371232363206      0.03905459659318472       0.3753727558809543        1.076689274888166       1133.3689588660095        57.69397825619725       1191.0629371222067
                       45        328.9920080387276      0.21071540062057897       1.1885374761050773      0.18153462930947556    0.0030057020665689694   -5.446893436344136e-07        330.2385761575666    0.0005253242790536454      0.19103779025653048      0.01883029196958505      0.22744661148919398        1.079290046186973        966.3694653348997       52.822519711636666       1019.1919850465364
                       46        485.0499237987815      0.23453347846993813       1.1937137075967073      0.18715095963001951    0.0032422720020169617  -1.5851929828103876e-06        325.5441773987522    0.0004980834524891996      0.18036575123972756     0.028942444410167103      0.30140968406816815        1.077989660510256        964.0002913119969         53.3162339562333       1017.3165252682302
                       47       407.02096591875465      0.22262443954525854       1.1911255918508932      0.18434279446974752    0.0031239870342929655  -1.0649411632224005e-06       327.89137677815944    0.0005117038657714229      0.18570177074812902     0.023886368189876075      0.26442814777868107       1.0786398533486143        933.0155703971499       52.583873056846926        985.5994434539969
                       48       407.02096571805373      0.22262443910717458        1.191125591326939      0.18434279451768976    0.0031239870377811545  -1.0649411670040618e-06       327.89137676816756    0.0005117038689940959      0.18570177067997456      0.02388636791602295       0.2644281483563676       1.0786398531814472        933.0155689976991       52.583872886858394        985.5994418845576
                       49        407.0209653885938      0.22262443933136797       1.1911255920422725       0.1843427944643102    0.0031239870338950447  -1.0649411613829492e-06       327.89137678676656     0.000511703865642186      0.18570177076133426     0.023886368051468716      0.26442814770817347       1.0786398533273596        933.0155702185664       52.583873004973206        985.5994432235395
                       50        407.0209662582106      0.22262443943220722       1.1911255920867134      0.18434279447403137    0.0031239870339464446  -1.0649411642648348e-06        327.8913767746732     0.000511703864889048      0.18570177073637445     0.023886368094568153      0.26442814784052404       1.0786398533449577        933.0155702813986       52.583873019271444          985.59944330067
                       51        407.0209658280264      0.22262443947168764       1.1911255917673298      0.18434279445408008     0.003123987033877979  -1.0649411608822202e-06        327.8913767891097    0.0005117038649111033      0.18570177077170352       0.0238863680559225      0.26442814757192323       1.0786398533590562        933.0155703510013        52.58387301727404        985.5994433682754
                       52       394.32686517828074       0.1944217095393224       1.2002878080145774      0.18438135837426545    0.0031254288963793496    -9.87004628367044e-07        328.4753737760433   0.00046592233568048137      0.18563231167703526                    1e-07      0.26433231872975915       1.0750136999059188        5073.117283363424        48.62569096976297        5121.742974333187
                       53        400.6739155485177      0.20852307454229047       1.1957066999327353      0.18436207642200647    0.0031247079653361574  -1.0259728957947221e-06        328.1833752771014    0.0004888131007259522      0.18566704121258215     0.011943234094938037       0.2643802332542201       1.0768267766272666        918.1019870982279       49.167964177502135          967.26995127573
                       54        397.5003903633992      0.20147239204080644       1.1979972539736572      0.18437171739813596    0.0031250684308577535   -1.006488762080883e-06       328.32937452657234   0.00047736771820321676      0.18564967644480868    0.0059716670474690165      0.26435627599198963       1.0759202382665927        923.6307553761856        48.53762311468186        972.1683784908674
                       55       399.08715295595835      0.20499773329154847       1.1968519769531962      0.18436689691007124    0.0031248881980969557  -1.0162308289378026e-06       328.25637490183686     0.000483090409464584       0.1856583588286954     0.008957450571203524      0.26436825462310487       1.0763735074469296        918.2340901030334        48.76299253135433        966.9970826343878
                       56         399.880534252238      0.20676040391691947       1.1962793384429666      0.18436448666603886    0.0031247980817165565  -1.0211018623662624e-06        328.2198750894691    0.0004859517550952685      0.18566270002063878      0.01045034233307078       0.2643742439386625        1.076600142037098        917.7703109761871        48.94302807574381        966.7133390519309
                       57        399.8805351431258      0.20676040369428395       1.1962793639715912       0.1843644866568414    0.0031248001775469637  -1.0211018650127643e-06        328.2198756535425     0.000485978526574787      0.18566270002240176     0.010450342900056234       0.2643742439104961       1.0766001389282365         917.769397365078         48.9427826792925        966.7121800443705
                       58       399.88053432920196       0.2067604036793131       1.1962793633471538      0.18436448665645824     0.003124796067735452  -1.0211018653165556e-06        328.2198753083626   0.00048595201123022465       0.1856627000312548     0.010450342946669048       0.2643742439112701         1.07660014087798        917.7703024400384        48.94302534749134        966.7133277875298
                       59        399.8821677197823        0.206758341299549       1.1964981134177766      0.18436440323856304    0.0031120110536439205  -1.0211273343099955e-06       328.22219850168324    0.0005194565903023675      0.18566278252709773       0.0104556594915635       0.2643740032031967       1.0765876950351714        917.3534370861918        48.63377457021458        965.9872116564063
                       60       399.88216774022067      0.20675834109881758       1.1964981389770628       0.1843644032294406      0.00311201105475195  -1.0211273365457223e-06       328.22219850640204    0.0005194565878026414       0.1856627825323191     0.010455659750481214      0.26437400317624327        1.076587695019248        917.3534340292045       48.633774644557136        965.9872086737616
                       61       399.88216776268405      0.20675834109024108       1.1964981128964265       0.1843644032279908     0.003112011054171919  -1.0211273366289358e-06        328.2221985069501    0.0005194565890860236      0.18566278252746993     0.010455659716169217        0.264374003159912        1.076587695014772         917.353436706264       48.633774611127144        965.9872113173911
                       62        399.8821677707058      0.20675834114408598       1.1964981134199117      0.18436440322989273    0.0031120110552526207  -1.0211273367831865e-06       328.22219850905236     0.000519456588501094      0.18566278249340368     0.010455659453786991       0.2643740031937535       1.0765876950052715        917.3534369453275        48.63377457592073        965.9872115212482
                       63        399.8821675184174      0.20675834119935757       1.1964981133919714      0.18436440322812772      0.00311201105351856  -1.0211273357706793e-06         328.222198501862    0.0005194565908328945      0.18566278251571589      0.01045565945846334      0.26437400319127013       1.0765876950327866        917.3534370528633        48.63377455874823        965.9872116116115
                       64        396.3696675709973      0.19595997138070087       1.1992183812761414      0.18363110414594114    0.0031756393821015384   -1.180110074806798e-06       328.55979993564705     0.000453843565393265      0.18402870330372567     0.010023663722249616       0.2632824849353665        1.075178877136381         911.853200532058       48.907428877546636        960.7606294096047
                       65        396.3696675585011      0.19595997135935012       1.1992183813019803      0.18363110413598216    0.0031756393824825995  -1.1801100741093416e-06       328.55979993618126    0.0004538435652968508      0.18402870328626425     0.010023663719756683      0.26328248490442463       1.0751788771341746        911.8532005204747        48.90742887970712        960.7606294001819
                       66        396.3696675232077      0.19595997136246945       1.1992183812903185      0.18363110413079536     0.003175639381969177  -1.1801100745741529e-06       328.55979993557094    0.0004538435655431234      0.18402870328360643     0.010023663717007176        0.263282484896174       1.0751788771362096        911.8532005268459            48.9074288767        960.7606294035459
                       67        396.3696674766022      0.19595997135066753       1.1992183813102493      0.18363110410112954    0.0031756393820720915  -1.1801100749184955e-06        328.5597999370504    0.0004538435653180916      0.18402870322620488     0.010023663693481823       0.2632824848297214       1.0751788771292632        911.8532005190375       48.907428876177484         960.760629395215
                       68        396.3696675367603      0.19595997137973978       1.1992183813689063      0.18363110409789185    0.0031756393817124603   -1.180110074732926e-06        328.5597999366103    0.0004538435652454336       0.1840287032301817      0.01002366371086467       0.2632824848181984        1.075178877131738        911.8532005169648        48.90742887979779        960.7606293967625
                       69        396.3696675671913      0.19595997138047327       1.1992183812445525      0.18363110412641276      0.00317563938213529  -1.1801100749743355e-06        328.5597999357664   0.00045384356535703354       0.1840287032770589     0.010023663724228105       0.2632824848980134        1.075178877134892        911.8532005275366        48.90742887863839         960.760629406175
                       70        376.5773599211939       0.1898094072719902        1.215042753178082      0.16919899376823824     0.003127112690023157  -1.1298372074691044e-06        328.8411500319289   0.00043784242927235196      0.16168507924752168     0.005347104209677027      0.22866215252437738       1.0736664555378228        909.6763101610911        49.50695988306454        959.1832700441556
                       71        386.4735137460955      0.19288468932634556       1.2071305672271109       0.1764150489570897    0.0031513760360623476  -1.1549736411379513e-06       328.70047498378796    0.0004458429973328076      0.17285689127562368     0.007685383965963321      0.24597231872987196        1.074422666337102        909.9692471388685       49.127144725248456        959.0963918641169
                       72        381.5254368336448      0.19134704829916788       1.2110866602025965      0.17280702136266396    0.0031392443630427523   -1.142405424303528e-06        328.7708125078584    0.0004418427133025798       0.1672709852615727     0.006516244087820174      0.23731723562712465       1.0740445609374625        909.5203121882267       49.297039890392206        958.8173520786189
                       73        381.5254326232132        0.191347047250733       1.2110870617968175       0.1728070211568391    0.0031392576087009715   -1.142405425607346e-06       328.77081136679044   0.00044183932304447775      0.16727098543927282     0.006516254740362818      0.23731723547553157       1.0740445687931954        909.5202362357039       49.297075467636596        958.8173117033405
                       74       381.52542115214146      0.19134704415112297       1.2110881733487595      0.17280702056368194     0.003139248958190368   -1.142405433532912e-06        328.7708083820134     0.000441856291783416      0.16727098600594376     0.006516285591582405      0.23731723502851876       1.0740445895637019        909.5203168984202        49.29691989577432        958.8172367941945
                       75       381.52530253294117      0.19134701357934084        1.211099181982867       0.1728070146884356     0.003139216899637777   -1.142405506214833e-06        328.7707765473189     0.000441839971177224      0.16727099154277103     0.006516590252634831      0.23731723060243687        1.074044807885734        909.5193246033207        49.29709600395196        958.8164206072727
                       76        381.5254352424615       0.1913470475618886        1.211086623160039      0.17280702114073607     0.003139244503072157   -1.142405422893697e-06        328.7708117232707     0.000441842876095477      0.16727098522749967     0.006516249478245067      0.23731723531415583       1.0740445636883107         909.520311104549        49.29703884659893         958.817349951148
                       77       381.52543799022715       0.1913470479044231       1.2110866543185121      0.17280702113360924     0.003139243613300784  -1.1424054251764644e-06        328.7708125649472   0.00044184158412119683      0.16727098502527055    0.0065162462263541636      0.23731723552377826       1.0740445581096587        909.5203017028953         49.2970502657552        958.8173519686504
                       78       381.41175180661116       0.1913031438817656       1.2135839897264056      0.17279501585797497     0.003147046476258991  -1.1423696461970924e-06        328.7245704128713   0.00045202065366223027      0.16727148303447087     0.006867518794910875      0.23730180108530208       1.0742457138143202        909.3717259140338        49.23716499405937        958.6088909080933
                       79       381.41175181703557      0.19130314386705996          1.2135839897173      0.17279501569387107    0.0031470464762367234    -1.14236964631988e-06       328.72457041314374     0.000452020653636454      0.16727148294793204      0.00686751879591895      0.23730180107154597       1.0742457138126935        909.3717259003299         49.2371649943516        958.6088908946815
                       80       381.41175177487617      0.19130314387433492       1.2135839897948166      0.17279501502760458     0.003147046476483127  -1.1423696478609927e-06       328.72457041200846    0.0004520206536645149      0.16727148248648316     0.006867518794169179      0.23730180152337066       1.0742457138141746        909.3717258655636        49.23716497813914        958.6088908437027
aborted minimisation     
Minimisation aborted as it proceeded too slow                
 restart
                       81       381.41175177487617      0.19130314387433492       1.2135839897948166      0.17279501502760458     0.003147046476483127  -1.1423696478609927e-06       328.72457041200846    0.0004520206536645149      0.16727148248648316     0.006867518794169179      0.23730180152337066       1.0742457138141746        909.3717258655636        49.23716497813914        958.6088908437027
                       82       381.41175894576145      0.19130314284158947       1.2135840145925858      0.17279501425597354    0.0031470481687502065   -1.142369652507465e-06       328.72457152910323    0.0004520418927833756      0.16727148145228055       0.0068675255277152      0.23730180135108786       1.0742456866713341         909.371912743436       49.236969526570064        958.6088822700061
                       83        381.4117609701311      0.19130314239281832        1.213584023917429      0.17279501393065616     0.003147044167179218  -1.1423696547871004e-06        328.7245716394629    0.0004520198377558982      0.16727148102866518     0.006867528425113931      0.23730180128000739        1.074245679169066        909.3717147966561        49.23717229721876        958.6088870938748
                       84        381.4120246571881      0.19130309982334204       1.2135850123008591      0.17279498217897987    0.0031470700664841932  -1.1423698465512219e-06        328.7246064914501   0.00045198247553651915       0.1672714386883861    0.0068678052211679245      0.23730179427106834       1.0742446833636947        909.3712488396777       49.237532712557616        958.6087815522353
                       85        381.4117495789121      0.19130314280342486       1.2135839389826995      0.17279501403417993    0.0031470466129405648  -1.1423696534691514e-06       328.72456904430567   0.00045202067236052953      0.16727148127372474     0.006867525134299908      0.23730180140162044       1.0742457093698656        909.3717247822323         49.2371652858098        958.6088900680421
                       86       381.41174360550895       0.1913031418427006       1.2135840828712414       0.1727950124954966     0.003147046401308422  -1.1423696673377627e-06        328.7245665941747   0.00045202179244718897       0.1672714791763596     0.006867530442227691      0.23730180175226534       1.0742457061747808        909.3717337503266       49.237155415591474        958.6088891659181
                       87        381.4124114810611       0.1912751100086823       1.2129686987506965       0.1727697600059012    0.0031490436028891616   -1.142519913634202e-06        328.7033642471061   0.00044788331183039375       0.1672398157727756    0.0070374917036905476      0.23729867846378538       1.0739854349008937        909.3053808528089        49.28649609045595        958.5918769432648
                       88       381.41241147334676      0.19127511001009295       1.2129686987944144       0.1727697595536946    0.0031490436027945615  -1.1425199139437855e-06       328.70336424780623     0.000447883312002557      0.16723981556753034     0.007037491695549676      0.23729867850538872        1.073985434912956        909.3053808233358        49.28649608689433        958.5918769102301
                       89       381.41241146399125      0.19127510999626302       1.2129686988663373       0.1727697583040404    0.0031490436034635164  -1.1425199152592925e-06       328.70336424668335    0.0004478833116889333      0.16723981450059874     0.007037491685216984      0.23729867943390764        1.073985434879875        909.3053807532542       49.286496056258265        958.5918768095124
                       90       381.41241127157355      0.19127510967650907       1.2129686990545547       0.1727697557504741     0.003149043603677826  -1.1425199144429573e-06        328.7033642437409   0.00044788331152495334        0.167239813931775     0.007037491683391359      0.23729868138877008       1.0739854348747548         909.305380608151        49.28649601022004        958.5918766183711
                       91        381.4124109169891      0.19127510917800805         1.21296869856363      0.17276974762191025     0.003149043606317207  -1.1425198924679698e-06        328.7033642366316    0.0004478833112211449      0.16723981071760555     0.007037491587141856      0.23729868688866335        1.073985434830272        909.3053801248274        49.28649588807773        958.5918760129051
aborted minimisation     
Minimisation aborted as it proceeded too slow                
 restart
                       92        381.4124109169891      0.19127510917800805         1.21296869856363      0.17276974762191025     0.003149043606317207  -1.1425198924679698e-06        328.7033642366316    0.0004478833112211449      0.16723981071760555     0.007037491587141856      0.23729868688866335        1.073985434830272        909.3053801248274        49.28649588807773        958.5918760129051
                       93       381.41240906196253      0.19127510917843674       1.2129687379587253      0.17276974741632023    0.0031490418429580276  -1.1425198950756696e-06         328.703363584076   0.00044785720450927845      0.16723981039503516     0.007037491378750237       0.2372986870214992       1.0739854377552474        909.3051089342028       49.286736635327884        958.5918455695307
                       94       381.41240985983904      0.19127510919036433       1.2129687391776418        0.172769747413552    0.0031490457124176336  -1.1425198948470175e-06       328.70336387489226   0.00044788302925947174      0.16723981038044472     0.007037491321192896       0.2372986870222621       1.0739854345188686        909.3053765639153        49.28649899148645        958.5918755554018
                       95        381.4120740960893       0.1912751124102366       1.2129805820034676      0.17276968654186672    0.0031495336484000775  -1.1425205985123326e-06        328.7032483920724     0.000446944342791856       0.1672397122144157    0.0070374154155334635      0.23729872608657543       1.0739854507036122        909.2960175483167       49.295286385392274         958.591303933709
                       96       381.41207408672176      0.19127511241018386       1.2129805821780497        0.172769686336912    0.0031495336483608346  -1.1425205988703334e-06        328.7032483918205    0.0004469443428527579      0.16723971202731377     0.007037415412117661      0.23729872621358483        1.073985450703533        909.2960175365555       49.295286379760626        958.5913039163161
                       97       381.41207390620434      0.19127511231410893       1.2129805819248158      0.17276968225920802    0.0031495336477266422   -1.142520603336649e-06       328.70324838603227    0.0004469443435060098      0.16723970842898156    0.0070374153254204415      0.23729872801301494       1.0739854507031565        909.2960172981492       49.295286293865544        958.5913035920147
                       98       381.41207325533696      0.19127511108179734       1.2129805823751454      0.17276967003711285      0.00314953364505702  -1.1425206083770617e-06       328.70324836637985    0.0004469443464877421      0.16723969915547343     0.007037415596349552      0.23729873276587576       1.0739854507129452        909.2960165285772        49.29528611241426        958.5913026409914
                       99       381.41207369950666      0.19127511192035518       1.2129805818219435      0.17276968104949464    0.0031495336477896157  -1.1425205874189305e-06       328.70324838220324    0.0004469443449946628      0.16723970848558067     0.007037415394223552      0.23729873034699256       1.0739854507087812        909.2960172542664       49.295286248282316        958.5913035025487
                      100        381.4120737241126      0.19127511234627886       1.2129805810000835      0.17276968118811403    0.0031495336488352684  -1.1425205990088114e-06        328.7032483828671   0.00044694434463668584      0.16723971009540753     0.007037415516934335       0.2372987312198357        1.073985450705011        909.2960172870121        49.29528623810874        958.5913035251208
                      101         381.412073797977       0.1912751129394863       1.2129805798428972      0.17276967094838402      0.00314953365508959  -1.1425205847505413e-06        328.7032483738629   0.00044694434438407763      0.16723970662888835     0.007037415796538765      0.23729873895777048       1.0739854506750732        909.2960166853628        49.29528608428486        958.5913027696477
                      102        378.7599851509128       0.1912146260683551       1.2054650331363597                    0.101     0.003165919893322262  -1.0909076583978641e-06        328.6049769135068   0.00046058792592669424      0.13339552425077567     0.008166144305342385       0.2937465993047665        1.073920994761206        905.4722951983023         48.2105401719389        953.6828353702412
                      103        378.7599851592804      0.19121462607347708       1.2054650331815822                    0.101     0.003165919893634708   -1.090907658780083e-06        328.6049769136843   0.00046058792583809926      0.13339552410051886     0.008166144297299177      0.29374659952024057       1.0739209947595565        905.4722951838642        48.21054016549684         953.682835349361
                      104        378.7599851539662      0.19121462603502937       1.2054650331538994                    0.101     0.003165919893325298  -1.0909076586849695e-06        328.6049769131671   0.00046058792595481254       0.1333955242908643     0.008166144305960818       0.2937465994017725        1.073920994761554        905.4722951961352        48.21054016885533        953.6828353649905
                      105       378.75998517235166       0.1912146260420793       1.2054650331136259                    0.101     0.003165919893480051  -1.0909076582651984e-06        328.6049769132167   0.00046058792588482935      0.13339552422767295     0.008166144304035141       0.2937465993386234       1.0739209947609805        905.4722951965977        48.21054017121123        953.6828353678089
                      106        378.7599851582336       0.1912146260664288       1.2054650331237706                    0.101     0.003165919893306854  -1.0909076584609143e-06        328.6049769130195    0.0004605879259872827       0.1333955242587829     0.008166144303906917       0.2937465993131297       1.0739209947621204        905.4722951988284        48.21054017090884        953.6828353697373
                      107       380.85536791144204        0.188741434164481       1.2046061993658626                    0.101    0.0031802091432665096   -1.105769571483018e-06       328.54040461996397   0.00046244841699603857      0.13069481744267275     0.007810492954614372       0.3038708031174339       1.0739624884238637        905.4364469351475        47.85507287993714        953.2915198150846
                      108       380.85536792130756      0.18874143416408928       1.2046061993822494                    0.101    0.0031802091433434858  -1.1057695714649524e-06        328.5404046197852      0.00046244841698455      0.13069481745079478     0.007810492955343588       0.3038708031176634       1.0739624884239838        905.4364469343736        47.85507288013063        953.2915198145042
                      109        380.8553679215022      0.18874143416533098       1.2046061993677437                    0.101    0.0031802091432724094  -1.1057695715592928e-06       328.54040461953616    0.0004624484170260907      0.13069481745260028     0.007810492954255282      0.30387080312022885       1.0739624884243506         905.436446935355       47.855072879436456        953.2915198147914
                      110        380.8553679477943      0.18874143416598868       1.2046061993568706                    0.101     0.003180209143365708  -1.1057695714984079e-06        328.5404046187318   0.00046244841704205455      0.13069481745235106      0.00781049295269672       0.3038708031138577        1.073962488424738        905.4364469350194        47.85507287926396        953.2915198142833
                      111        380.8553679277418      0.18874143415550573       1.2046061993573396                    0.101    0.0031802091432964453  -1.1057695714647127e-06        328.5404046192839    0.0004624484170212558       0.1306948174635622     0.007810492954267906       0.3038708031243966       1.0739624884241246        905.4364469353098        47.85507287946002        953.2915198147699
                      112       386.24006082693336      0.18867074777204706       1.2055282692615474                    0.101    0.0031917434973169926  -1.1253187873114107e-06        328.3395700878609    0.0004725987466332341      0.13508333007469506     0.007673982865936515      0.30477205068061153       1.0741463644996907         905.521204715451        47.69053911364158        953.2117438290925
aborted minimisation     
Minimisation aborted as it proceeded too slow               
 finished