                   sim_nr                        h                    alpha                  sca_sto                       wg               gammatheta                   gammaq                      CO2                   advCO2                      z0m                      z0h                    FracH         obs_sca_cf_CO2mh                     data               background                    Costf
                        1        566.3573537372965       0.3687099578726793       1.8913499414110677      0.22436180818790397      0.00305139928822403   3.5172501043005167e-06       369.83194809814995     0.005606471143414949      0.10668336044770298      0.01996283922034816       0.4932744873996653       0.5399920133819263        558113.5214258438                      0.0        558113.5214258438
                        2        566.3573528493168      0.36870995784549326       1.8913499411140329      0.22436180818750512    0.0030513958011973317    3.517250104067245e-06        369.8319476667226    0.0056064478410845645      0.10668336047895988     0.019962839280007073      0.49327448739845686       0.5399920154626727        558112.6994029557   3.5321431118432265e-10        558112.6994029561
                        3        566.3573535668634       0.3687099578569374        1.891349941091331       0.2243618081876974     0.003051395205888124    3.517250104007346e-06       369.83194799694405     0.005606471084938412      0.10668336045676267     0.019962839255944404       0.4932744873982854       0.5399920138868972        558113.4972030083   1.8539547355288424e-12        558113.4972030083
                        4        565.3652185928129      0.36867958306425913       1.8910180661106413      0.22436136257054934   -0.0008446375133755869   3.5169894712239017e-06       369.34991658506516     -0.02042910145221273       0.1067182836131323     0.020029495812251222       0.4932731372268181       0.5423168205983846       108628.47669514151        440.9342633940638       109069.41095853558
                        5         565.365217407872       0.3686795830009395       1.8910180650924548      0.22436136256965902   -0.0008446556302098528   3.5169894700081807e-06       369.34991635669877    -0.020429110707439205      0.10671828366421032     0.020029495972246913       0.4932731372248526       0.5423168217372896       108628.06433679779        440.9345913706728       109068.99892816847
                        6        564.7376952624513       0.3686460501154705         1.89047885298368       0.2243608910837283    -0.010438986785831716    3.516345647427941e-06       369.22897786080426    -0.025330502772028526      0.10674533360478712     0.020114226649334398        0.493272096354939       0.5429199641360032       125949.95011812613        640.4201430023651        126590.3702611285
                        7        565.0514569276322      0.36866281658986483       1.8907484595471598      0.22436112682713882    -0.005641812149603652   3.5166675593259212e-06        369.2894472229347     -0.02287980211212063      0.10673180860895971     0.020071861230792812       0.4932726167908785       0.5426183923671939       113604.63188470919        534.2283480219627       114138.86023273115
                        8        565.2083377602225        0.368671199827062       1.8908832628289005      0.22436124469884408     -0.00324322483148962   3.5168285152749115e-06       369.31968190399994     -0.02165445178216668      0.10672504611104601     0.020050678521522015       0.4932728770088483       0.5424676064827892       112789.22542267664        485.9690919139504       113275.19451459059
                        9        565.2867781765178       0.3686753914456606       1.8909506644697718       0.2243613036346967    -0.002043931172432603    3.516908993249407e-06        369.3347992445326    -0.021041776617189707      0.10672166486208916      0.02004008716688662       0.4932730071178332        0.542392213540587       111157.38136172504       463.04862420549154       111620.42998593053
                       10        565.3259983846654      0.36867748725495986       1.8909843652902065      0.22436133310262302    -0.001444284342904095    3.516949232236654e-06       369.34235791479887     -0.02073543903470122      0.10671997423761073      0.02003479148956892      0.49327307217232563       0.5423545170694858       109306.95923283957        451.8906804376487       109758.84991327721
                       11        565.3456084887391      0.36867853515960947        1.891001215700424      0.22436134783658618   -0.0011444609281398405   3.5169693517302778e-06         369.346137249932    -0.020582270243456973      0.10671912892537153      0.02003214365091007      0.49327310469957186       0.5423356688339351       108254.00251725664        446.3872810753239       108700.38979833196
                       12        565.3358034367022      0.36867801120728466       1.8909927904953143       0.2243613404696046   -0.0012943726355219682    3.516959291983466e-06        369.3442475823654    -0.020658854639079096      0.10671955158149113     0.020033467570239497      0.49327308843594875       0.5423450929517105       107944.98944878137       449.13268304635324       108394.12213182772
                       13        565.3309009106838       0.3686777492311223       1.8909885778927613       0.2243613367861138   -0.0013693284892130311     3.51695426211006e-06        369.3433027485822    -0.020697146836890157      0.10671976290955093      0.02003412952990421       0.4932730803041372       0.5423498050105982       108617.70775142782        450.5101073144677       109068.21785874228
                       14        565.3333521736931      0.36867788021920345       1.8909906841940387       0.2243613386278592      -0.0013318505623675    3.516956777046763e-06        369.3437751654738    -0.020678000737984627      0.10671965724552103      0.02003379855007185      0.49327308437004297       0.5423474489811543       109705.15889954923        449.8210015735271       110154.97990112276
                       15        565.3345778051978       0.3686779457132441       1.8909917373446774       0.2243613395487319   -0.0013131115989447341   3.5169580345151146e-06        369.3440113739196     -0.02066842768853186      0.10671960441350609     0.020033633060155674      0.49327308640299583       0.5423462709664324       109960.90344791344       449.47674390821936       110410.38019182166
                       16          565.33519062095       0.3686779784602644       1.8909922639199959      0.22436134000916824   -0.0013037421172333512   3.5169586632492903e-06        369.3441294781425     -0.02066364116380548      0.10671957799749861     0.020033550315197584       0.4932730874194723       0.5423456819590714       106633.60459777301        449.3046888768561       107082.90928664987
                       17        565.3348842130738      0.36867796208675424       1.8909920006323357      0.22436133977895006   -0.0013084268580890418   3.5169583488822022e-06       369.34407042603107     -0.02066603442616867      0.10671959120550234      0.02003359168767663      0.49327308691123406        0.542345976462752       108580.94121669521       449.39071024243015       109030.33192693764
                       18        565.3350374170118       0.3686779702735093       1.8909921322761658      0.22436133989405915   -0.0013060844876611965   3.5169585060657463e-06        369.3440999520868    -0.020664837794987075      0.10671958460150048     0.020033571001437107       0.4932730871653532       0.5423458292109117       106397.84408605832        449.3476980221162       106847.19178408044
                       19        565.3351140189809       0.3686779743668868       1.8909921980980808       0.2243613399516137   -0.0013049133024472738   3.5169585846575183e-06       369.34411471511464    -0.020664239479396277      0.10671958129949954     0.020033560658317347      0.49327308729241276       0.5423457555849915       106456.39665733188       449.32619306510446       106905.72285039698
                       20        565.3350757179965      0.36867797232019806       1.8909921651871233       0.2243613399228364   -0.0013054988950542347   3.5169585453616325e-06       369.34410733360073    -0.020664538637191674          0.1067195829505     0.020033565829877226      0.49327308722888297       0.5423457923979516       106401.95420101892        449.3369454475149       106851.29114646644
                       21        565.3350565675041       0.3686779712968537       1.8909921487316446       0.2243613399084478    -0.001305791691357716   3.5169585257136894e-06        369.3441036428438    -0.020664688216089376      0.10671958377600024     0.020033568415657167       0.4932730871971181       0.5423458108044317       106391.58276795011        449.3423217107918        106840.9250896609
                       22         565.335046992258       0.3686779707851815        1.890992140503906      0.22436133990125348   -0.0013059380895094562    3.516958515889718e-06       369.34410179746527    -0.020664763005538225      0.10671958418875035      0.02003356970854714      0.49327308718123564       0.5423458200076716       106392.31083582835       449.34500986044804        106841.6558456888
                       23         565.335051779881      0.36867797104101757       1.8909921446177762      0.22436133990485063   -0.0013058648904335861    3.516958520801704e-06        369.3441027201545      -0.0206647256108138       0.1067195839823753      0.02003356906210215      0.49327308718917684       0.5423458154060516       106391.39043277594        449.3436657841184       106840.73409856006
                       24        565.3350516920648      0.36867797103670713       1.8909921447749092       0.2243613399047955   -0.0013058648900961729   3.5169585207651607e-06       369.34410263687664    -0.020664725555053953      0.10671958398763394      0.02003356907872554       0.4932730871879473       0.5423458158264225       106391.39013253919        449.3436638853924       106840.73379642458
                       25         565.334938945437      0.36867796551857157       1.8909923697212356      0.22436133983404863   -0.0013058640463864033   3.5169584714734594e-06       369.34398783329283    -0.020664649491364703      0.10671959062764101       0.0200335908833203      0.49327308548526444       0.5423463951922868       106390.97679729348        449.3410734076728       106840.31787070115
                       26        565.3350516300129      0.36867797103802624       1.8909921453569432      0.22436133990487336   -0.0013058648895400075    3.516958520579366e-06        369.3441025654344    -0.020664725591364688      0.10671958397949342     0.020033569082519232       0.4932730871877163       0.5423458161777464       106391.39008211037        449.3436651211971       106840.73374723157
                       27        565.3338849511542       0.3686779484074498       1.8909980261969235      0.22436134009849779    -0.001305856826518684    3.516956760907385e-06       369.34287596514497     -0.02066457337291958       0.1067195595776342     0.020033728098413566          0.4932730755867       0.5423519337031738       106388.61132291866       449.33847575859005       106837.94979867725
                       28         565.335051738095       0.3686779710328139       1.8909921444392133       0.2243613399047484   -0.0013058648901302003    3.516958520773493e-06        369.3441027173224     -0.02066472561057133      0.10671958398904896      0.02003356908197457      0.49327308718807344       0.5423458153992363       106391.39043137158       449.34366577560036       106840.73409714717
aborted minimisation     
Minimisation aborted as it proceeded too slow                
 restart
                       29        565.3338849511542       0.3686779484074498       1.8909980261969235      0.22436134009849779    -0.001305856826518684    3.516956760907385e-06       369.34287596514497     -0.02066457337291958       0.1067195595776342     0.020033728098413566          0.4932730755867       0.5423519337031738       106388.61132291866       449.33847575859005       106837.94979867725
                       30        565.3338854836754      0.36867794843425183       1.8909980288226453      0.22436134009893413   -0.0013058380958766512   3.5169567618102964e-06        369.3428753899173    -0.020664559083359606      0.10671955957145812      0.02003372808979764      0.49327307557684735       0.5423519368085492       106388.54770749417       449.33797110205956       106837.88567859623
                       31         565.333883960396       0.3686779483420236       1.8909980280183998       0.2243613400977024   -0.0013058568319248463   3.5169567603537707e-06         369.342875060041       -0.020664550851726      0.10671955965894928     0.020033728352211254      0.49327307557114475       0.5423519386052916        106388.5542062838        449.3377089799337       106837.89191526374
                       32        565.3338815092579       0.3686779481936865        1.890998042292889       0.2243613400963444   -0.0013058152198385177   3.5169567598719255e-06        369.3428702646675     -0.02066445104923659      0.10671955988323398     0.020033729181798108       0.4932730754956259       0.5423519643973378       106388.33546118208       449.33427069923437       106837.66973188132
                       33        565.1851964324367      0.36866812954871947       1.8912713987471665      0.22436122072867457   -0.0013066047032714075   3.5168736786213742e-06        369.2070382825434    -0.017284618115335174      0.10673176305013436     0.020071817266853045      0.49327074106559543       0.5430876416555577                      nan       341.66393534252234                      nan
nan reached, no restart               
 finished