                   sim_nr                        h                    alpha                  sca_sto                       wg               gammatheta                   gammaq                      CO2                   advCO2                      z0m                      z0h                    FracH         obs_sca_cf_CO2mh                     data               background                    Costf
                        1        851.7411296233479       0.4015314971886281       0.6916196229367615      0.18196593682697831         0.00886619473495   1.8758889396952793e-06        356.5404799205612     0.004447919997931407      0.07395747617821036     0.008524495971533212       0.5039634749786975       0.4874724045793354        586509.9697015214                      0.0        586509.9697015214
                        2        851.7411291717563      0.40153149715871983       0.6916196285370102      0.18196593682640014      0.00886619353506837   1.8758889396118745e-06       356.54047950662186     0.004447896136711905      0.07395747621151909     0.008524496082520563       0.5039634749786018       0.4874724065924228        586509.1307191943    3.691040762607607e-10        586509.1307191947
                        3        851.7411295827163       0.4015314971786054       0.6916196248453161      0.18196593682683965     0.008866194486230432   1.8758889396745556e-06       356.54047982575753     0.004447920032962575      0.07395747618792216      0.00852449602592693       0.5039634749781022      0.48747240507009343        586509.9693277854    7.706237938655524e-15        586509.9693277854
                        4          851.24707527659      0.40149877670942075       0.6977464575913395      0.18196530429463326     0.007553489606628574   1.8757976924297767e-06       356.08761834647794    -0.021656942690629476      0.07399391688553966     0.008645919336366815       0.5039633702593634       0.4896747803035362       127925.12726221338        441.7803510953209       128366.90761330871
                        5        851.2470735086071      0.40149877628735653       0.6977465817237221      0.18196530428796698     0.007553487219755319   1.8757976919580481e-06        356.0876134965578    -0.021656936081096277      0.07399391732774663     0.008645921518498448       0.5039633702209911      0.48967480573821515       127925.11123442887       441.78012818757566       128366.89136261644
                        6        851.2470372358785       0.4014987679800581       0.6977489924821931       0.1819653041562375       0.0075534345585343   1.8757976823887553e-06       356.08751818861066     -0.02165691584166592      0.07399392602550796     0.008645964068140697       0.5039633694774655       0.4896753048321023       127924.81317992628        441.7794589882774       128366.59263891456
                        7        851.2470685726215       0.4014987756556059       0.6977462759337936       0.1819653042738218    0.0075534801232278615   1.8757976902814091e-06        356.0876159321225     -0.02165694154709504      0.07399391785936002     0.008645917422890484        0.503963370087528      0.48967479435811334        127925.1208853543        441.7803151699131       128366.90120052423
                        8        851.2470072544114      0.40149876855733824       0.6977457297337306      0.18196530414441403      0.00755340383241053   1.8757976703418112e-06        356.0876058676535       -0.021656935610367      0.07399392513230489     0.008645913994047703       0.5039633693652964      0.48967485382453213       127925.08895790002        441.7801365717615       128366.86909447178
                        9        758.5531365167113       0.3855180390984236                     0.01      0.18166710523944762      -0.1241519553098012   1.8471897843050082e-06        278.4661367022962     0.006137307486836177      0.08931069019864984     0.010626347968353298       0.5016855561054105       0.9116035319289579         45190.3075382116        1972.770278611173        47163.07781682277
                       10        758.5531200671103       0.3855180367829419                     0.01      0.18166710518912055     -0.12415197603591503   1.8471897829056204e-06        278.4661366692593     0.006137304632940232      0.08931069568693627     0.010626354661173043       0.5016855561066825       0.9116035320945987        45188.85564280466       1972.7708853999536        47161.62652820461
                       11        757.4839665439407       0.3853675404015528                     0.01      0.18166383414590154     -0.12549908454435016     1.84709882869476e-06       278.46398941253506      0.00595181363605852       0.0896674107663202     0.011061359240932015       0.5016856387744397       0.9116142980360917        78403.93577755343       2012.4354209947744        80416.37119854821
                       12         758.018551530326       0.3854427897499882                     0.01      0.18166546969267458     -0.12482551992707568    1.847144306499884e-06        278.4650630574156     0.006044560561447349      0.08948905048248502     0.010843853604642656       0.5016855974399251       0.9116089149825248        79532.94904426797       1992.5463821249498        81525.49542639291
                       13        758.2858440235187       0.3854804144242059                     0.01      0.18166628746606112     -0.12448873761843847   1.8471670454024462e-06       278.46559987985586     0.006090934024141763      0.08939987034056744     0.010735100786497977       0.5016855767726679       0.9116062234557414                      nan       1982.6442134485565                      nan 
nan reached, no restart               
 finished