                   sim_nr                        h                    alpha                  sca_sto                       wg               gammatheta                   gammaq                      CO2                   advCO2                      z0m                      z0h                    FracH         obs_sca_cf_CO2mh                     data               background                    Costf
                        1        933.1228728128542        0.287207040138729       1.0205715948508067        0.373473665528907   -0.0038690456872450428    1.077242042211324e-06         412.417339595622     0.006355322063752975       0.3956915762937284      0.02092709842203572       0.8341676769193669       1.4305660615017501        33980.82184526961                      0.0        33980.82184526961
                        2        933.1228714509236       0.2872070400188362       1.0205715921870837       0.3734736655275955   -0.0038690635155385583   1.0772420409967463e-06       412.41733930548384     0.006355304655908252       0.3956915764056213     0.020927098705004164       0.8341676769166979        1.430566064298555       33980.497948112185   2.3168284435897654e-10        33980.49794811242
                        3        932.8370954108104       0.2871818827162198       1.0200126591745988      0.37347339032772386    -0.007610002399207744   1.0769871842275847e-06        412.3564591523601     0.002702589204083001       0.3957150550641503     0.020986474418536554       0.8341671168768268       1.4311529222455421       11415.426737124877       10.200928207842752        11425.62766533272
                        4        931.4082084005915       0.2870560956036736       1.0172179807935589       0.3734720143218081    -0.026314785959021248   1.0757128943088887e-06        412.0520569360507     -0.01556107509426687       0.3958324489162597      0.02128335440104072       0.8341643166641259       1.4340872259645023       143398.59923897908       367.23341548233907        143765.8326544614
                        5         932.122651905701       0.2871189891599467       1.0186153199840788        0.373472702324766    -0.016962394179114496   1.0763500392682368e-06        412.2042580442054    -0.006429242945091935        0.395773751990205     0.021134914409788635       0.8341657167704764       1.4326200741050223       22961.619071223533       124.96137054607374       23086.580441769605
                        6        932.4798736582558       0.2871504359380832        1.019313989579338       0.3734730463262449     -0.01228619828916112   1.0766686117479108e-06       412.28035859828276   -0.0018633268705044673      0.39574440352717766     0.021060694414162594       0.8341664168236516       1.4318864981752821       1113972.0936578144       51.642199052203935       1114023.7358568667
                        7         932.658484534533       0.2871661593271515       1.0196633243769693       0.3734732183269844    -0.009948100344184432   1.0768278979877479e-06       412.31840887532144   0.00041963116678926746      0.39572972929566397     0.021023584416349574       0.8341667668502392       1.4315197102104122        4375.025997201679       26.936826048834764        4401.962823250514
                        8        932.6584844698225       0.2871661593083663        1.019663323796717       0.3734732183267416    -0.009948100039262135   1.0768278980056226e-06        412.3184088830236    0.0004196307825010178       0.3957297293179588      0.02102358446260667       0.8341667668472378       1.4315197101322523        4375.025791198689       26.936828593201305        4401.962619791891
                        9        930.0530254180575      0.28640980649167924         0.99630048171346       0.3734634427122514     0.002329074958578435    1.077547592632105e-06        412.6285228567827    -0.015053078648460203      0.39662739367922145      0.02288604726874327       0.8340459205145478       1.4283727330263267       161515.37719372765       301.29869633647553       161816.67589006413
                       10        931.3557549762953       0.2867879829094154       1.0079819030452128       0.3734683305196179   -0.0038095126928029983   1.0771877453099263e-06       412.47346586605204    -0.007316723740835468       0.3961785614874427      0.02195481584254642       0.8341063436823936       1.4299462216183694       33686.157294638055       121.13843552642513        33807.29573016448
                       11        932.0071197554141       0.2869770711182834        1.013822613711092       0.3734707744233011   -0.0068788065184937144    1.077007821648837e-06       412.39593737068674      -0.0034485462870231       0.3959541453915533     0.021489200129447997       0.8341365552663164       1.4307329659143908       16041.148471969094        63.29279937107244       16104.441271340167
                       12        932.3328021449737       0.2870716152227175       1.0167429690440297       0.3734719963751428    -0.008413453431339073   1.0769178598182926e-06        412.3571731230041   -0.0015144575601169167       0.3958419373436087     0.021256392272898786       0.8341516610582778       1.4311263380624015       3814.3281436019424        42.42860485581423       3856.7567484577567
                       13        932.4956433397533       0.2871188872749345       1.0182031467104995       0.3734726073510636    -0.009180776887761751   1.0768728789030202e-06        412.3377909991628    -0.000547413196663825       0.3957858333196363     0.021139988344624182       0.8341592139542584       1.4313230241364068       3415.8426621221593       34.011163488789656        3449.853825610949
                       14        932.5770639371432        0.287142523301043       1.0189332355437344      0.37347291283902395    -0.009564438615973092    1.076850388445384e-06       412.32809993724214   -6.389101493727879e-05      0.39575778130765016     0.021081786380486876       0.8341629904022487       1.4314213671734095       3969.0237096264373       30.306106777928502        3999.329816404366
                       15        932.5363536384482      0.28713070528798873        1.018568191127116      0.37347276009504377    -0.009372607751867422    1.076861633674202e-06       412.33294546820247  -0.00030565210580055235       0.3957718073136432      0.02111088736255553       0.8341611021782536       1.4313721956549081       3299.0112950298962        32.11666313563815       3331.1279581655344
                       16        932.5159984891008       0.2871247962814616       1.0183856689188087       0.3734726837230537    -0.009276692319814588    1.076867256288611e-06       412.33536823368263  -0.00042653265123218827      0.39577882031663975     0.021125437853589855       0.8341601580662561       1.4313476098956575       3347.1253543568205        33.05342031278367        3380.178774669604
                       17        932.5261760637745       0.2871277507847252       1.0184769300229632      0.37347272190904873    -0.009324650035841004   1.0768644449814065e-06        412.3341568509425   -0.0003660923785163703      0.39577531381514147     0.021118162608072692       0.8341606301222548       1.4313599027752828       3281.6644187221646        32.58241847435336        3314.246837196518
                       18        932.5312648511114        0.287129228036357       1.0185225605750396      0.37347274100204625    -0.009348628893854214   1.0768630393278044e-06        412.3335511595725   -0.0003358722421584609      0.39577356056439233      0.02111452498531411       0.8341608661502542       1.4313660492150955        3252.573061760787        32.34888499253136       3284.9219467533185
                       19        932.5338092447798      0.28712996666217283       1.0185453758510778        0.373472750548545    -0.009360618322860819   1.0768623365010032e-06       412.33324831388745   -0.0003207621739795066      0.39577268393901777      0.02111270617393482       0.8341609841642539       1.4313691224350018       3255.4934620706317        32.23261011096866       3287.7260721816006
                       20        932.5325370479457       0.2871295973492649       1.0185339682130596      0.37347274577529566    -0.009354623608357517   1.0768626879144037e-06          412.33339973673  -0.00032831720806898376       0.3957731222517051     0.021113615579624465       0.8341609251572542       1.4313675858250487       3251.1291574789416       32.290706563470984       3283.4198640424124
                       21        932.5325401689972       0.2871295972973059       1.0185339708902141       0.3734727457727789    -0.009354601159904576   1.0768626892622224e-06       412.33340060854204  -0.00032830721420141866       0.3957731220187326      0.02111361568841531       0.8341609250538984       1.4313675771493777       3251.1200371735727        32.29059263178528        3283.410629805358
                       22        932.5325379711899      0.28712959702727203       1.0185339620095455      0.37347274576970596    -0.009354624246197717   1.0768626876642764e-06        412.3334007253449   -0.0003283072290786058       0.3957731223101463      0.02111361634118758       0.8341609250364783       1.4313675760468105        3251.127677600546        32.29062090568169        3283.418298506228
                       23        932.5325377631583       0.2871295970317861       1.0185339641264655      0.37347274576978107    -0.009354623475965187   1.0768626877007892e-06       412.33340059305414  -0.00032831744770655397       0.3957731223011746     0.021113616322690595       0.8341609250371235        1.431367577304548       3251.1288881413266        32.29070848037425       3283.4195966217007
                       24        932.5332123419798      0.28712929100558304       1.0185299989458017       0.3734727404625948    -0.009354616232076495   1.0768624744308014e-06       412.33422271677415  -0.00032855644828102236       0.3957731712800172     0.021114332683654383       0.8341608096816506       1.4313593973643655        3250.911678906506         32.2927723769635       3283.2044512834696
                       25        932.5325367616927      0.28712959702714813       1.0185339873943668       0.3734727457699192    -0.009354623363897956   1.0768626876590245e-06        412.3333998227491  -0.00032831723240337504       0.3957731223068233     0.021113616250053896       0.8341609250502056       1.4313675851986487        3251.129056630492        32.29070647871586        3283.419763109208
                       26        935.8419368341141       0.2856304104799561       0.9991113042928372      0.37344674593461324     -0.00932247109441417   1.0758179454296798e-06        416.3626396499841   -0.0012412874917950949      0.39601311221318447     0.024622989845757275       0.8335958129359704       1.3912795145341805        5872.553056677386       40.860010870573475        5913.413067547959
                       27        934.1872369410299       0.2863800039146105       1.0088226362529493      0.37345974585495445    -0.009338547351385843   1.0763403166720418e-06       414.34801969335706   -0.0007848023499320393      0.39589311723244475     0.022868302712690868       0.8338783690466123       1.4113235501796146       2862.9610678049075       36.403285016020924       2899.3643528209286
                       28        934.1872394523331      0.28638000414420545       1.0088226451624642       0.3734597458572021      -0.0093385224506904    1.076340318356417e-06       414.34801971783685   -0.0007848015563224724      0.39589311693143536     0.022868302192338864        0.833878369042544       1.4113235498797592        2862.733932363601        36.40324738689777        2899.137179750499
                       29        934.1872369506034      0.28638000390324464       1.0088226365384223      0.37345974585476016    -0.009338547357410408   1.0763403166630007e-06         414.348019714554   -0.0007848019933690033      0.39589311723419085     0.022868302736273743       0.8338783690425577       1.4113235499757584       2862.9610208370527       36.403281724885375        2899.364302561938
                       30        934.1872369437073      0.28638000390277707       1.0088226366010034       0.3734597458547515    -0.009338547335317925    1.076340316663928e-06       414.34801971017276   -0.0007848023541641071      0.39589311723405063      0.02286830273729363       0.8338783690423528       1.4113235500173111        2862.960921781403        36.40328503670119       2899.3642068181043
                       31        934.1928024761343      0.28637399062329943       1.0089769170818155      0.37345964270430226     -0.00933662688929449   1.0763358426529385e-06       414.35929442474236   -0.0005967519362761169       0.3958939864112078     0.022880771081923428       0.8338762064416609       1.4112151021653712        2828.077668453847        34.68427167054828        2862.761940124395
                       32        934.1928024763436       0.2863739906234064       1.0089769170853273      0.37345964270423027     -0.00933662688932416   1.0763358426659993e-06       414.35929444105057   -0.0005967519396469787      0.39589398641078205     0.022880771081695398       0.8338762064376415        1.411215102078283        2828.077667034658        34.68427170100931       2862.7619387356676
                       33        934.1928024753062       0.2863739906226048       1.0089769170773746       0.3734596427037883    -0.009336626889296325    1.076335842612568e-06        414.3592944272947   -0.0005967519355438858      0.39589398641250995     0.022880771082479236       0.8338762064372593       1.4112151021612893        2828.077668356611         34.6842716639808       2862.7619400205917
                       34        934.1769456999677      0.28634775600959794       1.0093420328080107       0.3734117409224268    -0.009342340714095863   1.0761004309632624e-06       417.60301606816824   -0.0011830676883723698      0.39590072352790784      0.02287492637183801       0.8328247434968541       1.3945309626855784       2693.5724389835746       40.215945675959055       2733.7883846595337
                       35        934.1769457015306       0.2863477560105123       1.0093420328273446       0.3734117409230059    -0.009342340714080119   1.0761004310421623e-06        417.6030160666768    -0.001183067689088821       0.3959007235254585      0.02287492637110465       0.8328247434926388       1.3945309626840785       2693.5724383107117        40.21594568290588       2733.7883839936176
                       36        934.1769456998417      0.28634775600933354       1.0093420328110678      0.37341174092215174     -0.00934234071409358     1.07610043095721e-06       417.60301607090474   -0.0011830676880565825        0.395900723528101     0.022874926372040912       0.8328247434916012       1.3945309626776088        2693.572438956236         40.2159456728971       2733.7883846291334
                       37        934.1943093254662       0.2863434766662944       1.0099064272017646       0.3734008795856528      -0.0093418965776929    1.077000505747768e-06        417.7845804115287   -0.0011714878162492684       0.3958731818021803      0.02287766606867519       0.8323543448258744        1.393901573505637       2686.5883813453033       40.103773248577326        2726.692154593881
                       38        934.1943111990628       0.2863434766015317       1.0099064493939025       0.3734008795828999    -0.009341871702994975   1.0770005072078283e-06        417.7845803925568   -0.0011714888418500134      0.39587318154445467     0.022877666142319748       0.8323543447187348         1.39390157383213        2686.580723072738        40.10375300320571       2726.6844760759436
                       39        934.1943087026315        0.286343476359778       1.0099064408884662      0.37340087958043783     -0.00934189654378771   1.0770005055175291e-06         417.784580390527    -0.001171489221417417       0.3958731818463986     0.022877666687136252       0.8323543447182292       1.3939015739165181       2686.5883253665293        40.10378693797519       2726.6921123045045
                       40        934.1943084169326      0.28634347619583567       1.0099064473989934      0.37340087957766444    -0.009341896819168485   1.0770005053761017e-06       417.78458040507167   -0.0011714878272202503       0.3958731818738506     0.022877667020402916       0.8323543446614741       1.3939015738892966       2686.5884490652834        40.10377368587787       2726.6922227511614
                       41        934.1706296749595      0.28633181638197924        1.010427088556618       0.3734006811947851    -0.009340527209766386   1.0769917519436884e-06       417.78378409492353   -0.0012247225787074233        0.395874863136356     0.022901193143010968        0.832350249572889       1.3939171793680698       2685.2424375550904        40.62413849754345       2725.8665760526337
                       42         934.170629674889      0.28633181638186156       1.0104270885619808        0.373400681193011    -0.009340527209759784   1.0769917519462087e-06        417.7837840968439   -0.0012247225787756551      0.39587486313629594     0.022901193143157344        0.832350249464511       1.3939171793713527       2685.2424373840267        40.62413849822688       2725.8665758822535
                       43        934.1706296686417      0.28633181637423444       1.0104270886982967      0.37340068106689406    -0.009340527209651473   1.0769917517488996e-06        417.7837841308332   -0.0012247225790202208       0.3958748631419209     0.022901193150088185       0.8323502443712031        1.393917179632915       2685.2424294198922        40.62413850116719       2725.8665679210594
                       44        934.1706296757458       0.2863318163822901         1.01042708854731      0.37340068119434966    -0.009340527209806132   1.0769917519486867e-06       417.78378408297147   -0.0012247225768503454      0.39587486313612236     0.022901193142302455        0.832350249530077       1.3939171793786564       2685.2424375034766        40.62413847926441        2725.866575982741
                       45        934.0309156879533      0.28607839569601057       1.0196328470573643      0.36916491565826887    -0.009331472674032261    1.078605617803444e-06       420.42686712628074    -0.001228625109719936       0.3958415108157664     0.023167223122759713       0.6049017935188367       1.4026364890074632       2506.3425685955685        41.98536474015455        2548.327933335723
                       46         934.030915687935       0.2860783956959634        1.019632847070497      0.36916491565960385    -0.009331472674012072    1.078605617817588e-06       420.42686712817476   -0.0012286251099866098      0.39584151081535723      0.02316722312293051       0.6049017935304313       1.4026364890055105       2506.3425685526163        41.98536474263868       2548.3279332952548
                       47        934.0309156877378       0.2860783956958273       1.0196328470650364       0.3691649156569656    -0.009331472674023285   1.0786056178002702e-06       420.42686712640125   -0.0012286251099132735       0.3958415108158159      0.02316722312297323       0.6049017935459646       1.4026364890100638       2506.3425685855213       41.985364741742174       2548.3279333272635
                       48         934.030915687342      0.28607839569523547        1.019632847089003       0.3691649156497602    -0.009331472674011493    1.078605617790546e-06       420.42686712967924    -0.001228625109557316       0.3958415108159177      0.02316722312344836       0.6049017935173111       1.4026364890232361       2506.3425685625994        41.98536473859459       2548.3279333011938
                       49        934.0309156844097      0.28607839569208204       1.0196328471936642       0.3691649156152771    -0.009331472673938683    1.078605617710077e-06        420.4268671472417    -0.001228625109856274       0.3958415108174125     0.023167223126325957       0.6049017935253236       1.4026364890766039        2506.342568500194         41.9853647415744       2548.3279332417683
                       50        933.4696504609808        0.285394360297342       1.0473478470578357      0.36183004149265535    -0.009312241572938845    1.066934980607775e-06       423.36587501026696   -0.0011527061036144181      0.39598677510384944     0.023788444727463443       0.6096786674067448       1.4161072870279643         2492.54804118486        41.21865858662642       2533.7666997714864
                       51         933.469650460414       0.2853943602964869        1.047347847102385      0.36183004148454717     -0.00931224157290643   1.0669349806046733e-06        423.3658750220415   -0.0011527061033238207       0.3959867751036634     0.023788444728243208       0.6096786674137972       1.4161072870378009       2492.5480411047724       41.218658583834575        2533.766699688607
                       52        933.4696504604552       0.2853943602967142        1.047347847079541      0.36183004148587583    -0.009312241572924035    1.066934980594237e-06       423.36587501741053    -0.001152706103699326      0.39598677510404745     0.023788444728011428       0.6096786674107058       1.4161072870343272       2492.5480411664043         41.2186585874898        2533.766699753894
                       53        933.4696504608829        0.285394360297181       1.0473478470642519      0.36183004149125253    -0.009312241572933984   1.0669349806064114e-06       423.36587501132607   -0.0011527061038323913      0.39598677510381614     0.023788444727591545       0.6096786674075586        1.416107287027864       2492.5480411768485        41.21865858875064       2533.7666997655992
                       54        933.4696504608493      0.28539436029715537       1.0473478470643798      0.36183004149087217    -0.009312241572933864   1.0669349806050373e-06       423.36587501056835   -0.0011527061035940499      0.39598677510385444      0.02378844472761723       0.6096786674072913       1.4161072870294198       2492.5480411829985        41.21865858642907       2533.7666997694278
                       55        933.4696504600092       0.2853943602959086       1.0473478470986652       0.3618300414794816    -0.009312241572905867   1.0669349805833632e-06       423.36587500917665     -0.00115270610353169       0.3959867751039001      0.02378844472856844       0.6096786674071111       1.4161072870300315       2492.5480411823055        41.21865858584535        2533.766699768151
                       56        933.2363310860757       0.2850579479894385        1.058552931597994      0.35866058092961006    -0.009303665607253236   1.0617696913050934e-06       424.48543897056976    -0.001214026861575952       0.3959951861061078       0.0240591008996793         0.61059130497407       1.4173740472485992       2488.7818069943514        41.82744344287359        2530.609250437225
                       57        933.2363310876287      0.28505794799106227       1.0585529315226143       0.3586605809492515    -0.009303665607301562    1.061769691337347e-06       424.48543896236407    -0.001214026862048266       0.3959951861054077     0.024059100898041665         0.61059130495605       1.4173740471896736         2488.78180695545        41.82744344757335       2530.6092504030235
                       58        933.2363310861657       0.2850579479891361       1.0585529315833284       0.3586605809299185    -0.009303665607256583   1.0617696913006232e-06       424.48543896592776   -0.0012140268623991929      0.39599518610576157      0.02405910089963226       0.6105913049629264       1.4173740472089558       2488.7818069692935       41.827443451041106        2530.609250420335
                       59         933.236331086045      0.28505794798928896       1.0585529315976885       0.3586605809289637    -0.009303665607251557   1.0617696913033469e-06       424.48543896775175   -0.0012140268616111123      0.39599518610601836     0.024059100899733846       0.6105913049716599        1.417374047240601       2488.7818069906534        41.82744344322286       2530.6092504338762
                       60        933.2363310849552      0.28505794798641126       1.0585529316267355         0.35866058091131    -0.009303665607205278   1.0617696912655796e-06       424.48543893867213   -0.0012140268614436005       0.3959951861049568     0.024059100901228755       0.6105913049444517       1.4173740471411227        2488.781806931553        41.82744344169473        2530.609250373248
                       61        933.2363310781524      0.28505794797367234        1.058552931857383      0.35866058081296665    -0.009303665606968582   1.0617696910626512e-06        424.4854388807276   -0.0012140268616392955      0.39599518610323775      0.02405910090938454       0.6105913048902208       1.4173740469197562       2488.7818067975304        41.82744344409148        2530.609250241622
                       62         933.236331028488      0.28505794786705474       1.0585529332046555       0.3586605800663325    -0.009303665605234452   1.0617696893919342e-06        424.4854380757516   -0.0012140268577162817      0.39599518608028933      0.02405910097078625       0.6105913041512983       1.4173740441561824        2488.781805283668        41.82744340971096        2530.609248693379
                       63        922.4391075930204        0.262373737763416       1.3733794388649034      0.19727831732182127    -0.008920879196658498    7.101863347570381e-07       266.49019594702037   -0.0008064773066453913       0.3912712509074893     0.037396095938210014       0.4643163832497949        0.863314809201651        3191.049794679588        55.77994073432872       3246.8297354139168
                       64         927.837719339548      0.27371584287642725       1.2159661852314478       0.2779694491257157    -0.009112272401955867    8.859780130310658e-07         345.487817458795    -0.001010252084110672      0.39363321850679855      0.03072759841894466       0.5374538441119324       1.1403444282251252        2569.297200157645       44.534491149048044        2613.831691306693
                       65        930.5370252128117       0.2793868954329329        1.137259558414721      0.31831501502766285    -0.009207969004604553    9.738738521680796e-07        384.9866282146824    -0.001112139472843312      0.39481420230645314     0.027393349659311977       0.5740225745430012       1.2788592377368622       2438.5797633866155        42.11366706107254        2480.693430447688
                       66        931.8866781494437       0.2822224217111857       1.0979062450063566       0.3384877979786365    -0.009255817305928893   1.0178217717365865e-06        404.7360335926261    -0.001163083167209632      0.39540469420628044      0.02572622527949564       0.5923069397585355       1.3481166424927307       2452.2434369881125       41.703730193251005       2493.9471671813635
                       67        931.2118516811278       0.2808046585720593       1.1175829017105396      0.32840140650314964    -0.009231893155266723     9.95847811952333e-07        394.8613309036542   -0.0011376113200264716       0.3951094482563668      0.02655978746940381       0.5831647571507683       1.3134879401147965       2440.3360676512325        41.84199236248124       2482.1780600137135
                       68        930.8744384469697       0.2800957770024961       1.1274212300626303       0.3233582107654063    -0.009219931079935639    9.848608320602064e-07        389.9239795591683   -0.0011248753964348919         0.39496182528141     0.026976568564357893       0.5785936658468848       1.2961735889258292       2437.9265928879668       41.961153145606765       2479.8877460335734
                       69        930.8744361038318       0.2800957767752793       1.1274212221572615       0.3233582107628587    -0.009219954172954509    9.848608304665052e-07       389.92397955590155   -0.0011248757517900426      0.39496182556004544      0.02697656901213406       0.5785936658470777       1.2961735890154025         2437.76442442377        41.96118410380007         2479.72560852757
                       70        930.8744384164361       0.2800957769946535       1.1274212296655595       0.3233582107653695     -0.00921993108285236    9.848608320350186e-07       389.92397956105424   -0.0011248752272918642       0.3949618252822733     0.026976568573342564       0.5785936658470534        1.296173588900935        2437.926585616653        41.96115151044223        2479.887737127095
                       71        930.8496872918643       0.2800894862385236       1.1271033688858019      0.32335818103578223    -0.009226361243186742    9.848404746773428e-07       389.92548200746825    -0.000990135846228978       0.3949625628805843     0.026983808729732973       0.5785938002648212       1.2961537646374732       2436.8752312741262       40.675241608718174       2477.5504728828446
                       72        930.8620628694171      0.28009263162050985        1.127262299474216       0.3233581959005943     -0.00922314616156119    9.848506533687746e-07        389.9247307833183    -0.001057505621331935      0.39496219408099714     0.026980188647045433        0.578593733055853       1.2961636767816511        2426.666501198888        41.31525501183217         2467.98175621072
                       73        930.8620628688993       0.2800926316200162       1.1272622994642845      0.32335819590041326    -0.009223146161516914    9.848506533381353e-07       389.92473078187896   -0.0010575056228007062       0.3949621940818882      0.02698018864739421       0.5785937330560248       1.2961636767875069       2426.6665011140553        41.31525502593919       2467.9817561399946
                       74        930.8620628694591       0.2800926316204179       1.1272622994699404      0.32335819590062015    -0.009223146161575262    9.848506533724822e-07        389.9247307827426   -0.0010575056208233713      0.39496219408065847      0.02698018864704283       0.5785937330560501       1.2961636767799074        2426.666501194594        41.31525500697538        2467.981756201569
                       75        930.8505045208528       0.2800772621670099       1.1268732368841938      0.32335452228316625    -0.009222502229424355    9.842065514950833e-07       389.86979438755367   -0.0010774938649400134      0.39497332811358515      0.02698882401215091       0.5786045145263119       1.2962526976317958       2425.4460416773204        41.50840992005322       2466.9544515973735
                       76         930.850504520842       0.2800772621669219       1.1268732368816305      0.32335452228314504    -0.009222502229414162    9.842065514924893e-07         389.869794386599   -0.0010774938651319432      0.39497332811357927     0.026988824012182114       0.5786045145265131        1.296252697632224        2425.446041672118        41.50840992190706        2466.954451594025
                       77        930.8505045208623      0.28007726216686724        1.126873236879062       0.3233545222831905    -0.009222502229420327    9.842065514947939e-07       389.86979438592516   -0.0010774938648029433      0.39497332811341174     0.026988824012182788       0.5786045145267787       1.2962526976302566        2425.446041673796        41.50840991875943       2466.9544515925554
                       78        930.8505045207338       0.2800772621664467       1.1268732368666097       0.3233545222831469    -0.009222502229403677     9.84206551485169e-07       389.86979438395593   -0.0010774938649429477       0.3949733281133108     0.026988824012343676       0.5786045145277035       1.2962526976245956        2425.446041666191       41.508409920147905        2466.954451586339
                       79        930.8505045207127        0.280077262166162       1.1268732368585184       0.3233545222830916     -0.00922250222938618    9.842065514795591e-07        389.8697943832792    -0.001077493865130029       0.3949733281131706     0.026988824012430974       0.5786045145285593       1.2962526976158635       2425.4460416572783       41.508409921966944       2466.9544515792454
                       80        930.8505045201376        0.280077262161891       1.1268732367278371       0.3233545222829447    -0.009222502229255325    9.842065514193099e-07        389.8697943633273   -0.0010774938639642523       0.3949733281103223     0.026988824013751106       0.5786045145406986          1.2962526975191        2425.446041582452       41.508409911227794       2466.9544514936797
                       81        930.8505045207688       0.2800772621667868       1.1268732368821244      0.32335452228311923     -0.00922250222941997    9.842065514896913e-07        389.8697943869884    -0.001077493864940506      0.39497332811355096      0.02698882401223876        0.578604514526886       1.2962526976292998       2425.4460416759957        41.50840992007399       2466.9544515960697
                       82        930.7494651316305      0.27935272776082154       1.1046856723520602        0.323323015005435    -0.009194621873453756    9.729801746044375e-07        385.6908049618426   -0.0010391219551111634      0.39453295074094363     0.027217207706869046       0.5805976985478316       1.2831787018014529        2417.743862688371        41.23186187318509        2458.975724561556
                       83        930.7494574578681      0.27935272613454865       1.1046857133660222       0.3233230149953652    -0.009194644617035657    9.729801688429669e-07        385.6908049423352    -0.001039123009081747      0.39453295116053255     0.027217209609828246       0.5805976985930252       1.2831787018777352       2417.7435963479097       41.231899133988755       2458.9754954818986
                       84        930.7494595846331      0.27935272631074204       1.1046857222736435       0.3233230149976322    -0.009194621796260526     9.72980170273666e-07       385.69080494346775   -0.0010391226668843411      0.39453295089115575      0.02721720922298504       0.5805976985942914       1.2831787017975358        2417.743828117686       41.231868798945435       2458.9756969166315
                       85        930.7493490072417       0.2793526972311397        1.104686707192453        0.323323014841246    -0.009194618727299502    9.729800834964747e-07       385.69080478925287   -0.0010391190908720623       0.3945329538933125     0.027217239631452003       0.5805976995234948       1.2831786995451606        2417.743412848491          41.231834830749         2458.97524767924
                       86         930.302556670603       0.2792358880747213       1.1087070977582396       0.3233223863078501    -0.009188324943223062    9.726312278267811e-07        385.6893373814857      -0.0010953928580389      0.39454505358137987     0.027339368671605357       0.5806014418783747       1.2831782546760653       2416.0747534074453       41.781680142091226       2457.8564335495366
                       87         930.302556661917      0.27923588807236094       1.1087070978350333       0.3233223863062365    -0.009188324943103319    9.726312278123066e-07       385.68933739397676   -0.0010953928587832656       0.3945450535817692     0.027339368674025866       0.5806014419201507       1.2831782546705077       2416.0747533570893        41.78168014868561        2457.856433505775
                       88         930.302556661621      0.27923588807207206       1.1087070978293063       0.3233223863008425    -0.009188324943109694    9.726312277854917e-07       385.68933738957935   -0.0010953928585778388        0.394545053582442     0.027339368674242977       0.5806014419590838       1.2831782546764199        2416.074753352671        41.78168014634274       2457.8564334990137
                       89        930.3025566669651       0.2792358880736352        1.108707097790104      0.32332238630598176    -0.009188324943174266    9.726312278154087e-07         385.689337380153   -0.0010953928578257598      0.39454505358159725     0.027339368672658917       0.5806014419419021       1.2831782546754942       2416.0747533858585        41.78168013934782       2457.8564335252063
                       90        930.3025566680451       0.2792358880738667       1.1087070977770441       0.3233223863045593    -0.009188324943191724    9.726312278106096e-07       385.68933737680845   -0.0010953928578292674       0.3945450535817086     0.027339368672398896        0.580601441854748        1.283178254676462       2416.0747534001644        41.78168014054739        2457.856433540712
                       91        928.4211114842336      0.27868209238015507       1.1249806173101273       0.3223788889381188    -0.009163161331545546     9.66824062133451e-07        385.7595217300485   -0.0010553753522320013       0.3946661932196213      0.02788234215051472       0.6055251220897861       1.2827586276040046       2410.9001697245226       41.145138834601255        2452.045308559124
                       92        928.4211114760727      0.27868209237783315       1.1249806173838621      0.32237888893624606    -0.009163161331430865    9.668240621197862e-07        385.7595217310228   -0.0010553753521776905       0.3946661932198538      0.02788234215282044       0.6055251220162334       1.2827586275997533       2410.9001696946484        41.14513883511882        2452.045308529767
                       93         928.421111469137       0.2786820923756905       1.1249806174384336       0.3223788889302475    -0.009163161331343268    9.668240620878096e-07        385.7595217295357    -0.001055375352063878        0.394666193220547     0.027882342154880668       0.6055251218657437        1.282758627598863       2410.9001696747396       41.145138836000534         2452.04530851074
                       94        928.4211114856487          0.2786820923805       1.1249806172967354      0.32237888893821554     -0.00916316133156449    9.668240621353953e-07        385.7595217275701   -0.0010553753520243158       0.3946661932195191     0.027882342150133795       0.6055251220647601       1.2827586276030032       2410.9001697225654       41.145138832915826       2452.0453085554814
                       95        927.1738805043502      0.27830760414751243       1.1355796176718709       0.3217406717818239    -0.009146241963672447    9.631876173146514e-07        385.4502162619345   -0.0010150127923119227      0.39473038493700285      0.02824447005829763       0.5831097392529921        1.282091850534889       2408.3934478914493        41.07265041735198       2449.4660983088015
                       96        927.1738804999816      0.27830760414620037        1.135579617708526       0.3217406717797763    -0.009146241963612599    9.631876173025494e-07        385.4502162606965   -0.0010150127922741812        0.394730384937203      0.02824447005956348       0.5831097392905314       1.2820918505315013       2408.3934478888696        41.07265041668899       2449.4660983055587
                       97        927.1738805036816      0.27830760414720557        1.135579617674228       0.3217406717807685    -0.009146241963662564    9.631876173106674e-07       385.45021625951506    -0.001015012792224712      0.39473038493697127      0.02824447005852846       0.5831097392500206       1.2820918505295409       2408.3934478886267       41.072650416653936        2449.466098305281
                       98        927.1738804976086      0.27830760414358635        1.135579617675278      0.32174067176853466     -0.00914624196355339    9.631876172736967e-07         385.450216222534   -0.0010150127905532592      0.39473038493564633      0.02824447006088751       0.5831097393301464       1.2820918504327559       2408.3934478436727        41.07265040107906       2449.4660982447517
                       99        927.1738804961368       0.2783076041439265       1.1355796177074424      0.32174067177282206    -0.009146241963541624    9.631876172816611e-07        385.4502162419625   -0.0010150127922301756      0.39473038493629165     0.028244470061041055       0.5831097392449514       1.2820918504646945       2408.3934478461206        41.07265041763391       2449.4660982637547
                      100        927.1738796484015       0.2783076037867985       1.1355796218163565       0.3217406709257782    -0.009146241950149344    9.631876141137304e-07        385.4502143829585   -0.0010150127808441628       0.3947303848714433      0.02824447033979324       0.5831097384449629       1.2820918439052449        2408.393443670003        41.07265041069743       2449.4660940807003
                      101        927.1738801428951       0.2783076040065815       1.1355796197511747       0.3217406714632103    -0.009146241958186809    9.631876160219055e-07        385.4502156314543   -0.0010150127891385202       0.3947303849219517     0.028244470173553006        0.583109737390812       1.2820918484226975       2408.3934465249486       41.072650443352984       2449.4660969683014
                      102        843.6978052621779      0.24281099332558398       1.5270853600065841      0.23495853213859094    -0.007830248348847926     6.38774257472925e-07        196.1219787048499  -2.3463893088769214e-05      0.38835013548186487       0.0558167684305613        0.450485485762229       0.6231007941767388        4752.398827902425        71.20201158703122        4823.600839489456
                      103        885.4358428832641       0.2605592987365482       1.3313324888392266       0.2783496019602074    -0.008488245156260187    8.009809373937882e-07        290.7860974833922   -0.0005192383427003464      0.39154026020943383      0.04203061924442947       0.5167976125076106        0.952596322355814       3040.2490796201632       48.966414961466924         3089.21549458163
                      104        906.3048616938071      0.26943345144203035       1.2334560532555496       0.3000451368710157    -0.008817243559966315    8.820842773542197e-07       338.11815687266335   -0.0007671255675061345      0.39313532257321837      0.03513754465136355       0.5499536758803013       1.1173440864453514       2481.7515898591214       43.226803679228276         2524.97839353835
                      105        916.7393710990787       0.2738705277947714       1.1845178354637085       0.3108929043264198    -0.008981742761819383    9.226359473344355e-07       361.78418656729895   -0.0008910691799090282       0.3939328537551106      0.03169100735483059       0.5665317075666467       1.1997179684901202       2375.8175101918896        41.70154479574483       2417.5190549876343
                      106        921.9566258017144       0.2760890659711419       1.1600487265677906       0.3163167880541219    -0.009063992362745913    9.429117823245434e-07        373.6172014146167   -0.0009530409861104759       0.3943316193460567      0.02996773870656411       0.5748207234098195       1.2409049095125047        2383.868427363529        41.27505204341209        2425.143479406941
                      107        919.3479984503965       0.2749797968829567       1.1722832810157495      0.31360484619027085    -0.009022867562282648    9.327738648294896e-07        367.7006939909578   -0.0009220550830097525      0.39413223655058366     0.030829373030697348       0.5706762154882331       1.2203114390013123        2376.295251753812        41.46028702879439       2417.7555387826064
                      108        918.0436847747377      0.27442516233886405         1.17840055823973       0.3122488752583453    -0.009002305162051014    9.277049060819624e-07       364.74244027912835   -0.0009065621314593899      0.39403254515284714      0.03126019019276397       0.5686039615274399       1.2100147037457163        2374.981351053922        41.57391306457358       2416.5552641184954
                      109        918.0436824018119      0.27442516211606227        1.178400550620884       0.3122488752557798    -0.009002328401218354     9.27704904477761e-07       364.74244027661825   -0.0009065625639606877       0.3940325454291162     0.031260190585408416       0.5686039615275051       1.2100147038327866         2374.82206362205        41.57394372632251        2416.396007348372
                      110        918.0436847454947       0.2744251623314286       1.1784005579193213       0.3122488752582979    -0.009002305162505761    9.277049060561175e-07        364.7424402806761   -0.0009065620728979018      0.39403254515370373      0.03126019020036144       0.5686039615274798       1.2100147037252311        2374.981350422904       41.573912515543945        2416.555262938448
                      111        918.0187752680131       0.2744188870455721        1.178130445258292      0.31224883509130963    -0.009006247366627064    9.276829664583363e-07        364.7437390282068   -0.0008574729083321271      0.39403330652046364      0.03126662753936871       0.5686039950680152       1.2099975221703936        2367.823398519345        41.11932863312394        2408.942727152469
                      112        918.0312300213754      0.27442202469221805       1.1782655017490118       0.3122488551748275    -0.009004276264339039    9.276939362701494e-07        364.7430896536676   -0.0008820175198957581       0.3940329258366554     0.031263408866066336       0.5686039782977276        1.210006112958055        2366.226925941204        41.34622992032143       2407.5731558615257
                      113        918.0250026446943       0.2744204558688951       1.1781979735036519      0.31224884513306855    -0.009005261815483051    9.276884513642429e-07        364.7434143409372   -0.0008697452141139426       0.3940331161785595      0.03126501820271752       0.5686039866828714       1.2100018175642244        2365.421484418078        41.23268154459085       2406.6541659626687
                      114        918.0250042245837       0.2744204559064547         1.17819797339836      0.31224884513444745    -0.009005238622126467    9.276884523275788e-07         364.743414318929   -0.0008697469442555342      0.39403311592490475      0.03126501799969886         0.56860398668389       1.2100018175716307        2365.415645316374        41.23267123030056        2406.648316546675
                      115        918.0250018849953      0.27442045569054796       1.1781979660722257      0.31224884513193113    -0.009005261765676491    9.276884507501182e-07        364.7434143180072   -0.0008697473000368241      0.39403311619924397      0.03126501838450517        0.568603986683919       1.2100018176477012       2365.4214079235066       41.232701057467054        2406.654108980974
                      116        918.0250018750136       0.2744204556750891       1.1781979652991996       0.3122488451318148    -0.009005262052300952    9.276884506918772e-07       364.74341434228904   -0.0008697452502610158       0.3940331162047568      0.03126501840284837       0.5686039866840499        1.210001817409684        2365.421553602956       41.232682195101525       2406.6542357980575
                      117        918.0068559555685       0.2744161942045869       1.1780203880118254      0.31224881795713816    -0.009003989162607721    9.276737797268515e-07       364.74286686329685   -0.0009195510788093568       0.3940336095661451      0.03126936150579002       0.5686040117219822       1.2100038072815378        2364.256891716798        41.70010627824555       2405.9569979950434
                      118        918.0068559554974       0.2744161942045359       1.1780203880101734       0.3122488179570042    -0.009003989162602422     9.27673779726257e-07        364.7428668645669   -0.0009195510789687155       0.3940336095661112      0.03126936150581841       0.5686040117230693        1.210003807277554        2364.256891712979        41.70010627970514        2405.956997992684
                      119        918.0068559552873      0.27441619420434316       1.1780203880052458      0.31224881795555737    -0.009003989162597424    9.276737797171327e-07        364.7428668642787   -0.0009195510791604944       0.3940336095662324      0.03126936150594919       0.5686040117259312       1.2100038072710557        2364.256891707305       41.700106281547285       2405.9569979888524
                      120        917.9942935376326       0.2744059501906838       1.1777272568689767       0.3121944335086615    -0.009003364466423944    9.273534205535311e-07        364.8491590396301   -0.0009395499601258768      0.39403409163530184      0.03127574794614061       0.5687858510139885       1.2094540626697938       2363.9022642247555        41.88604977488333        2405.788313999639                
 restart
                      121        917.9942935376326       0.2744059501906838       1.1777272568689767       0.3121944335086615    -0.009003364466423944    9.273534205535311e-07        364.8491590396301   -0.0009395499601258768      0.39403409163530184      0.03127574794614061       0.5687858510139885       1.2094540626697938       2363.9022642247555        41.88604977488333        2405.788313999639
                      122        917.9942950495175        0.274405950203069       1.1777272559598124      0.31219443350985104    -0.009003341395632605    9.273534214234021e-07       364.84915903115484   -0.0009395493800387887      0.39403409138968315      0.03127574776837634        0.568785851015086        1.209454062588259         2363.89726242362       41.886017930543524       2405.7832803541633
                      123        917.9942927484313       0.2744059499915296       1.1777272487901875      0.31219443350737797    -0.009003364449023775    9.273534198726722e-07        364.8491590303831   -0.0009395497214560866       0.3940340916593455      0.03127574815396825        0.568785851015107         1.20945406265167       2363.9022620829955        41.88604754176702       2405.7883096247624
                      124        917.9942883063108      0.27440594888068875       1.1777272045097504      0.31219443350023246    -0.009003364160583545    9.273534160782332e-07        364.8491589640689   -0.0009395499809882335      0.39403409179100773     0.031275749310735124       0.5687858510216077       1.2094540627018662       2363.9021972423834       41.886049906495515        2405.788247148879
                      125        917.8847892387824      0.27437831842430377       1.1766065756096875      0.31219425543179924    -0.009000814090584097     9.27258958257156e-07       364.84787187615865   -0.0009068817826971297      0.39403742602438685      0.03130458183679229       0.5687860062821797       1.2094515904336416        2363.892283730684        41.58097903583663       2405.4732627665207
                      126        917.8847892349511      0.27437831842327004       1.1766065755694939      0.31219425543095064    -0.009000814090497349    9.272589582485617e-07       364.84787186657127   -0.0009068817817804315      0.39403742602459674      0.03130458183784177       0.5687860062835675         1.20945159043733        2363.892283712798         41.5809790276594       2405.4732627404574
                      127        917.8847892369376       0.2743783184238594       1.1766065755900126      0.31219425543344836     -0.00900081409053312    9.272589582674705e-07       364.84787186511676   -0.0009068817823051022       0.3940374260240118     0.031304581837216884       0.5687860062849269        1.209451590431561         2363.89228371247        41.58097903256088       2405.4732627450308
                      128         917.884789238082       0.2743783184240841       1.1766065756016157      0.31219425543174323     -0.00900081409056681    9.272589582567545e-07        364.8478718750368   -0.0009068817826988303       0.3940374260243285      0.03130458183698611       0.5687860062844678       1.2094515904299055        2363.892283725809        41.58097903590384        2405.473262761713
                      129         917.884789230729      0.27437831842158666       1.1766065755117392       0.3121942554350893    -0.009000814090358742    9.272589582848195e-07        364.8478718600137   -0.0009068817841621711       0.3940374260221405      0.03130458183891565       0.5687860063294805        1.209451590347884       2363.8922836512725       41.580979050194735       2405.4732627014673
                      130        916.2335342305556      0.27386518548958083        1.157644662671725       0.3121480451998311    -0.008959744247240267    9.268881626415693e-07        361.8783931158091   -0.0008985947057959696       0.3938851694100377     0.031757679109290546       0.5741236821474128       1.2008256679616267       2358.2483250085056        41.64187179869217       2399.8901968071978
                      131        916.2335342250434      0.27386518548782546       1.1576446626074084       0.3121480452022245    -0.008959744247087679    9.268881626573958e-07       361.87839310461976   -0.0008985947061442651       0.3938851694088003      0.03175767911074001       0.5741236821736899        1.200825667915861       2358.2483249554894        41.64187180243805       2399.8901967579272
                      132        916.2335342292392       0.2738651854891797       1.1576446626585142      0.31214804519941336    -0.008959744247209299    9.268881626391245e-07       361.87839311757705   -0.0008985947056073158        0.393885169410019      0.03175767910966037       0.5741236821511576       1.2008256679573022       2358.2483250038017        41.64187179686795         2399.89019680067
                      133        916.0530218280658       0.2738085813191696       1.1556431302624883      0.31217824238241854     -0.00895501368078038    9.271032933169491e-07       361.72821733108754   -0.0008967612080168853      0.39385812969169726      0.03180629934480351       0.5748609591524696       1.1996486200270275       2357.5821063290646       41.632192743556736        2399.214299072621
                      134        916.0530218277866       0.2738085813190559       1.1556431302605148       0.3121782423822336    -0.008955013680773092    9.271032933165426e-07       361.72821733096083    -0.000896761208070626      0.39385812969164585      0.03180629934488815       0.5748609591553354       1.1996486200254242       2357.5821063278995        41.63219274404939        2399.214299071949
                      135        916.0530218287367       0.2738085813192993       1.1556431302735852      0.31217824238174613    -0.008955013680796896    9.271032933149372e-07       361.72821733215926   -0.0008967612080563635       0.3938581296917282      0.03180629934464791       0.5748609591546834       1.1996486200315002        2357.582106327413        41.63219274382179       2399.2142990712346
                      136        916.0530218264761       0.2738085813182478       1.1556431302635009       0.3121782423784004    -0.008955013680741242    9.271032933037823e-07        361.7282173308099   -0.0008967612079870608      0.39385812969142836     0.031806299345399316       0.5748609591799179       1.1996486200244445        2357.582106322149        41.63219274305547        2399.214299065204
                      137        916.0530218102267      0.27380858131005903       1.1556431302219181       0.3121782423502349    -0.008955013680327362    9.271032932165327e-07        361.7282173141544   -0.0008967612076026724       0.3938581296886466      0.03180629935099156       0.5748609593904915       1.1996486199815373       2357.5821062713107        41.63219273853317        2399.214299009844
                      138        916.0530218310973      0.27380858131902835         1.15564313034489       0.3121782423730833    -0.008955013680851222    9.271032932904656e-07        361.7282173400841   -0.0008967612081497811        0.393858129691471      0.03180629934435988        0.574860959173105       1.1996486200542136        2357.582106310499       41.632192744076754        2399.214299054576
                      139        913.3802317884654       0.2722111419591583       1.1597909515667482       0.3052532545030831    -0.008887052790991067    9.054908866968932e-07        360.5164013473061   -0.0008840835717929228       0.3933192481019073     0.032818745778672324       0.6211917132015448       1.1953873761722789       2351.1293929306903       41.237998133029244       2392.3673910637194
                      140        913.3802317515616      0.27221114193945783       1.1597909514714058      0.30525325442696255     -0.00888705279010317    9.054908864538206e-07         360.516401320737   -0.0008840835743103996      0.39331924809579305       0.0328187457918032        0.621191713678674       1.1953873761120066        2351.129392759395       41.237998155643716        2392.367390915039
                      141        913.3802317784101      0.27221114195472174       1.1597909515174347       0.3052532544907535    -0.008887052790741264     9.05490886658334e-07       360.51640134112307   -0.0008840835719638961      0.39331924810053726       0.0328187457819116       0.6211917132481374       1.1953873761367124       2351.1293929076983        41.23799813515828       2392.3673910428565
                      142         913.380231762965       0.2722111419480701       1.1597909514807228       0.3052532544731274    -0.008887052790341621    9.054908866074513e-07       360.51640132528854   -0.0008840835721628547       0.3933192480984341     0.032818745786829036       0.6211917131696074       1.1953873761006781        2351.129392862491        41.23799813956027        2392.367391002051
                      143        913.3802316127244      0.27221114187471207       1.1597909511632079       0.3052532542236136    -0.008887052786596758    9.054908858392362e-07       360.51640120324976   -0.0008840835771368892      0.39331924807555446     0.032818745837808305       0.6211917136706292       1.1953873758245788        2351.129392284069        41.23799819711146        2392.367390481181
                      144        913.3802317070961      0.27221114191606977       1.1597909515707077       0.3052532543353594     -0.00888705278899383    9.054908861825453e-07       360.51640131711457   -0.0008840835706524756       0.3933192480887655     0.032818745807518604       0.6211917132483471         1.19538737609023         2351.12939258451         41.2379981293279       2392.3673907138377
                      145        913.3802298712737       0.2722111409425977       1.1597909525359977        0.305253250529166    -0.008887052743769856    9.054908745872705e-07        360.5164008101866   -0.0008840835277057761       0.3933192477922926      0.03281874645885497       0.6211917109107487       1.1953873743155914        2351.129384835287        41.23799791297843       2392.3673827482653
                      146        882.9603943676793      0.25633033109697656       1.1518050442343473      0.24468814375775289    -0.008138529235699691    7.198786693530719e-07       348.48036583471804    -0.000536202006700556       0.3884679062200479     0.043519455937831554       0.6383403122964018       1.1592498798961755        2653.537524979769       42.186349140218134        2695.723874119987
                      147        898.1703130780724      0.26427073652806743       1.1557979979005477        0.274970699130418    -0.008512791013345379    8.126847780249826e-07        354.4983835910121   -0.0007101427892467393       0.3908935771609776      0.03816910085825194       0.6297660127489733       1.1773186280342272       2358.5856141903196       41.319894206093146       2399.9055083964126
                      148        905.7752724332688      0.26824093924361286       1.1577944747336488      0.29011197681675055    -0.008699921902168223     8.59087832360938e-07        357.5073924691591   -0.0007971131805198311      0.39210641263144247      0.03549392331846213        0.625478862975259        1.186353002103253       2328.3987681459457        41.18087631192854        2369.579644457874
                      149        905.7752700851601       0.2682409390265038        1.157794467783198      0.29011197681403494    -0.008699945127506043      8.5908783077085e-07        357.5073924683495   -0.0007971136469437517       0.3921064128972694      0.03549392366797103       0.6254788629743666       1.1863530021693793        2328.269114228378        41.18090567272918        2369.450019901107
                      150        905.7752724026203      0.26824093923404563        1.157794474983083      0.29011197681663153    -0.008699921901362963    8.590878323325667e-07       357.50739247092486   -0.0007971132015113691       0.3921064126326844      0.03549392332853796       0.6254788629743441       1.1863530020876953        2328.398767700806       41.180876508688016        2369.579644209494
                      151        905.7353220440126       0.2682285261950834       1.1581166904440003      0.29011182239925043    -0.008701485055504722    8.590509158332222e-07        357.5096788509088   -0.0008243475986688566      0.39210805067578064      0.03550700979314596       0.6254776782016201       1.1863328639760344       2321.3656868863472        41.43943848043836       2362.8051253667854
                      152        905.7353220440708       0.2682285261949978       1.1581166904485514       0.2901118223991992    -0.008701485055503954     8.59050915835391e-07       357.50967885208394   -0.0008243475987691042      0.39210805067558036      0.03550700979317062       0.6254776782007034       1.1863328639703548        2321.365686871322        41.43943848136734        2362.805125352689
                      153        905.7353220438971       0.2682285261948599         1.15811669045293      0.29011182239914896    -0.008701485055510863    8.590509158353423e-07        357.5096788526179   -0.0008243475989302677       0.3921080506754909      0.03550700979326928       0.6254776782000299       1.1863328639681119       2321.3656868738058       41.439438482900336        2362.805125356706
                      154        905.7353220440374       0.2682285261949192       1.1581166904522089      0.29011182239916405     -0.00870148505550599    8.590509158369412e-07        357.5096788511835   -0.0008243475989051459      0.39210805067543747      0.03550700979320766        0.625477678200044         1.18633286397572          2321.3656868791        41.43943848266439        2362.805125361764
                      155        905.7353220439738       0.2682285261947687       1.1581166904519087       0.2901118223990526    -0.008701485055504062     8.59050915829695e-07       357.50967885122554   -0.0008243475986889638      0.39210805067559434     0.035507009793327785        0.625477678199405        1.186332863976881        2321.365686883622       41.439438480685695       2362.8051253643075
                      156        905.7353220438672      0.26822852619142834       1.1581166905322622       0.2901118223968784    -0.008701485055482504     8.59050915788278e-07       357.50967885426763   -0.0008243475985708776       0.3921080506736742      0.03550700979522761       0.6254776781753746        1.186332863988061       2321.3656868433923        41.43943848020932       2362.8051253236017
                      157        905.7353220440426       0.2682285261946378       1.1581166904453557      0.29011182239893446    -0.008701485055497086    8.590509158228406e-07        357.5096788511147    -0.000824347598497786      0.39210805067569127     0.035507009793420405       0.6254776781985213       1.1863328639762116       2321.3656868852445       41.439438478944524        2362.805125364189
                      158          905.68331392386       0.2671839618067525       1.1831515212678703      0.28944143007945944    -0.008696214066874052     8.47208057312638e-07        358.7456350204835   -0.0008590380731022891      0.39146591696735966      0.03610010222637979       0.6179428195578828       1.1877651975663337       2314.0355300383694       41.963724171811386        2355.999254210181
                      159        905.6833080155155       0.2671839606525968       1.1831514706310262      0.28944143006556966    -0.008696236150496053    8.472080526776665e-07        358.7456349399893   -0.0008590440973081831      0.39146591735456443     0.036100103573483006       0.6179428194634421       1.1877651980936534       2314.0350951445025       41.963804599545604       2355.9988997440482
                      160        905.6833099231083      0.26718396077014994       1.1831514737041786      0.28944143006708667    -0.008696213866971026    8.472080539093375e-07        358.7456349337821   -0.0008590442617087951       0.3914659171122253     0.036100103339123286       0.6179428194554213       1.1877651980740842        2314.035372174199        41.96378216006726        2355.999154334266
                      161        905.6833095151171      0.26718396058786226        1.183151465092017       0.2894414300649063    -0.008696213085077766    8.472080533529998e-07        358.7456349850589   -0.0008590381478553521      0.39146591713208373     0.036100103532024856       0.6179428194370804       1.1877651974990726       2314.0355468769394       41.963724217234486       2355.9992710941738
                      162        905.6641520526006       0.2671789963753204        1.182923685344969      0.28944137081239535    -0.008695264427659933    8.471917550055564e-07       358.74522043806894   -0.0008886041470438207      0.39146661098926355     0.036105432428145214       0.6179423287676636       1.1877676225794576        2313.519018061122       42.241339971587685         2355.76035803271
                      163        905.6641520526113       0.2671789963752752       1.1829236853439902      0.28944137081148363    -0.008695264427662006    8.471917550032946e-07        358.7452204365392   -0.0008886041469421337       0.3914666109892839     0.036105432428175877       0.6179423286734236       1.1877676225785883       2313.5190180399154        42.24133997174063        2355.760358011656
                      164        905.6641520524875       0.2671789963751377        1.182923685333856       0.2894413708125487    -0.008695264427621821    8.471917550290157e-07       358.74522043334747   -0.0008886041472341315      0.39146661098816227      0.03610543242814549       0.6179423279027092       1.1877676225547618       2313.5190178633907        42.24133998301825        2355.760357846409
                      165        905.6641520523118      0.26717899637520126       1.1829236853406915       0.2894413708119064    -0.008695264427645863    8.471917550039298e-07         358.745220442207   -0.0008886041474225048       0.3914666109892503      0.03610543242824523       0.6179423287509732       1.1877676225750649        2313.519018053857         42.2413399751883        2355.760358029045
                      166        905.6544866882952       0.2671630834375561       1.1824095234519483      0.28924642554739116    -0.008694595162286156    8.470514151797866e-07       358.51323233063863   -0.0008845946504681137      0.39145312244632546      0.03611497643753957       0.5853184767374882       1.1870603693988973        2309.635147962956        42.60045030487156       2352.2355982678278
                      167        905.6544866882315       0.2671630834374589       1.1824095234503265      0.28924642554570984    -0.008694595162290914    8.470514151723497e-07       358.51323232981485   -0.0008845946503925412       0.3914531224464869     0.036114976437622306       0.5853184767352977       1.1870603693989157       2309.6351479575574        42.60045030426823       2352.2355982618255
                      168        905.6544866882552       0.2671630834375095        1.182409523450806      0.28924642554699714    -0.008694595162284232    8.470514151786424e-07       358.51323233021094   -0.0008845946504731703       0.3914531224463068     0.036114976437566164       0.5853184767522788       1.1870603693970905         2309.63514796222         42.6004503047722        2352.235598266992
                      169        905.6544866875719       0.2671630834366351       1.1824095234295129       0.2892464255384472    -0.008694595162256461    8.470514151544431e-07        358.5132323211239   -0.0008845946504178576      0.39145312244607394     0.036114976438086345       0.5853184767648443        1.187060369366017       2309.6351479427335        42.60045030484997       2352.2355982475833
                      170         905.654486686238      0.26716308343490125       1.1824095233852105       0.2892464255230748    -0.008694595162182087    8.470514151200945e-07        358.5132323013827   -0.0008845946504006427       0.3914531224450697      0.03611497643904658       0.5853184766311897       1.1870603692950206       2309.6351479146842         42.6004503079151       2352.2355982225995
                      171        905.6544866871351       0.2671630834359312        1.182409523411879      0.28924642553412266    -0.008694595162209518    8.470514151536762e-07        358.5132323096087   -0.0008845946503651266      0.39145312244507374     0.036114976438371596       0.5853184767990867       1.1870603693284683        2309.635147943461         42.6004503046978        2352.235598248159
                      172        905.3514676910258       0.2667736615023135       1.1726970459788042       0.2856869432981756    -0.008679525944439579    8.380782981026744e-07       354.26765010487213   -0.0008754258228809659      0.39127636765946655       0.0363364094841404       0.5851999354780056       1.1719489891480541       2305.9164541708174        42.86976684198729       2348.7862210128046
                      173        905.3514676908873      0.26677366150204074        1.172697045973484       0.2856869432959778    -0.008679525944429242    8.380782980977903e-07       354.26765009974605    -0.000875425822761567      0.39127636765923945      0.03633640948426556        0.585199935571484       1.1719489891368815       2305.9164541666337        42.86976684005253        2348.786221006686
                      174        905.3514676910304       0.2667736615022922       1.1726970459799926       0.2856869432978446    -0.008679525944441303    8.380782981009659e-07       354.26765010312107   -0.0008754258228483682       0.3912763676594955      0.03633640948415067       0.5851999355174695       1.1719489891504675       2305.9164541691516        42.86976684126599       2348.7862210104176
                      175        905.3453654610947      0.26676072300102643        1.172494237534906       0.2855777935367726    -0.008679113688009362    8.378057282682475e-07         353.982872990556   -0.0008690452509000651      0.39126703657440876      0.03634236064703937       0.5906253888885705       1.1715204581050866        2305.845793111848       42.761216653337485       2348.6070097651855
                      176        905.3453654610873      0.26676072300099174       1.1724942375352807       0.2855777935364724    -0.008679113688008444    8.378057282676725e-07          353.98287299007   -0.0008690452508626187      0.39126703657438033        0.036342360647052       0.5906253888773931        1.171520458104718       2305.8457931115377        42.76121665315326       2348.6070097646907
                      177        905.3453654609878      0.26676072300077835        1.172494237535492      0.28557779353434604    -0.008679113688005205    8.378057282615795e-07       353.98287298752206   -0.0008690452507350884      0.39126703657433226     0.036342360647156374       0.5906253888639522       1.1715204581034215       2305.8457931105063        42.76121665229572        2348.607009762802
                      178        905.3453654610034      0.26676072300081083       1.1724942375358651       0.2855777935346488    -0.008679113688006052    8.378057282623455e-07       353.98287298985673   -0.0008690452507537532       0.3912670365743497     0.036342360647140706        0.590625388893981       1.1715204581030227       2305.8457931113912        42.76121665199159        2348.607009763383
                      179        905.3453654610728       0.2667607230009187       1.1724942375366538      0.28557779353581675    -0.008679113688006949    8.378057282662798e-07       353.98287299060473   -0.0008690452508521219      0.39126703657433204      0.03634236064707847       0.5906253888921169        1.171520458103756       2305.8457931112107        42.76121665286838        2348.607009764079
                      180        905.3227153560712      0.26670240990650407       1.1728168946094986      0.28501526997128424    -0.008678108846437186     8.36316195196868e-07        353.6342644966637   -0.0008291061899708982       0.3912456528041208      0.03636871917397468       0.5887329827331537       1.1709836601785846       2305.8853759765498        42.44262994494489        2348.328005921495
                      181        905.3227153560214      0.26670240990636346       1.1728168946110245        0.285015269969955    -0.008678108846434876    8.363161951934295e-07       353.63426449546495   -0.0008291061899400928        0.391245652804068     0.036368719174035294       0.5887329827330253       1.1709836601777908        2305.885375975741        42.44262994474806       2348.3280059204894
                      182        905.3227153559856      0.26670240990612637       1.1728168946191602      0.28501526996781024    -0.008678108846431007    8.363161951889577e-07        353.6342644956738   -0.0008291061899551353      0.39124565280392753      0.03636871917411595       0.5887329827113641        1.170983660178049        2305.885375972262        42.44262994518221        2348.328005917444
aborted minimisation     
Minimisation aborted as it proceeded too slow                
 restart
                      183        905.3227153559856      0.26670240990612637       1.1728168946191602      0.28501526996781024    -0.008678108846431007    8.363161951889577e-07        353.6342644956738   -0.0008291061899551353      0.39124565280392753      0.03636871917411595       0.5887329827113641        1.170983660178049        2305.885375972262        42.44262994518221        2348.328005917444
                      184        905.3227153653727      0.26670240953363755        1.172816918834961      0.28501526996512955    -0.008678085907799341    8.363161946229814e-07        353.6342644875545   -0.0008291087797607518      0.39124565261609096      0.03636871934925542       0.5887329827123376       1.1709836602933335       2305.8842799194344        42.44262960285634        2348.326909522291
                      185        905.3227130385502      0.26670240931804695       1.1728169121516103       0.2850152699624396    -0.008678108775688873     8.36316193040864e-07        353.6342644867396   -0.0008291091749382649      0.39124565287675184     0.036368719690451974       0.5887329827123775       1.1709836603570687       2305.8853084320463        42.44265782841649       2348.3279662604627
                      186        905.3227126044143       0.2667024091847236       1.1728169152266137      0.28501526996119925    -0.008678109230759236    8.363161925455928e-07        353.6342645162204   -0.0008291062286824766        0.391245652899111     0.036368719811847486       0.5887329827125403       1.1709836600722812       2305.8854000703327        42.44263092111626        2348.328030991449
                      187        905.3038870685009       0.2666976311457574       1.1729593637584568       0.2850152263261026    -0.008677515552086635    8.362987404600191e-07       353.63419243943207   -0.0008533003164662742      0.39124624440721234      0.03637291484292729       0.5887329909460529       1.1709851092626877        2305.496946462851        42.66899301990856       2348.1659394827598
                      188        905.3038870682111      0.26669763114564093        1.172959363761592      0.28501522632559784    -0.008677515552077861    8.362987404581398e-07        353.6341924437066   -0.0008533003167826106       0.3912462444072134     0.036372914843012465       0.5887329909469745        1.170985109261313        2305.496946456423       42.668993022681555       2348.1659394791045
                      189        905.3038870682188       0.2666976311455773       1.1729593637605706       0.2850152263243501    -0.008677515552081823    8.362987404521827e-07        353.6341924421583    -0.000853300316664568       0.3912462444073425      0.03637291484306803       0.5887329909475977       1.1709851092636263       2305.4969464582327        42.66899302166195        2348.165939479895
                      190        905.2890290088038       0.2666906764702588        1.173106431950174      0.28497080592015894    -0.008677120312508156    8.361140716195538e-07        353.8323483701465   -0.0008679141637564858        0.391248196371423      0.03637813332166192       0.5887897767430434        1.170948055290106       2305.2837988065717       42.797474383536276        2348.081273190108
                      191        905.2890290087729      0.26669067647022227       1.1731064319519042       0.2849708059200284    -0.008677120312505868    8.361140716198848e-07        353.8323483704644   -0.0008679141637672687       0.3912481963713658      0.03637813332167149       0.5887897767439476       1.1709480552901108       2305.2837988055207       42.797474383613114       2348.0812731891338
                      192        905.2890290087162       0.2666906764701221        1.173106431953526       0.2849708059189851     -0.00867712031250526    8.361140716163497e-07       353.83234837022445   -0.0008679141637321927      0.39124819637137725     0.036378133321725556       0.5887897767455257        1.170948055291471       2305.2837988050946       42.797474383293704       2348.0812731883884
                      193        905.2890290056022      0.26669067646647276         1.17310643204282      0.28497080588921647    -0.008677120312405966     8.36114071532436e-07        353.8323483861991   -0.0008679141642865581      0.39124819637034625     0.036378133323548716       0.5887897767963062        1.170948055318927       2305.2837987629837       42.797474387673184       2348.0812731506567
aborted minimisation     
Minimisation aborted as it proceeded too slow               
 finished