                   sim_nr                        h                    alpha                  sca_sto                       wg               gammatheta                   gammaq                      CO2                   advCO2                      z0m                      z0h                    FracH         obs_sca_cf_CO2mh                     data               background                    Costf
                        1        612.4530122827002      0.30886382464379525       1.4208674767048295       0.2503440002117232      0.00791875366411817  -2.2224151542131743e-06        376.2962542062924     0.005779265284813507      0.01612564480703292     0.008437128813371119       0.5316476745529968       1.2456190871128254        34585.52612626324                      0.0        34585.52612626324
                        2        612.4530116321113       0.3088638246139057       1.4208674730099098       0.2503440002111249     0.007918751682613382  -2.2224151543387986e-06        376.2962538375108     0.005779241943512395       0.0161256449042426     0.008437128964095745       0.5316476745467629        1.245619090705445       34585.313493466725    3.534776917624041e-10        34585.31349346708
                        3        612.4530123082588       0.3088638246313983       1.4208674730519668      0.25034400021141495     0.007918753101517878  -2.2224151542471496e-06        376.2962541839046     0.005779265326950913     0.016125644829795813     0.008437128861756403       0.5316476745461868       1.2456190873024493        34585.52598596344    3.634936924162303e-14        34585.52598596344
                        4        612.2649917776607       0.3088551865592871       1.4197996432211468      0.25034382730139987     0.007346097961864497  -2.2224514597094495e-06       376.18967616674223   -0.0009663803763903878     0.016153738444538563      0.00848068829244702       0.5316458729518401        1.246657355626636       3850.7561977944506        29.52289467173304       3880.2790924661836
                        5        612.2649931158967       0.3088551859588115       1.4197994687924318      0.25034382728605137     0.007346077236694002  -2.2224514609740066e-06        376.1896750526501     -0.00096637686247224     0.016153739656104272     0.008480690771127293       0.5316458726063792       1.2466573651262463        3850.752020243045        29.52286659191593        3880.274886834961
                        6        614.7344109041661       0.3077471412929673       1.0979299404551757      0.25031550504187927    -0.030897630800851242  -2.2247849209353033e-06        374.1338649629065    0.0055177801556303184     0.018389415610344226     0.013054545771602928       0.5310084012615095       1.2641867899383834        39458.43253840715        167.7226839176284        39626.15522232478
                        7        613.4997013409134       0.3083011639261272       1.2588647918381604      0.25032966617163954    -0.011775766419493374  -2.2236181903223764e-06        375.1617705648244    0.0022756998896199653     0.017271577027441393     0.010767617032024973       0.5313271371066748       1.2554220727825096       15163.420731621507        51.11903969830606       15214.539771319813
                        8        612.8823465592872      0.30857817524270714       1.3393322175296536      0.25033674673651973   -0.0022148342288144367   -2.223034825015913e-06        375.6757233657833    0.0006546597566147892     0.016712657735989976     0.009624152662235997       0.5314865050292574       1.2510397142045728       6161.1473854843325       28.445029785925882        6189.592415270258
                        9        612.5736691684739      0.30871668090099713        1.379565930375401       0.2503402870189598      0.00256563186652503  -2.2227431423626812e-06        375.9326997662628   -0.0001558603098877993     0.016433198090264268     0.009052420477341509       0.5315661889905487       1.2488485349156044       2641.5673710506226       26.014977879056048       2667.5823489296786
                       10        612.7280078638805       0.3086474280718522       1.3594490739525273       0.2503385168777397   0.00017539881885529542   -2.222888983689297e-06         375.804211566023   0.00024939972336349495     0.016572927913127124     0.009338286569788752       0.5315263470099031       1.2499441245600886       3182.5387974377395       26.487757745047606        3209.026555182787
                       11        612.6508385161771      0.30868205448642466       1.3695075021639642      0.25033940194834975    0.0013705153426901628   -2.222816063025989e-06        375.8684556661429    4.676970673784739e-05     0.016503063001695698      0.00919535352356513       0.5315462680002259       1.2493963297378465        3424.099150167592       26.065806290190995       3450.1649564577833
                       12        612.6122538423255       0.3086993676937109       1.3745367162696827      0.25033984448365476    0.0019680736046075956   -2.222779602694335e-06        375.9005777162028   -5.454530157497552e-05     0.016468130545979984      0.00912388700045332       0.5315562284953873       1.2491224323267254       2658.8113444793476       25.994001704158308       2684.8053461835057
                       13        612.5929615053998        0.308708024297354       1.3770513233225419       0.2503400657513073    0.0022668527355663133   -2.222761372528508e-06        375.9166387412328  -0.00010520280573138741     0.016450664318122126     0.009088153738897414        0.531561208742968        1.248985483621165        2613.672427482831       25.992892196490878       2639.6653196793222
                       14         612.592960377641        0.308708023605055       1.3770511148544884       0.2503400657319371     0.002266849644126043   -2.222761367363532e-06       375.91663733007596  -0.00010521015213402728      0.01645066549707182     0.009088156586272045       0.5315612082732123       1.2489854958916595       2613.6710451940744        25.99295215158279        2639.663997345657
                       15        612.5929592902107      0.30870802265207564       1.3770508223361198       0.2503400657049518    0.0022668543888293155   -2.222761359229079e-06       375.91663561591264  -0.00010520224229683926      0.01645066709636488     0.009088160485681644       0.5315612076079983        1.248985510504902        2613.670245622567        25.99288593363649       2639.6631315562036
                       16        612.5929533487574       0.3087080234262265        1.377051257023167      0.25034006572683504       0.0022668526233793   -2.222761356541644e-06       375.91663861533675  -0.00010520259578537371     0.016450664933086848     0.009088157731399354       0.5315612082878238       1.2489854859775886       2613.6721241798423        25.99289079106717       2639.6650149709094
                       17        612.5929615699883       0.3087080233841818       1.3770513221710843       0.2503400657309155    0.0022668526713878565   -2.222761368825103e-06        375.9166389260313  -0.00010520308779880718      0.01645066546518971      0.00908815537867435       0.5315612085750423       1.2489854840782204       2613.6723702506583        25.99289444968191       2639.6652647003402
                       18        573.9095006390323      0.30346807185754365       0.7704302628913702       0.2501942563113532    0.0026876777459636575   -2.140467812313263e-06        373.5025850057654    0.0010255299414219628     0.021267368712729065      0.03191090622102703       0.5287438507398213       1.2761591791908082       2491.3978722882316       23.437699086717963       2514.8355713749497
                       19        593.2512310722161       0.3060880480774488       1.0737407931069551      0.25026716103133023    0.0024772652407649854  -2.1816145924208856e-06        374.7096118734991    0.0004601635678452877     0.018859016515425594     0.020499529979962225       0.5301525297413947       1.2625723314059865        1738.323633649549       23.147057930772522       1761.4706915803215
                       20        593.2512308060034       0.3060880472653815       1.0737407921915025      0.25026716101448815     0.002477265298999585   -2.181614589751804e-06       374.70961184525015    0.0004601635678992914      0.01885901720171275     0.020499530414960408       0.5301525295137199       1.2625723316600477       1738.3236123054269       23.147057966210784       1761.4706702716376
                       21        593.2512282472782      0.30608804510792137       1.0737407921709874      0.25026716096772766    0.0024772652202122566   -2.181614577116843e-06        374.7096117698892   0.00046016360203850713      0.01885901846581188     0.020499531418136863       0.5301525288757545        1.262572332341541       1738.3235726844443        23.14705807235702       1761.4706307568013
                       22        593.2512311128116       0.3060880473809072       1.0737407922061077      0.25026716101437113    0.0024772652411480947   -2.181614587515548e-06       374.70961188854875    0.0004601635727149861      0.01885901635856511     0.020499530065743003       0.5301525295054555        1.262572331397705        1738.323627601188       23.147057917799277       1761.4706855189872
                       23        593.2512306992021      0.30608804726658656       1.0737407936813508       0.2502671610081163    0.0024772652418592984   -2.181614586449201e-06       374.70961187453935   0.00046016356464113027      0.01885901623060572      0.02049952985232753       0.5301525294546686        1.262572331370393       1738.3236283713431       23.147057921031948       1761.4706862923751
                       24        593.2512307111697       0.3060880478801764       1.0737407923776203       0.2502671610170072    0.0024772652409925907  -2.1816145892074213e-06        374.7096118795711    0.0004601635666861099      0.01885901664601497      0.02049952986146964       0.5301525296201374        1.262572331370132       1738.3236323036856       23.147057910610883       1761.4706902142964
                       25        523.5496775423901      0.16870510207386413       0.9889765688566303       0.2461149723060746     0.003047209032544359   -1.138830228465451e-06        375.0956349384527    0.0007033858146697934      0.02101283569946482      0.02357719449558032       0.4804534211615821        1.266403136700186       1052.1147764742143         22.9826562573979       1075.0974327316121
                       26        523.5496776028781      0.16870510227094243       0.9889765714109515      0.24611497230574636    0.0030472090459015416  -1.1388302296852053e-06       375.09563494063116    0.0007033858108449129     0.021012835813395095     0.023577194519214077      0.48045342115342365       1.2664031366569561       1052.1147732695815       22.982656271367357        1075.097429540949
                       27        523.5496772460349      0.16870510232500327       0.9889765707016256      0.24611497230357926    0.0030472090141633002  -1.1388302293071937e-06        375.0956349360029    0.0007033858197408238     0.021012835809851547      0.02357719457045051       0.4804534211589157        1.266403136738114       1052.1147747793389       22.982656264021486       1075.0974310433603
                       28        522.0195290082975      0.17318515980862914       1.0360730973904193        0.246091351799833     0.003075433833937457  -1.1610143647003414e-06       375.10450209435487    0.0006938062862647826      0.02333204302769843     0.024462609985113386       0.4803280975307359        1.266144051383962        1024.048676857393         23.2237738888336       1047.2724507462267
                       29        522.0195288101709      0.17318515988279978        1.036073097425426      0.24609135179453745    0.0030754338344926007  -1.1610143638205628e-06        375.1045020982602    0.0006938062867991547     0.023332043057789263      0.02446260998689689       0.4803280974728437       1.2661440513647035       1024.0486766134836       23.223773885664112       1047.2724504991477
                       30        522.0195278489639      0.17318516009213808        1.036073097474512      0.24609135177399954    0.0030754338336163043  -1.1610143611738184e-06       375.10450210147025    0.0006938062863472965     0.023332043200666498      0.02446261001186797      0.48032809725409015       1.2661440513453674       1024.0486759255643        23.22377390078101       1047.2724498263453
                       31        522.0195285781645      0.17318515987150498       1.0360730972174412      0.24609135178153058     0.003075433831156489   -1.161014362484687e-06       375.10450210265503    0.0006938062864842894      0.02333204312395743     0.024462610022158982      0.48032809732597936       1.2661440513452535        1024.048676410528        23.22377390466736       1047.2724503151953
                       32        522.0195289511923        0.173185159828257       1.0360730975006103        0.246091351790413    0.0030754338336088137  -1.1610143630776821e-06        375.1045020974888    0.0006938062855208664     0.023332043038639436      0.02446260999998993       0.4803280974137146       1.2661440513684439       1024.0486767263355        23.22377389953443         1047.27245062587
                       33         522.019528965486       0.1731851598111664       1.0360730972581091      0.24609135179240021    0.0030754338340734195   -1.161014363633155e-06        375.1045020958842    0.0006938062856703545     0.023332042989098183      0.02446260997346229       0.4803280974357913        1.266144051376133       1024.0486767853536        23.22377388951643         1047.27245067487
                       34       368.29745395100076      0.21037484946381985        1.042367938244313       0.2399346522229866     0.002835054580365118   -2.627343100780648e-07       377.35779956392315    0.0005909995507783162     0.046013612464458044     0.031427834606330876       0.4095321763099774       1.2549139515995733        953.6858226254129       28.480361128227898        982.1661837536408
                       35       445.15849147964923       0.1917800046362245       1.0392205178173661       0.2430130020114098    0.0029552442071512884   -7.118743373892032e-07         376.231150829139     0.000642402918521549      0.03467282774607824     0.027945222295722133      0.44493013692035666       1.2605290014917676        964.9076753213867       25.496521954357426        990.4041972757441
                       36         406.727972715325      0.20107742705002213       1.0407942280308404       0.2414738271171982    0.0028951493937582028   -4.873043237336339e-07       376.79447519653104    0.0006167012346499322      0.04034322010526814     0.029686528451026505       0.4272311566151671       1.2577214765456703        952.2070352321546       26.899555152749333        979.1065903849039
                       37       406.72797234591803      0.20107742717780636       1.0407942281857245       0.2414738270951351    0.0028951493933216162   -4.873043220952105e-07       376.79447520649063    0.0006167012346115549     0.040343220174947875     0.029686528467375354      0.42723115633583136       1.2577214764965365         952.207035062359        26.89955516540049        979.1065902277594
                       38       406.72797239686975      0.20107742711701843       1.0407942281464155      0.24147382710114684    0.0028951493931805763   -4.873043238457862e-07        376.7944752008487    0.0006167012340461131      0.04034322015385768     0.029686528457595517       0.4272311563949813       1.2577214765225637        952.2070351422099        26.89955516417047        979.1065903063803
                       39        406.7279727553989      0.20107742704061568       1.0407942280653373      0.24147382710958576    0.0028951493941528133   -4.873043262953308e-07        376.7944751977539    0.0006167012341858963      0.04034322010299167     0.029686528433432977      0.42723115645953613       1.2577214765379892        952.2070351488026       26.899555147420923        979.1065902962234
                       40       406.72797258975993      0.20107742705768353        1.040794227916816      0.24147382710372017     0.002895149394100808   -4.873043236778645e-07       376.79447519892034    0.0006167012341947529      0.04034322011587434      0.02968652843408149      0.42723115639523146        1.257721476532231        952.2070351775208       26.899555150696692        979.1065903282174
                       41        406.7279727205489      0.20107742703155404       1.0407942280792977      0.24147382711182017    0.0028951493938740892   -4.873043235396029e-07        376.7944751962642    0.0006167012345694861      0.04034322010383389      0.02968652843224252       0.4272311565146284       1.2577214765450158        952.2070352146014       26.899555145878793        979.1065903604803
                       42        406.7279727058692        0.201077427020751        1.040794228040017      0.24147382710962384    0.0028951493931391936   -4.873043237694286e-07        376.7944751960505    0.0006167012348513041      0.04034322009464915      0.02968652840888714       0.4272311564842901       1.2577214765444649        952.2070352157631       26.899555135182442        979.1065903509456
                       43       371.03343651508976       0.2003890710437183        1.060505318810998      0.23553118422876845    0.0028601989864207146   -7.089135352766946e-07        377.5903070540801    0.0004997865017863281      0.04420795384352276     0.016902101394794977       0.3276282890293538       1.2524077698269858        934.9254730999535       25.044096761664598        959.9695698616181
                       44        371.0334363146894      0.20038907103810424       1.0605053189569418      0.23553118420229893    0.0028601989867382523   -7.089135362584826e-07        377.5903070562813    0.0004997865012637591      0.04420795384814296     0.016902101304140982      0.32762828862258125       1.2524077698078058        934.9254730562707        25.04409675584136         959.969569812112
                       45       371.03343651146633      0.20038907100801479        1.060505318872318      0.23553118422484048    0.0028601989864248363   -7.089135352577524e-07        377.5903070537618    0.0004997865019195835      0.04420795384041848     0.016902101373282886      0.32762828896451446           1.252407769826        934.9254730926662        25.04409675812962        959.9695698507958
                       46       371.03343645674295       0.2003890709823784        1.060505318841475      0.23553118422148608    0.0028601989861044676    -7.08913535305401e-07       377.59030705257663     0.000499786501921261      0.04420795384211807     0.016902101354545354       0.3276282889061254        1.252407769828271        934.9254730890141       25.044096756816337        959.9695698458304
                       47        359.3677186018126      0.19319454782333745         1.07551017053526      0.23359543488698778     0.002860684838523882   -7.504656369128805e-07       377.58211789108213    0.0004989754386308734      0.04397506650735179     0.008639676654512271       0.2968511058592114       1.2515139549234744        933.9097090166573       24.869270015746604        958.7789790324039
                       48        365.2005775584512      0.19679180943352786         1.06800774467313      0.23456330955787813    0.0028604419124722983   -7.296895860947875e-07        377.5862124725811    0.0004993809702086007     0.044091510175437276     0.012770889024653625       0.3122396974442826         1.25196086237523        933.6742938441755       24.778550027016887        958.4528438711924
                       49        362.2841480801321      0.19499317862843268        1.071758957604196      0.23407937222243297     0.002860563375498091    -7.40077611503834e-07        377.5841651818316    0.0004991782044197375      0.04403328834139454     0.010705282839582948      0.30454540165174704       1.2517374086493522        933.4649921959581       24.779376680959565        958.2443688769176
                       50       362.28414794325977      0.19499317850386305       1.0717589790699797      0.23407937221244493      0.00286055992470465   -7.400776106661915e-07       377.58416503940293    0.0004992034479505639     0.044033288432668245     0.010705283462187645        0.304545401600724       1.2517374080999166        933.4649392194882       24.779207844623155        958.2441470641113
                       51       362.28414714131304      0.19499317848951492       1.0717589803882497      0.23407937221177172    0.0028605575562575597   -7.400776107337841e-07        377.5841646479269    0.0004991788366373083      0.04403328845014204     0.010705283523571571       0.3045454015989001       1.2517374118121387        933.4649770233736       24.779378934238537        958.2443559576122
                       52       362.28340573008063      0.19499304051607716       1.0717818900045373       0.2340793615070636    0.0028552567811853573   -7.400768060520876e-07       377.58372550707776    0.0005064932798024861      0.04403339476707641     0.010705965372192056       0.3045453481264363       1.2517396357284998         933.474063942087       24.735358178824324        958.2094221209113
                       53        362.2834056794875      0.19499304045311755       1.0717818939208694       0.2340793614975953    0.0028552567806832243   -7.400768054250272e-07       377.58372550497455    0.0005064932805176371      0.04403339482167935     0.010705965428197867      0.30454534807733347       1.2517396357331763        933.4740638428931       24.735358178179638        958.2094220210727
                       54        362.2834056729282      0.19499304044787907       1.0717818898646012      0.23407936149530995     0.002855256780955713   -7.400768052132337e-07        377.5837255045594    0.0005064932801373649     0.044033394822474564     0.010705965425948111      0.30454534805742617       1.2517396357336348        933.4740639172128       24.735358182066452        958.2094220992792
                       55        362.2834057079151      0.19499304051278507       1.0717818900217306       0.2340793614994729    0.0028552567811602142   -7.400768052137535e-07       377.58372550543913    0.0005064932801163644      0.04403339475843353     0.010705965366249726      0.30454534809775546       1.2517396357301809        933.4740639399224       24.735358177306427        958.2094221172289
                       56        362.2834057136456      0.19499304050904048       1.0717818900356484       0.2340793614968834    0.0028552567811780264   -7.400768064709349e-07        377.5837255051387    0.0005064932800548832      0.04403339475060658     0.010705965366406615       0.3045453481011297        1.251739635729201        933.4740639410572       24.735358177182718        958.2094221182399
                       57       362.28340553040425      0.19499304040213306        1.071781887963935      0.23407936134506024    0.0028552567815262287   -7.400768123390914e-07       377.58372547743875    0.0005064932831760618      0.04403339449271566     0.010705965285788549       0.3045453477090916       1.2517396357353476        933.4740639735559       24.735358157092122         958.209422130648
aborted minimisation     
Minimisation aborted as it proceeded too slow                
 restart
                       58        362.2834056794875      0.19499304045311755       1.0717818939208694       0.2340793614975953    0.0028552567806832243   -7.400768054250272e-07       377.58372550497455    0.0005064932805176371      0.04403339482167935     0.010705965428197867      0.30454534807733347       1.2517396357331763        933.4740638428931       24.735358178179638        958.2094220210727
                       59       362.28339718084703      0.19499303929084597       1.0717821266936376      0.23407936140023802    0.0028552668681070016   -7.400767925465385e-07        377.5837203652947    0.0005064938986268515     0.044033395731040606     0.010705971262270275      0.30454534757365803        1.251739665718654        933.4740574516792        24.73534292828229        958.2094003799615
                       60       362.28335257192475      0.19499303309547017       1.0717832970828454      0.23407936088850806    0.0028552566448226267    -7.40076730536899e-07        377.5836935218659    0.0005064883925199964      0.04403340061268331     0.010706002178754509       0.3045453449398847       1.2517398226316896        933.4739157462334       24.735393790242856        958.2093095364762
                       61       362.28293649441775      0.19499297445159153       1.0717943418774372      0.23407935602678745     0.002855231779878162   -7.400761346114956e-07         377.583441580507    0.0005066200874790932      0.04403344663375331       0.0107062946931969       0.3045453198592097       1.2517412808506714        933.4738956903951         24.7345381694288        958.2084338598239
                       62       362.28340301403364      0.19499303919252145       1.0717817485427297      0.23407936136397803    0.0028552570505571825   -7.400767862278402e-07       377.58372088080483     0.000506494111933247      0.04403339542004964      0.01070597038887633       0.3045453472614137       1.2517396482275158        933.4740629955936       24.735352525391882        958.2094155209855
                       63        362.2834100746695      0.19499303928847717       1.0717818934881027      0.23407936136683982    0.0028552567130422117   -7.400767876908091e-07        377.5837229274739    0.0005064933707143275      0.04403339508289672     0.010705969920223796      0.30454534735818084       1.2517396262463114        933.4740621563689        24.73535781041958        958.2094199667885
                       64        362.2895335699452      0.19499141572044842        1.071781360031375      0.23407917900892114    0.0028552589463849073   -7.400520467117582e-07       377.58012377190187    0.0005063412720727483      0.04403375867435423     0.010712230221961721       0.3045443446050895       1.2517264266840298        933.4699033097296       24.736635483547023        958.2065387932766
                       65         362.923067757564      0.19477873397021625        1.072176667431883      0.23405564161516307     0.002854225923613798   -7.368591366457201e-07        377.0728579512262    0.0005223733476899046       0.0440895101814812     0.011543918592153191       0.3044144382702433       1.2505110801386197        933.2517723037195       24.669591792328827        957.9213640960483
                       66        362.9230677999717      0.19477873399760565       1.0721766674591873      0.23405564161129302    0.0028542259238425586   -7.368591351468163e-07       377.07285792698497    0.0005223733484671248     0.044089510102991024     0.011543918619468728      0.30441443835671733       1.2505110800787604         933.251772292128        24.66959178671558        957.9213640788436
                       67        362.9230678475592      0.19477873403549847       1.0721766674908917      0.23405564158537726     0.002854225923942532   -7.368591387685356e-07        377.0728578928918    0.0005223733494941726      0.04408950998702782     0.011543918654501294      0.30441443855267847       1.2505110799949846        933.2517722857083       24.669591776731423        957.9213640624397
                       68       362.92306780523427      0.19477873398280077       1.0721766674147517      0.23405564151594535    0.0028542259235795533   -7.368591371400779e-07        377.0728579361044    0.0005223733480674542      0.04408951009683153        0.011543918603808      0.30441443822129016       1.2505110800988013        933.2517722967291        24.66959178985176        957.9213640865809
aborted minimisation     
Minimisation aborted as it proceeded too slow                
 restart
                       69        362.9230678475592      0.19477873403549847       1.0721766674908917      0.23405564158537726     0.002854225923942532   -7.368591387685356e-07        377.0728578928918    0.0005223733494941726      0.04408950998702782     0.011543918654501294      0.30441443855267847       1.2505110799949846        933.2517722857083       24.669591776731423        957.9213640624397
                       70        362.9230683187857      0.19477873419974356       1.0721766783696953      0.23405564158409564    0.0028542499152797774   -7.368591368304152e-07       377.07285782625166    0.0005223816105700208      0.04408950981136226     0.011543917706888564      0.30441443859237505       1.2505110775193786         933.251673947785       24.669508422727223        957.9211823705122
                       71        362.9230676281313      0.19477873419157754       1.0721766770224122       0.2340556415820713    0.0028542370343825696   -7.368591378308931e-07       377.07285746187983    0.0005223630127777616     0.044089509825043824     0.011543917659762365      0.30441443860196904        1.250511080230724        933.2516632853101       24.669649630906314        957.9213129162164
                       72        362.9231822856077      0.19477884492711686       1.0721837662081963       0.2340556400825519    0.0028668553383335836   -7.368581062701653e-07       377.07270063989273    0.0005223980843047903      0.04408939289539224      0.01154325009177887       0.3044144688859832       1.2505101988050298        933.2230576908507        24.65518006119686        957.8782377520477
                       73        362.9231819804663      0.19477884733612838       1.0721838869838987       0.2340556400001758    0.0028668592752306306   -7.368581057129391e-07        377.0726949853022    0.0005223998865445173     0.044089390383300765     0.011543233512884566      0.30441446978061715       1.2505101787897102        933.2230680511905       24.655162245414896        957.8782302966054
                       74       362.92316599324204       0.1947789370583613       1.0721883540327113      0.23405563691026463     0.002866907163014958   -7.368580922446025e-07        377.0724816401671    0.0005223456657262337     0.044089296843004756     0.011542615154645037       0.3044145031742392       1.2505094502773364        933.2225250624558       24.655436277452054        957.8779613399079
                       75        362.9231379362625       0.1947791134938172       1.0721969800448221      0.23405563077470826     0.002866800749572645   -7.368580799090548e-07        377.0720623942087    0.0005224116849625066      0.04408911280208224     0.011541397181473647      0.30441456887938934       1.2505079907522088        933.2224072232752       24.655024030291266        957.8774312535666
                       76        362.9231821260978      0.19477886559742244        1.072183376972628      0.23405563912038246    0.0028668537547020725   -7.368580766751178e-07        377.0726447399657     0.000522398355335297     0.044089370369254456     0.011543101652723993      0.30441447520561227       1.2505100115053767         933.223004924119       24.655170442689048         957.878175366808
                       77          362.92318518149      0.19477885250392363       1.0721836240364695      0.23405563921604974     0.002866866203471934   -7.368580606015495e-07       377.07266458660916    0.0005224446874959747      0.04408938283550212     0.011543187040652101      0.30441446988889065       1.2505100958846795        933.2233582385907       24.654846291400762        957.8782045299914
                       78       362.91162795239893       0.1949081475500922       1.0743218025761312      0.23405041585205727     0.002854427848576404   -7.367617399732694e-07        376.7448982091984     0.000524761020776295      0.04395161067991905      0.01063359520711815       0.3044584569087183       1.2493949607355268        933.0935541601744       24.601494751919564         957.695048912094
                       79        362.9116279523098      0.19490814752369584       1.0743218026813075      0.23405041565950355     0.002854427847984093   -7.367617392922797e-07         376.744898193274    0.0005247610208855882      0.04395161071592267     0.010633595174656845        0.304458456769566       1.2493949606832098        933.0935541443798        24.60149475292664        957.6950488973065
aborted minimisation     
Minimisation aborted as it proceeded too slow               
 finished