                   sim_nr                        h                    alpha                  sca_sto                       wg               gammatheta                   gammaq                      CO2                   advCO2                      z0m                      z0h                    FracH         obs_sca_cf_CO2mh                     data               background                    Costf
                        1       311.25399469058044       0.4496818000565286      0.11661430361341912      0.14608245260524805     0.004794936716494166   -6.606672301322585e-06        370.8733315510605     0.004907337843410186      0.07567522276790817      0.01674030739712045       0.6689892641199489       0.8124145473827843       249788.69442095823                      0.0       249788.69442095823
                        2        311.2539933134676       0.4496818000189236      0.11661432444968867      0.14608245260432332     0.004794932682974465   -6.606672301412475e-06       370.87333105832755     0.004907310829130437      0.07567522280272511     0.016740307468696345       0.6689892641197958       0.8124145506516295       249788.06361958917    4.747000146402314e-10       249788.06361958964
                        3        311.2539945501087      0.44968180004652064      0.11661431688272472      0.14608245260544214     0.004794935076311915   -6.606672301083205e-06       370.87333145302705     0.004907338028719318       0.0756752227763654     0.016740307420930772       0.6689892641193174        0.812414548067099       249788.69159388615   3.2125633118967356e-13       249788.69159388615
                        4       310.39904816941066       0.4496584539436192      0.12954998754099556      0.14608187850849272     0.002290825496157103   -6.606728107236533e-06        370.5674304472942    -0.011863811436922517      0.07569683800306772      0.01678474352648308        0.668989169045936       0.8144439292982347        58931.00462018112       182.96082440665072        59113.96544458777
                        5       310.39904778301843      0.44965845394025716      0.12955000643668058      0.14608187850920454    0.0022908310515479453   -6.606728105901944e-06        370.5674302926957    -0.011863814054667545      0.07569683801660083     0.016784743540477817       0.6689891690449652        0.814443930307546        58930.96116873615        182.9608782133446        59113.92204694949
                        6        310.3990478786561       0.4496584539343783      0.12955000248011928       0.1460818785087177    0.0022908254885923994  -6.6067281067854925e-06        370.5674303558026    -0.011863811388758826      0.07569683801638678      0.01678474354917389        0.668989169045064         0.81444392989787        58931.00397104713       182.96082336425658        59113.96479441139
                        7        310.3990477776558       0.4496584539169817      0.12954998721701472       0.1460818785065302    0.0022908254969791217  -6.6067281068223825e-06       370.56743033594336    -0.011863811398854625      0.07569683801902642      0.01678474354256585       0.6689891690377022       0.8144439300588424        58931.00441396494       182.96082357886107         59113.9652375438
                        8        310.3990481209578       0.4496584539275199      0.12954998784518246      0.14608187850685478     0.002290825471782661   -6.606728106680544e-06        370.5674304227396    -0.011863811446782876       0.0756968380025788      0.01678474351918437       0.6689891690376685       0.8144439294969387        58931.00475542298       182.96082463454735        59113.96558005753
                        9         180.933405113238      0.44118608090312983       0.5697559196984638      0.14548852507768423    0.0025719645746229603  -6.4627207469328014e-06       333.40694226514626     0.001186379126563419      0.08101419769179993      0.02245008717042131       0.6664290228661056       1.0674832691917453       13447.687785927495       11.655758356013925       13459.343544283509
                       10        180.9334054352953       0.4411860809065554        0.569755923372659      0.14548852507783164    0.0025719645910278048  -6.4627207459311596e-06        333.4069422767615     0.001186379102485926       0.0810141976830992     0.022450087163050133       0.6664290228623094       1.0674832691954919       13447.687621147228       11.655758462253816       13459.343379609481
                       11         180.933405186742       0.4411860808821317       0.5697559222447968       0.1454885250763505    0.0025719645700776946   -6.462720746492364e-06       333.40694224032893    0.0011863791270716188      0.08101419769456696      0.02245008718770691       0.6664290228574421       1.0674832693826763       13447.687760245202       11.655758360189333       13459.343518605392
                       12       198.36850041471075      0.44015811050402964       0.8638081113355369      0.14542032535289678     0.002998244567861131  -6.3966936082917645e-06       332.50542270734195   0.00021737381631889343      0.08080796079127493     0.023107788662901772       0.6657891229450528       1.0782756982169475         8597.38708775968       16.970127440851844        8614.357215200533
                       13       198.36850095127284       0.4401581104954698       0.8638081160822928      0.14542032535245125    0.0029982445778327514   -6.396693607441911e-06       332.50542275278747   0.00021737381237621044      0.08080796078097263     0.023107788673528598        0.665789122935996       1.0782756979998593        8597.387029296124       16.970127459672717        8614.357156755796
                       14       198.36850059843732      0.44015811048558784       0.8638081119618359      0.14542032535181182    0.0029982445685059604   -6.396693607768751e-06        332.5054226973995    0.0002173738144543953      0.08080796079183118      0.02310778868053075       0.6657891229346782       1.0782756983486468        8597.387082712112       16.970127454676753        8614.357210166789
                       15        239.2781868606305      0.43838315672742073       1.1534312054922804      0.14531888838775087    0.0035581216168403115   -6.315109674957164e-06        334.1250021601618  -0.00012045781640076126      0.08031797124652063      0.02493031206307771       0.6645723059006949       1.0766319833827835        6542.408136893973       19.162272541756614         6561.57040943573
                       16        443.8266190902291       0.4295083878443759        2.601546676276003      0.14481170356202125    0.0063575068617362125    -5.90719000828416e-06        342.2228994242608    -0.001809615979999033      0.07786802352274913       0.0340429290639574       0.6584882206789053       1.0684134092119635       11383.952785442978        36.81727211862802       11420.770057561605
                       17        341.5524029754297       0.4339457722858983       1.8774889408841418      0.14506529597488607     0.004957814239288262   -6.111149841620663e-06       338.17395079221126   -0.0009650368981998971      0.07909299738463488     0.029486620563517557       0.6615302632898001       1.0725226962973735         7348.79923326862       26.595131898453232        7375.394365167073
                       18        290.4152949180302       0.4361644645066595       1.5154600731882102      0.14519209218131848    0.0042579679280642865   -6.213129758288912e-06        336.1494764761865   -0.0005427473573003296      0.07970548431557775      0.02720846631329763       0.6630512845952475       1.0745773398400784        6280.209882737609       22.530042112170158       6302.7399248497795
                       19        290.4153031347853      0.43616446361050987       1.5154599595579032       0.1451920921389112      0.00425797445971484    -6.21312973947477e-06        336.1494761159809   -0.0005427219968478945      0.07970548439984476      0.02720846673285643       0.6630512838992699       1.0745773422703417        6280.203938790823       22.529862169598765        6302.733800960421
                       20        290.4153026294223       0.4361644635110291       1.5154599494673313       0.1451920921348922     0.004257970574527585    -6.21312973842529e-06        336.1494756830575   -0.0005427475721379782       0.0797054844312757     0.027208466799170966       0.6630512838415359       1.0745773451205338        6280.209354436983       22.530043309745068        6302.739397746728
                       21         290.415357227271      0.43616445625777683         1.51545906766329      0.14519209180123513     0.004257967177669884   -6.213129602005605e-06       336.14947003728014    -0.000542745532848601      0.07970548534385033     0.027208470472770835        0.663051278459132       1.0745773828183693        6280.206072818504       22.530029326187446        6302.736102144691
                       22       290.41530457119916       0.4361644627027255        1.515460071262705      0.14519209210915734     0.004257967919765899   -6.213129738588166e-06         336.149476312101   -0.0005427472730156384      0.07970548470574615       0.0272084685826693       0.6630512838179996       1.0745773432837014        6280.209725901436       22.530042009563697           6302.739767911
                       23        290.4154119458208      0.43616444273837135       1.5154599910429258      0.14519209132537458     0.004257966147450514   -6.213129533614912e-06       336.14947612362005   -0.0005427586043087202       0.0797054889554489     0.027208493200318477       0.6630512754939497        1.074577369751724        6280.210573922484       22.530127407290138        6302.740701329774
                       24        610.7692007641248      0.37834907404061024       0.8540402625912478      0.14284925625971753     0.004296316594232811   -5.541832312867701e-06        327.4883227616767    0.0029650992530366052      0.09175335495453474      0.09619821642906015       0.6365894239284764       1.2011945727292928        5255.593059425271        70.92912605462786        5326.522185479899
                       25       450.59224784107755      0.40725676927363486       1.1847501678897299        0.144020674220518     0.004277142261148548  -5.8774810355783075e-06        331.8188996189316    0.0012111759478681382      0.08572941963505624      0.06170334137117889        0.649820354261862       1.1378859562846857        3994.004761953498        32.03738739573086        4026.042149349229
                       26       450.59225217155404       0.4072567677933142       1.1847501650774959       0.1440206741728031     0.004277142265992961   -5.877481024476945e-06        331.8188996365955    0.0012111759706336564      0.08572941973922847      0.06170334206908214       0.6498203537189646       1.1378859567917816        3994.004708983433       32.037387952454075        4026.042096935887
                       27        450.5922493943506       0.4072567673075769       1.1847501690455395      0.14402067416297415      0.00427714224910873   -5.877481026166905e-06       331.81889960248026    0.0012111759460065289      0.08572941987364519      0.06170334188579218       0.6498203536569483       1.1378859565254802       3994.0047246643385       32.037387892989116       4026.0421125573275
                       28        450.5922470200537      0.40725676795642285       1.1847501649952754      0.14402067417217532     0.004277142263342358   -5.877481024241278e-06       331.81889968226983    0.0012111759187259153      0.08572941969331895     0.061703340994094344       0.6498203537565405       1.1378859554858487       3994.0047328669593       32.037387187168925        4026.042120054128
                       29        450.5922474142196      0.40725676897948165       1.1847501688480442      0.14402067418672895     0.004277142274717967   -5.877481024810327e-06        331.8188996233945    0.0012111759449160496       0.0857294197095723       0.0617033412377643       0.6498203540934608       1.1378859562309849        3994.004756687905        32.03738728891591       4026.0421439768206
                       30        620.3230231400465      0.15623873014945194       1.0384464191012537      0.13446702847286857      0.00473739473226834  -3.6903696874481043e-06       335.40636597642253   0.00012751771717123012      0.11003499642321778      0.08563817531455453       0.5591457077835257       1.1211946071194716       1276.2070437753503        71.80023592439552       1348.0072796997458
                       31         620.323022915854      0.15623873089531015        1.038446422155351      0.13446702849125955     0.004737394730060501  -3.6903696875695235e-06       335.40636597033523   0.00012751772081702733      0.11003499635466098      0.08563817507134042       0.5591457079704235         1.12119460713366       1276.2070373782656        71.80023554495861       1348.0072729232243
                       32        620.3230235126159      0.15623873047112086       1.0384464187629057      0.13446702847032826      0.00473739472799662  -3.6903696844788294e-06        335.4063659613022   0.00012751772448247982      0.11003499642156374       0.0856381751963135       0.5591457078171611        1.121194607321582       1276.2070421952872        71.80023571686499       1348.0072779121522
                       33         620.323023398587      0.15623873004842692        1.038446419290139       0.1344670284458902      0.00473739472692661  -3.6903696775290363e-06        335.4063659785325    0.0001275177166530422      0.11003499646652701      0.08563817505991769       0.5591457076128502       1.1211946071244066       1276.2070427348144        71.80023559124542       1348.0072783260598
                       34        620.3230227107354      0.15623873037821734        1.038446418782156      0.13446702844793448     0.004737394724646716  -3.6903696772661757e-06       335.40636598799756    0.0001275177150456162      0.11003499644215356        0.085638174866078       0.5591457076651862       1.1211946069910228       1276.2070427755789        71.80023531301056       1348.0072780885894
                       35        620.3230220970164       0.1562387301934594       1.0384464190949174      0.13446702843875993     0.004737394721813068  -3.6903696762037635e-06        335.4063659794477   0.00012751771443768843      0.11003499647722687      0.08563817486530034       0.5591457076285383       1.1211946070438743        1276.207042660995        71.80023531307806        1348.007277974073
                       36        620.3230217298609      0.15623872995875016       1.0384464190699667      0.13446702841361707    0.0047373947206924795   -3.690369669167911e-06        335.4063659868639    0.0001275177194337068      0.11003499652593282      0.08563817483675978       0.5591457074794237       1.1211946070493912       1276.2070421431783        71.80023524881075       1348.0072773919892
                       37        423.2448165922999      0.13611943585451375       1.0471395305232747      0.12490490990561728    0.0027344163489064445   -6.070395144396507e-07        336.8952928929227    0.0004457830963451653       0.1259538374554021                    1e-07        0.510146176611086       1.1114570909232842       14477.857974426925       27.599506083670427       14505.457480510595
                       38        521.7839198661734      0.14617908300198285       1.0427929748122633       0.1296859691892429     0.003735905540587392  -2.1487046009438776e-06       336.15082943467263    0.0002866504067581977      0.11799441693930993      0.04281913765727727       0.5346459421973059        1.116325849021378        1118.224691137101        30.70314106257831       1148.9278321996794
                       39       472.51436822923665       0.1411492594282483        1.044966252667768       0.1272954395474301    0.0032351609447469182   -1.377872057691764e-06        336.5230611637977   0.00036621675155168107      0.12197412719735601     0.021409618828638635       0.5223960594041959        1.113891469972331       1071.9275264835749         24.4021410877607       1096.3296675713357
                       40       472.51436774924514       0.1411492606910557       1.0449662558097685      0.12729543950110872    0.0032351609382599584  -1.3778720319502086e-06       336.52306118009517   0.00036621675332075034       0.1219741271949179     0.021409617973268777       0.5223960592622949       1.1138914697363744        1071.927517052758       24.402140992784673       1096.3296580455428
                       41        472.5143672209397      0.14114925965511377       1.0449662542353622      0.12729543952583602     0.003235160945745267  -1.3778720485218744e-06        336.5230611557591   0.00036621675060135445      0.12197412722408586     0.021409619004597716       0.5223960592638052       1.1138914700380038        1071.927523259347       24.402141109010085        1096.329664368357
                       42        472.5143684558748      0.14114925957506524       1.0449662528172752      0.12729543951340438    0.0032351609442651877  -1.3778720495563286e-06        336.5230611651848   0.00036621675376731066      0.12197412724935996      0.02140961910923691       0.5223960591560917       1.1138914700170708        1071.927525362291       24.402141111087865       1096.3296664733787
                       43       472.51436758579894      0.14114925966668707       1.0449662524702834      0.12729543950010178     0.003235160938824459   -1.377872048376943e-06       336.52306116735804   0.00036621675318919324       0.1219741272553364     0.021409618775021688       0.5223960591020046       1.1138914699780196       1071.9275260420156        24.40214107687353       1096.3296671188891
                       44        435.4135893083187      0.17505658023257747       1.1209785108373165      0.12340877891145863    0.0029922735325345817  -2.3101659718747963e-07        336.6984945642257    0.0005093425071626264       0.1264677611375225      0.02581583442491031      0.49805708274996247       1.1146316850053535         942.857532170149       24.914087008854427        967.7716191790034
                       45       435.41358949635605      0.17505658052456977        1.120978511318361      0.12340877893124191     0.002992273536177762  -2.3101660817568622e-07       336.69849456464493    0.0005093425060552197      0.12646776107221244     0.025815834443983915       0.4980570828515157        1.114631684951744        942.8575314673027       24.914086994127004        967.7716184614297
                       46       435.41358913768863       0.1750565803817096       1.1209785111296995      0.12340877889244853     0.002992273531590436   -2.310165984553591e-07       336.69849456358935    0.0005093425070752571      0.12646776114392783     0.025815834523426243      0.49805708258602904       1.1146316850119322        942.8575319539462       24.914087022943285        967.7716189768895
                       47        435.4135892961226      0.17505658038564306       1.1209785108160428      0.12340877887893617    0.0029922735324769308  -2.3101659685639046e-07       336.69849456581795    0.0005093425077789277      0.12646776115074201     0.025815834519912893       0.4980570824619328       1.1146316850121507        942.8575319683987        24.91408702191022        967.7716189903089
                       48         435.413589301465      0.17505658023533824       1.1209785106576025      0.12340877889282795     0.002992273533657935  -2.3101659970869387e-07        336.6984945640488    0.0005093425068568771      0.12646776112941432      0.02581583440552339      0.49805708255484094       1.1146316850164326        942.8575320484658        24.91408700448779        967.7716190529536
                       49        435.4135893002747      0.17505658016841935       1.1209785109028836      0.12340877888521673    0.0029922735323023443  -2.3101659861556386e-07        336.6984945660421    0.0005093425072379048       0.1264677611309687       0.0258158343631033       0.4980570825064296       1.1146316850069424        942.8575320700529        24.91408699887992        967.7716190689329
                       50       435.41358902782486      0.17505658022047932        1.120978511146287       0.1234087788177809    0.0029922735320820236   -2.310165956364698e-07        336.6984945695807    0.0005093425074235479       0.1264677611216607     0.025815834163060734       0.4980570819277977       1.1146316850158988        942.8575318873427        24.91408696802623         967.771618855369
                       51       409.91515216159814      0.18483456181660618       1.1633938911313582      0.10726879739168771    0.0030145517566931936   -8.417327300593925e-07        337.5405807902579    0.0005460923326991926      0.12351728779965895     0.005843115221756288      0.34996719684670685       1.1162102908942213        905.4456388044463       25.715645761637866        931.1612845660842
                       52       422.66437073495854      0.17994557102459183       1.1421862009843373      0.11533878815157317     0.003003412644613888    -5.36374663623436e-07        337.1195376772418      0.00052771741993091      0.12499252446859074       0.0158294748233333      0.42401213979833463       1.1154209879497874        909.5501949625552       24.161417614295562        933.7116125768508
                       53       416.28976144827834        0.182390066420599       1.1527900460578469      0.11130379277163044    0.0030089822006535405   -6.890536968414142e-07       337.33005923374986    0.0005369048763150513      0.12425490613412485     0.010836295022544795       0.3869896683225208       1.1158156394220042        901.6142998694954        24.65016949522907        926.2644693647245
                       54       416.28976119357026      0.18239006631527863        1.152790047008665      0.11130379261803824    0.0030089822004581435   -6.890537036816458e-07       337.33005924184266    0.0005369048764127275      0.12425490610972872     0.010836295126056337      0.38698966681568564       1.1158156394355658        901.6142992295933       24.650169496934424        926.2644687265276
                       55       416.28976121791334      0.18239006642162536       1.1527900465761345      0.11130379262001827    0.0030089822011091574   -6.890536981289058e-07       337.33005924234203    0.0005369048763925353       0.1242549060976055     0.010836294872622424       0.3869896669050314        1.115815639429673        901.6142996430167       24.650169529783888        926.2644691728005
                       56       416.28976141056523      0.18239006641592084       1.1527900460621474      0.11130379276241723     0.003008982200523771   -6.890536982933666e-07        337.3300592346547    0.0005369048760841136      0.12425490612390433     0.010836295009438142        0.386989668260382       1.1158156394177685        901.6142998546399       24.650169496896442        926.2644693515363
                       57       407.12537360018223      0.18099225338189764       1.1745891411020075      0.10606309168874326     0.003010731775049588   -8.534080315275937e-07       337.63527962521545    0.0005303459641551184      0.12281854952906437     0.008478137308495797      0.33812785925107325       1.1159596349258762        894.4589020042451        25.56027081844814        920.0191728226932
                       58        407.1253737843697      0.18099225330406846       1.1745891676751707      0.10606309167471789      0.00301074088538574   -8.534080273559337e-07        337.6352802389259    0.0005303199685296129      0.12281854937235209     0.008478137224096832       0.3381278592439739       1.1159596297639331        894.4584493956779        25.56041466360479        920.0188640592827
                       59        407.1253746896805      0.18099225329274476       1.1745891721654829      0.10606309167207392    0.0030107430217890196   -8.534080266494829e-07       337.63528077373167    0.0005303454045329347      0.12281854933996178     0.008478137206710423      0.33812785924078687       1.1159596260611087        894.4588478728385       25.560269501476068        920.0191173743146
                       60       407.12537467818356      0.18099225325241244       1.1745891711290728      0.10606309166903874    0.0030107316826581566   -8.534080273168265e-07        337.6352808356156    0.0005303455731960937      0.12281854934578508     0.008478137356209503       0.3381278592381616       1.1159596255670643        894.4588871032406        25.56027301006587        920.0191601133065
                       61       407.12537167613345      0.18099225325100776        1.174589115048402      0.10606309166758371    0.0030107317848548963   -8.534080270556493e-07       337.63527970055964     0.000530345917115667      0.12281854943154383     0.008478137291287045      0.33812785920273103       1.1159596331895822        894.4589006943532       25.560271045598245        920.0191717399515
                       62       407.11211387022104      0.18096230867954918        1.176629130206491      0.10605842287165476     0.003012513667450409   -8.524129756153785e-07        337.8153632481771     0.000460456256436129      0.12278373649161825     0.008483297039789938        0.338121795847039       1.1144665149737576        893.0348879702788       25.947143124818165        918.9820310950969
                       63        407.1121137515745       0.1809623085947281        1.176629130236412      0.10605842285307812     0.003012513667456784   -8.524129735170495e-07         337.815363249041   0.00046045625589193236      0.12278373643768187     0.008483297053500044       0.3381217958187238       1.1144665149623896        893.0348879343178       25.947143129783804        918.9820310641016
                       64       407.11211366892144      0.18096230863740645       1.1766291302203378      0.10605842284084521     0.003012513667565315   -8.524129728743698e-07        337.8153632495999    0.0004604562564203534       0.1227837363170248     0.008483297009715436       0.3381217958431029       1.1144665149614887        893.0348879279987        25.94714313179972        918.9820310597985
                       65       407.11211359302433      0.18096230860144805       1.1766291302632403      0.10605842281954575    0.0030125136671001404   -8.524129759002382e-07        337.8153632515947    0.0004604562564100162      0.12278373625516198     0.008483297027715473      0.33812179583603275        1.114466514949643        893.0348879315866        25.94714312521495        918.9820310568016
                       66        407.1121137440773      0.18096230871843033       1.1766291302443364      0.10605842282022274       0.0030125136671403   -8.524129753538764e-07        337.8153632490843    0.0004604562564250554      0.12278373630056695     0.008483297049916851      0.33812179573558104        1.114466514964141        893.0348879541265       25.947143122307487        918.9820310764339
                       67        407.1121138449662      0.18096230867026591        1.176629130202734       0.1060584228502087     0.003012513667168409   -8.524129758732044e-07       337.81536324721964    0.0004604562563212322      0.12278373634931852     0.008483297035452652      0.33812179582401397        1.114466514972724        893.0348879630671       25.947143125210644        918.9820310882778
                       68         389.592642579948      0.17977918754504357        1.180458875480383                    0.101     0.002982167176257395   -8.031037993198606e-07        337.9531342187874    0.0004518306189209625      0.10114370391065886     0.008459757451632915      0.33093802101484227       1.1130866738342533         890.899195526424       26.001216184867946         916.900411711292
                       69        389.5926425662592      0.17977918751776992       1.1804588755019534                    0.101     0.002982167176288361    -8.03103798820844e-07       337.95313421885646    0.0004518306190267711      0.10114370382161211     0.008459757456387261      0.33093802100233655         1.11308667383314        890.8991955196234        26.00121618447036        916.9004117040937
                       70       389.59264250321826      0.17977918751136993       1.1804588755082683                    0.101     0.002982167176175805   -8.031037989286898e-07       337.95313421830343    0.0004518306188649318      0.10114370366829653     0.008459757453883656      0.33093802102784786       1.1130866738323772        890.8991955161924        26.00121618443566        916.9004117006281
                       71        389.5926425005689      0.17977918751718922       1.1804588754839642                    0.101    0.0029821671759300557   -8.031037994853196e-07        337.9531342184171   0.00045183061939450125      0.10114370350601423     0.008459757452967327       0.3309380210208591       1.1130866738326355        890.8991955172331        26.00121618002789         916.900411697261
                       72       389.59264249606076      0.17977918751394711         1.18045887549094                    0.101     0.002982167175649877   -8.031037999669204e-07       337.95313421872936    0.0004518306190153601      0.10114370363213242     0.008459757464173379      0.33093802096268754       1.1130866738284755        890.8991955184819        26.00121618150945        916.9004116999913
                       73        389.5926425459504       0.1797791875608853       1.1804588754833603                    0.101    0.0029821671760675837   -8.031037991658641e-07       337.95313421850426   0.00045183061895590765      0.10114370378487912     0.008459757458491523       0.3309380209523669       1.1130866738323515        890.8991955234883        26.00121618370502        916.9004117071933
                       74        389.5926425511334      0.17977918756050015         1.18045887551094                    0.101    0.0029821671762130684   -8.031037993249915e-07        337.9531342187905    0.0004518306189280263      0.10114370386978687     0.008459757457243124      0.33093802101590597       1.1130866738312153        890.8991955262097       26.001216183207944        916.9004117094177
                       75       372.94924538431883      0.17669114194097685       1.1859656387213047                    0.101    0.0029233012517503928     -7.5852697789599e-07       337.87978461914577    0.0004797563723488527      0.04031656707043095     0.010427369373057264      0.32246430638697376       1.1122749035365727        891.1008184472952       25.858298797223192        916.9591172445183
                       76        381.2709439821333       0.1782351647430102        1.183212257100843                    0.101     0.002952734214003894   -7.808153886079253e-07       337.91645941896655   0.00046579349563490805      0.07073013549054491     0.009443563412345089      0.32670116370090796        1.112680788685413        890.1821643975231       25.825010712726822        916.0071751102499
                       77        377.1100946832262      0.17746315334199353       1.1845889479110738                    0.101    0.0029380177328771438   -7.696711832519577e-07       337.89812201905613    0.0004727749339918808      0.05552335128048792     0.009935466392701178      0.32458273504394086        1.112477846110993        890.2291630300033       25.815468060395318        916.0446310903986
                       78       379.19051933267974      0.17784915904250187       1.1839006025059593                    0.101     0.002945375973440519   -7.752432859299415e-07       337.90729071901137   0.00046928421481339487      0.06312674338551641     0.009689514902523132       0.3256419493724244        1.112579317398203        890.1457928292924        25.81369271291615        915.9594855422085
                       79       379.19051922418066       0.1778491589849485        1.183900602559099                    0.101    0.0029453759729981413    -7.75243285644741e-07       337.90729071888495   0.00046928421474117486      0.06312674321954509     0.009689514922970217       0.3256419493007676       1.1125793173900704        890.1457928122584       25.813692713667884        915.9594855259263
                       80        379.1905192915626      0.17784915903431237        1.183900602515184                    0.101     0.002945375973360008   -7.752432856946225e-07       337.90729071865195    0.0004692842150768048      0.06312674328075531     0.009689514908692885        0.325641949359047       1.1125793173970888        890.1457928289308       25.813692711430672        915.9594855403615
                       81       375.68866835888707      0.17640887168113598       1.1852814217821397                    0.101     0.002933767341787846   -7.621404275917897e-07            337.893668112     0.000475861117795056     0.056487457548621015     0.010301084104438337       0.3237512698383853       1.1123771176512087        889.9566216218901       25.792421420846626        915.7490430427367
                       82         375.688668317747       0.1764088716777451       1.1852814217878596                    0.101    0.0029337673417282606   -7.621404274909941e-07       337.89366811180355   0.00047586111775258736      0.05648745749368503     0.010301084108602787      0.32375126983828656       1.1123771176487036         889.956621620996       25.792421420866035         915.749043041862
                       83        375.6886683196874      0.17640887167988667       1.1852814217809584                    0.101     0.002933767341763713   -7.621404274368485e-07       337.89366811177376   0.00047586111788900515     0.056487457508010326      0.01030108410972217      0.32375126983942626       1.1123771176475423        889.9566216220461       25.792421419860133        915.7490430419062
                       84        375.6886683523451      0.17640887168914843       1.1852814217704086                    0.101     0.002933767341801373   -7.621404276000162e-07       337.89366811190007   0.00047586111775497174      0.05648745756643309      0.01030108410574258       0.3237512698415898       1.1123771176487631        889.9566216217519        25.79242142052841        915.7490430422803
                       85        375.6886683463774      0.17640887168454747       1.1852814217826904                    0.101     0.002933767341766404   -7.621404275055298e-07       337.89366811185914    0.0004758611177172814      0.05648745751661184      0.01030108410804468       0.3237512698340914       1.1123771176472752         889.956621621384        25.79242142100157        915.7490430423856
                       86        370.7460249498067      0.17749107331912342       1.1838420780531482                    0.101     0.002931259835164161    -7.47608241116382e-07       337.85469509173197    0.0004698769566285812      0.05336708942774142     0.011071445060576775       0.3240284655938221        1.111574834972583        889.9602537228484       25.714410550006665         915.674664272855
aborted minimisation     
Minimisation aborted as it proceeded too slow                
 restart
                       87        370.7460249498067      0.17749107331912342       1.1838420780531482                    0.101     0.002931259835164161    -7.47608241116382e-07       337.85469509173197    0.0004698769566285812      0.05336708942774142     0.011071445060576775       0.3240284655938221        1.111574834972583        889.9602537228484       25.714410550006665         915.674664272855
                       88       370.74602589942424      0.17749107304340733       1.1838421601103608                    0.101    0.0029312378014224177   -7.476082430747889e-07         337.854693656486    0.0004698666244502955      0.05336708965395896      0.01107144742055074       0.3240284655984432       1.1115748380302415        889.9601660824381       25.714478969618696        915.6746450520568
                       89        370.7460271113973      0.17749107298889708        1.183842194099375                    0.101    0.0029312469607786873   -7.476082424211488e-07        337.8546934303253    0.0004698865239246279      0.05336708968863383     0.011071448117623712      0.32402846560088105        1.111574835825502        889.9602964018059       25.714360685460495        915.6746570872664
                       90        370.7460268153825      0.17749107304419035       1.1838421878907788                    0.101    0.0029312598538161145    -7.47608241311127e-07        337.8546934593929    0.0004698771569377711      0.05336708964076197      0.01107144777294935      0.32402846560220444       1.1115748366185119         889.960253536187         25.7144092519028        915.6746627880898
                       91       370.74602853942315      0.17749107306819883       1.1838420674537637                    0.101    0.0029312598848222713   -7.476082400318579e-07       337.85469329577484   0.00046987709223511327      0.05336708953025193     0.011071447210036826      0.32402846554532094       1.1115748329415793        889.9602540525923        25.71440954829747        915.6746636008897
                       92       370.74669040478534      0.17749102741391853        1.183840179109378                    0.101     0.002931252701807226   -7.476080454840936e-07       337.85436479751235   0.00046984043021050726      0.05336710796376032     0.011071839513633625       0.3240284568603535       1.1115744504698712        889.9599260802934       25.714586626216995        915.6745127065103
                       93       371.03296725104565      0.17747011238395247       1.1837246388050193                    0.101     0.002933293776368525   -7.475265901424286e-07        337.7067733453022    0.0004800297007279079      0.05337628555197268      0.01125326743216423      0.32402480667018535       1.1114293722862079        890.0039091457076        25.63929265273448        915.6432017984421
                       94          371.03296728077      0.17747011239776955       1.1837246388082132                    0.101    0.0029332937764379196   -7.475265903348299e-07       337.70677334016517    0.0004800297010891393       0.0533762855217211     0.011253267436506181      0.32402480673686784        1.111429372279663        890.0039091479741       25.639292648741225        915.6432017967154
                       95       371.03296728516557      0.17747011237714522       1.1837246388095437                    0.101     0.002933293776331973   -7.475265902094214e-07        337.7067733431894    0.0004800297008487272     0.053376285527197746     0.011253267438125674        0.324024806680198       1.1114293722822892        890.0039091456792        25.63929265155372         915.643201797233
                       96       371.03296727534575       0.1774701123831931       1.1837246388026514                    0.101    0.0029332937762918112   -7.475265901223819e-07       337.70677334308505   0.00048002970076175644      0.05337628552368072     0.011253267435688682       0.3240248066936807        1.111429372283563        890.0039091454171       25.639292652062263        915.6432017974794
                       97        371.0329672588682      0.17747011239083393       1.1837246388016656                    0.101     0.002933293776406799   -7.475265900287596e-07        337.7067733442604   0.00048002970074475517     0.053376285546620855     0.011253267433962167       0.3240248066555957       1.1114293722840816         890.003909145415       25.639292652715394        915.6432017981305
aborted minimisation     
Minimisation aborted as it proceeded too slow                
 restart
                       98          371.03296728077      0.17747011239776955       1.1837246388082132                    0.101    0.0029332937764379196   -7.475265903348299e-07       337.70677334016517    0.0004800297010891393       0.0533762855217211     0.011253267436506181      0.32402480673686784        1.111429372279663        890.0039091479741       25.639292648741225        915.6432017967154
                       99        371.0329858926332      0.17747011299970492        1.183724775118856                    0.101     0.002933288565281593   -7.475265968939866e-07       337.70677465787713   0.00048003316780448465      0.05337628468293618     0.011253265872194202      0.32402480717120974       1.1114293253852081        890.0039184062832       25.639274896483084        915.6431933027663
                      100       371.03325773153347      0.17747012195738723       1.1837267868296415                    0.101     0.002933238255166096   -7.475266912707586e-07         337.706792883573   0.00047998840547525666      0.05337627225846688     0.011253242463132442       0.3240248135924856        1.111428645605675        890.0035247190741       25.639552442152205        915.6430771612263
                      101         371.033607773478       0.1774701338372684       1.1837293662449646                    0.101    0.0029333099719913817   -7.475268010433232e-07        337.7068164275312    0.0004799769933133823      0.05337625598948845      0.01125321091142806      0.32402482184483794       1.1114277688145144        890.0033448513414        25.63958825857751        915.6429331099189
                      102        371.0329739846966      0.17747011293135675       1.1837245487180414                    0.101    0.0029332937875429384   -7.475265936201583e-07        337.7067710157115   0.00048002957757769675      0.05337628505562581     0.011253265623530864      0.32402480703188397       1.1114293588693476         890.003907020876       25.639293438739102        915.6432004596151
                      103        371.0330278364979      0.17747011745189675        1.183724033022326                    0.101    0.0029332888613933564   -7.475266258527132e-07       337.70674885756125   0.00048000306754577605     0.053376281358830095     0.011253252178511187       0.3240248097594586       1.1114292575590454        890.0037430741427       25.639448466279994        915.6431915404227
                      104        371.1828066051298      0.17747722778119063       1.1838807107779896                    0.101     0.002931328870513597   -7.475837125057947e-07       337.69788192801155    0.0004704928752269194     0.053368317044480064     0.011231775327921656      0.32402927912570906        1.111077310180412        889.9211074614686        25.69545468207031         915.616562143539
                      105       371.18280660577784      0.17747722778944466        1.183880710789916                    0.101      0.00293132887051438   -7.475837126796967e-07        337.6978819277563    0.0004704928752265623     0.053368317046786316     0.011231775329902698       0.3240292792629468       1.1110773101804425        889.9211074635524        25.69545467907051        915.6165621426229
                      106        371.1828066096484      0.17747722778171773       1.1838807107884133                    0.101    0.0029313288705038847   -7.475837124101274e-07         337.697881927639    0.0004704928751703447       0.0533683170514638     0.011231775332566708      0.32402927914009394       1.1110773101782103        889.9211074614835        25.69545468173914        915.6165621432227
                      107       371.18280661368567      0.17747722779868486       1.1838807107845142                    0.101    0.0029313288705352662   -7.475837122831272e-07        337.6978819274297   0.00047049287523329766     0.053368317040290415      0.01123177533188679       0.3240292791283258       1.1110773101799771         889.921107461686       25.695454681472384        915.6165621431584
                      108        371.1828066152789       0.1774772277921508       1.1838807107749787                    0.101    0.0029313288705100035   -7.475837127300304e-07        337.6978819272483    0.0004704928752338108     0.053368317040129704     0.011231775331687194       0.3240292791165529       1.1110773101795333        889.9211074619091        25.69545468127948        915.6165621431885
aborted minimisation     
Minimisation aborted as it proceeded too slow               
 finished