                   sim_nr                        h                    alpha                  sca_sto                       wg               gammatheta                   gammaq                      CO2                   advCO2                      z0m                      z0h                     data                    Costf
                        1                    650.0                     0.45                      0.5                     0.14                    0.005                   -3e-06                    380.0                    0.006                      0.1                     0.01       15643.245129959045       15643.245129959045
                        2        649.9999999995116       0.4499999999938438        0.500000000004238      0.13999999999979904     0.004999999925039635  -3.0148938531649116e-06       379.99999999549476     0.005999999535346818      0.10000000000054683     0.010000000003020065        15641.24702378571        15641.24702378571
                        3        649.9999999995837        0.449999999993837        0.500000000004098      0.13999999999974694     0.004999999887342583   -2.999998672749168e-06        379.9999999964366     0.005999999594825134      0.10000000000030018     0.010000000002769535       15643.243556711162       15643.243556711162
                        4         650.000000000048      0.44999999999564727       0.5000000000039059      0.13999999999990423     0.004999999946275642  -2.9999914801625554e-06       380.00000000270364      0.00600000000738811      0.09999999999994388      0.01000000000150549       15643.246267430859       15643.246267430859
                        5        649.9970212251402      0.44995563186581533       0.5000295557832841       0.1399981824795732     0.004190386933583479  -1.2780151720624174e-05        379.9746215623631     0.003098549366841241      0.10000214719646684     0.010019914596593519       10508.949230630236       10508.949230630236
                        6        649.9985106125702      0.44997781593290764       0.5000147778916421       0.1399990912397866     0.004595193466791739   -7.890075860312087e-06        379.9873107811815      0.00454927468342062      0.10000107359823342      0.01000995729829676       10569.928408094804       10569.928408094804
                        7        649.9977659188552       0.4499667238993615        0.500022166837463      0.13999863685967992     0.004392790200187609   -1.033511379046813e-05        379.9809661717723    0.0038239120251309304      0.10000161039735013     0.010014935947445139        9690.754500772811        9690.754500772811
                        8        649.9977659189549      0.44996672389586007       0.5000221668417518      0.13999863685967048      0.00439279022503103  -1.0335113636367516e-05        379.9809661729903    0.0038239120018234932      0.10000161039723596     0.010014935948123502         9690.75444921721         9690.75444921721
                        9        649.9977659189642       0.4499667238944944       0.5000221668425314      0.13999863685961772     0.004392790176029171  -1.0335113734918685e-05        379.9809661745777    0.0038239120166836203      0.10000161039728817     0.010014935948841883        9690.754487716758        9690.754487716758
                       10        649.9977659189279      0.44996672389273884        0.500022166844146        0.139998636859595     0.004392790172215961  -1.0335113713313536e-05       379.98096617586225    0.0038239120271965905      0.10000161039734257     0.010014935949481867        9690.754493557628        9690.754493557628
                       11        650.0074793442428      0.44954570410447026       0.5004691221985272      0.13999372551666114     0.002863805716683322   -4.014016608058969e-06       380.21301076103686    0.0028643520140081043      0.09999532553017812     0.010131422146529984        8933.030856117834        8933.030856117834
                       12        650.0074793442906      0.44954570410118583       0.5004691222021795      0.13999372551664618    0.0028638057198863056   -4.014016592376417e-06        380.2130107631859     0.002864352018259374      0.09999532553014495     0.010131422147380059        8933.030851937054        8933.030851937054
                       13        650.0074793443282        0.449545704099277       0.5004691222040635       0.1399937255166227    0.0028638057129837854   -4.014016603335121e-06       380.21301076461225    0.0028643520152425187      0.09999532553012254      0.01013142214797946          8933.0308547871          8933.0308547871
                       14        650.0074793443698      0.44954570409491523       0.5004691222092011      0.13999372551661973    0.0028638057125458154   -4.014016592069159e-06        380.2130107675213    0.0028643520127866894      0.09999532553000792     0.010131422148862075        8933.030854712897        8933.030854712897
                       15        650.0074793445509      0.44954570407891764       0.5004691222278309      0.13999372551660855     0.002863805717567411   -4.014016609948217e-06       380.21301077874244     0.002864352012080807      0.09999532552962641     0.010131422152264176        8933.030852499583        8933.030852499583
                       16        650.0074793441314       0.4495457041004856       0.5004691222032145      0.13999372551668812    0.0028638057166930227   -4.014016608125868e-06       380.21301076098706    0.0028643520140103256      0.09999532553029646     0.010131422146249658        8933.030856002366        8933.030856002366
                       17         645.163272435709      0.19402166862176684       0.7991613189925746       0.1412042346046397     0.003287394945280564  -5.6435306406798376e-06       417.29037593422555   -0.0006602790619777092      0.10468109252343102     0.009138955048403605       1704.6814370622274       1704.6814370622274
                       18         645.163272394452      0.19402166646980046       0.7991613215159161       0.1412042346153735    0.0032873950151313027   -5.643530530619663e-06       417.29037617245456   -0.0006602790816316395      0.10468109256318477     0.009138955035834978        1704.681312506265        1704.681312506265
                       19        645.1632724330549      0.19402166848835245        0.799161319154133      0.14120423460559203    0.0032873949415422074   -5.643530631483242e-06       417.29037593688975   -0.0006602790571233431      0.10468109252590342     0.009138955046990619       1704.6814336917132       1704.6814336917132
                       20        645.1632724344432      0.19402166856617498       0.7991613190666194      0.14120423460541723    0.0032873949403774663   -5.643530624441913e-06        417.2903759164098   -0.0006602790605516537      0.10468109252441633     0.009138955046526643       1704.6814352705055       1704.6814352705055
                       21        644.4166376748076      0.15698489675315452       0.8442953421475002      0.14148505748655874     0.002776491161075884  -1.7103924073039815e-06        416.9513626002548  -0.00012780695028127668      0.10536046539808283      0.00865027054436919          960.52924602594          960.52924602594
                       22        644.4166376805459      0.15698489706126684       0.8442953417962468       0.1414850574851979    0.0027764911686899946  -1.7103924158761104e-06        416.9513625589032  -0.00012780694939642807      0.10536046539242118     0.008650270544429255        960.5292429325806        960.5292429325806
                       23        644.4166376720085      0.15698489662187104       0.8442953423211597      0.14148505748783144    0.0027764911626127434  -1.7103924044695973e-06       416.95136261101044  -0.00012780695103318997      0.10536046540047113     0.008650270541221087        960.5292451943689        960.5292451943689
                       24        644.4166376732247      0.15698489668750548       0.8442953422473155      0.14148505748755275    0.0027764911620356985  -1.7103924115850872e-06       416.95136260373584   -0.0001278069508910771      0.10536046539929259       0.0086502705412779        960.5292455676278        960.5292455676278
                       25        644.4166376722834      0.15698489667081877       0.8442953423022341      0.14148505748884768    0.0027764911609191177  -1.7103924063065452e-06        416.9513625744924  -0.00012780694739341226      0.10536046539965595     0.008650270536238463        960.5292452030476        960.5292452030476
                       26        644.4166376748252      0.15698489677552957       0.8442953421466373      0.14148505748726742     0.002776491161190523  -1.7103924085063755e-06       416.95136259880684  -0.00012780694944688944      0.10536046539769979     0.008650270540451362        960.5292458353786        960.5292458353786
                       27        643.5180108682504      0.12997771263692687       0.9003718688929829      0.14238205094874337     0.003565671343886887  -2.8387679540893046e-06        412.3044075620518    0.0003747654157730696       0.1058713845946351     0.005196482065143589        640.8151486979774        640.8151486979774
                       28        643.5178017056893      0.12996822867738755       0.9003848159416121        0.142382155323266     0.003565673019860289  -2.8339750629761774e-06        412.3050070332839    0.0003746461444360978      0.10587155934402175    0.0051961917426432405        640.6603792546506        640.6603792546506
                       29        643.5180108605308      0.12997771240497025       0.9003718693891097      0.14238205095569684    0.0035656713486938037  -2.8387679600741434e-06       412.30440753707205    0.0003747654162705571       0.1058713845994427     0.005196482037386036        640.8151472097312        640.8151472097312
                       30        643.5180110417149      0.12997772056912715       0.9003718581804547      0.14238205086331635    0.0035656713444996713  -2.8387719914288528e-06        412.3044070711502   0.00037476551515115957      0.10587138444916123     0.005196482297077534        640.8152789195043        640.8152789195043
                       31        642.8692285525776      0.11020147042168044       0.9420244767303003      0.14295904194828699     0.003958336234779812  -2.9052624014326405e-06        410.3174640579688    0.0004048812107920064      0.10627935224520031    0.0029043148430893647        567.3835273556264        567.3835273556264
                       32        642.8692285512561      0.11020147046195211       0.9420244767503199      0.14295904195675713     0.003958336328871732  -2.8846225916119595e-06        410.3174640666052   0.00040488119870379924      0.10627935224354655    0.0029043147800797238         567.268133832294         567.268133832294
                       33        642.8692285512026      0.11020147046173673        0.942024476750342       0.1429590419567382     0.003958336302026053   -2.905262478573099e-06         410.317464066403   0.00040488118696961096      0.10627935224361432    0.0029043147811515244        567.3835242525175        567.3835242525175
                       34        642.8692285433148      0.11020147069799008       0.9420244768693316      0.14295904200668144     0.003958336617838675  -2.9054373805923706e-06        410.3174641188879   0.00040488123099664645      0.10627935223457644    0.0029043144220190047        567.3845955090267        567.3845955090267
                       35        642.8650633117513      0.11032280662273308        0.942085185658874      0.14298464186049015     0.004162034034734723  -3.0390530778204715e-06       410.34301252517923    0.0003327216502426976      0.10627454807306833     0.002716696336073544        562.1371316136676        562.1371316136676
                       36        642.8650633106696      0.11032280666505351       0.9420851856795249      0.14298464186882773     0.004162034034848014   -3.039053077966043e-06        410.3430125361383    0.0003327216531152505      0.10627454807186805      0.00271669626574625        562.1371298118863        562.1371298118863
                       37        642.8650633096021      0.11032280668141514       0.9420851856933045      0.14298464187274568     0.004162034027219502   -3.039053076668008e-06        410.3430125331497     0.000332721647531801       0.1062745480734248    0.0027166963007767353        562.1371305628281        562.1371305628281
                       38        642.8650633087765      0.11032280670991218         0.94208518571516       0.1429846418792581     0.004162034033673564   -3.039053077628761e-06         410.343012540871    0.0003327216488843224      0.10627454807496771    0.0027166963408911515         562.137130725384         562.137130725384
                       39        642.8650633082656       0.1103228066774295       0.9420851856992429      0.14298464187317816    0.0041620340370513735  -3.0390530758671152e-06        410.3430125246373    0.0003327216492097348      0.10627454807530343    0.0027166963347201346        562.1371312156973        562.1371312156973
                       40        641.1972785973277      0.15331208423964054       0.9701569065619584      0.15231815349588543     0.003727616663166765   -2.674914089961912e-06         416.744483080321   -0.0003518537019955069      0.10724875206617518    0.0010350335923691462       341.43439904214466       341.43439904214466
                       41        641.1972785804527      0.15331208464743667       0.9701569068280386      0.15231815358183493     0.003727616655624266  -2.6749140833237313e-06        416.7444831240341   -0.0003518537067334262      0.10724875207643128    0.0010350336671597852         341.434394860569         341.434394860569
                       42        641.1972785936881      0.15331208429390697       0.9701569066003659      0.15231815350639524    0.0037276166573513626   -2.674914086236904e-06       416.74448307209343   -0.0003518537000448971      0.10724875206849138    0.0010350335910114493        341.4343985695463        341.4343985695463
                       43        641.1972785920722      0.15331208430676269       0.9701569066144332      0.15231815350929206    0.0037276166637946586  -2.6749140885032124e-06        416.7444830701524   -0.0003518537004242152      0.10724875206952265     0.001035033592832739       341.43439865354253       341.43439865354253
                       44        641.1972785812833       0.1533120844386452       0.9701569067273854      0.15231815354033323     0.003727616663913554   -2.674914094018856e-06       416.74448305746176   -0.0003518537024853677      0.10724875207640379    0.0010350335909034246        341.4343982326137        341.4343982326137
                       45        641.1972785946361      0.15331208423442527       0.9701569065791249       0.1523181534990637    0.0037276166637206917  -2.6749140925496137e-06       416.74448307987853  -0.00035185370181215186      0.10724875206779584    0.0010350335920397778        341.4343989986491        341.4343989986491
                       46        638.4941967815006       0.1818878137221645       0.9963199035262114       0.1590480480920646    0.0033927814487241083  -2.6914945726070073e-06         413.157776386939   0.00011288833938952799      0.10894980488246225    0.0013157667668519495       238.78446031653465       238.78446031653465
                       47        638.4941967718958      0.18188781376790486       0.9963199036234898      0.15904804811195394    0.0033927814491593795  -2.6914945697108314e-06        413.1577763763511   0.00011288834072968688      0.10894980488877803    0.0013157667723819322       238.78446005132253       238.78446005132253
                       48        638.4941967700871      0.18188781378727054       0.9963199036638628      0.15904804812461526    0.0033927814464334532  -2.6914945715476147e-06         413.157776391932   0.00011288833798124391      0.10894980488990363     0.001315766769400534       238.78446009706482       238.78446009706482
                       49        638.4941967723473      0.18188781374454482       0.9963199036407218      0.15904804811869888    0.0033927814482103977  -2.6914945714881564e-06        413.1577764059348   0.00011288833812518606       0.1089498048882329    0.0013157667675968796         238.784460145485         238.784460145485
                       50        638.4941967782654      0.18188781367477752        0.996319903550873       0.1590480480962238     0.003392781449461769  -2.6914945723991907e-06       413.15777638896805   0.00011288833887721818      0.10894980488402443     0.001315766766288513       238.78446026068542       238.78446026068542
                       51         638.494196765571      0.18188781365792622        0.996319903648591      0.15904804811912845    0.0033927814487128135  -2.6914945738268855e-06       413.15777638415625   0.00011288833996725249      0.10894980489094777    0.0013157667646657347        238.7844601909422        238.7844601909422
                       52        633.2340893300724      0.17086113099711586       1.0438303919157979      0.16937656122339664      0.00340941265234732   -2.504341990531841e-06        413.5291760479268    8.728024209190156e-05      0.11194607964155873    0.0014731575084611596       200.62355936864765       200.62355936864765
                       53         633.234089318549      0.17086113103598138       1.0438303919922403      0.16937656124832545      0.00340941265211278  -2.5043419889439676e-06       413.52917604886545    8.728024180951373e-05      0.11194607964758907    0.0014731575069544343        200.6235593365229        200.6235593365229
                       54         633.234089324255      0.17086113099900974       1.0438303919214758      0.16937656123255593     0.003409412651903851   -2.504341989980535e-06       413.52917604841235    8.728024215095762e-05      0.11194607964412447    0.0014731575082444215       200.62355935679412       200.62355935679412
                       55        633.2340893096474      0.17086113097829092       1.0438303918739509      0.16937656124518286     0.003409412652231011  -2.5043419885688044e-06        413.5291760450996    8.728024240905064e-05      0.11194607964939982     0.001473157508880895       200.62355932361146       200.62355932361146
                       56         633.234089292492      0.17086113099756767        1.043830391917749      0.16937656127245412     0.003409412652253588   -2.504341990604631e-06        413.5291760465694    8.728024227940955e-05      0.11194607965710032    0.0014731575085335982       200.62355930696359       200.62355930696359
                       57        633.2340888328016       0.1708611310206843       1.0438303918013692      0.16937656185950237    0.0034094126545560393   -2.504341989498156e-06        413.5291760514974    8.728024612048371e-05      0.11194607984452062    0.0014731575099203205       200.62355853336078       200.62355853336078
                       58        575.1873618398455       0.1724753302678721        1.042028033769388      0.24515969530919798    0.0032034434128471656  -1.9089990941682294e-06       412.25526650996585   0.00045667201793775716       0.1359025591444053    0.0014749305668227842       147.04322684408845       147.04322684408845
                       59         575.187360656421      0.17247533210725635       1.0420280291183235      0.24515969726891423    0.0032034433934023995   -1.908999072202638e-06       412.25526659404807    0.0004566720129331363      0.13590255968256776    0.0014749305254527188       147.04322377002904       147.04322377002904
                       60         575.187361515683      0.17247533030695483       1.0420280336902725      0.24515969576007587     0.003203443411023684  -1.9089990900008552e-06        412.2552665172996    0.0004566720179086945       0.1359025592809665    0.0014749305720688343       147.04322650096364       147.04322650096364
                       61        575.1873611949472      0.17247533039643181       1.0420280334931689       0.2451596962326375     0.003203443414604584   -1.908999084061458e-06        412.2552665580572    0.0004566720158152267      0.13590255941760906    0.0014749305858634387       147.04322570177715       147.04322570177715
                       62        575.1873616747707      0.17247533039932345       1.0420280334956322      0.24515969558912348     0.003203443414454095  -1.9089991031059203e-06        412.2552665507442   0.00045667201298818863      0.13590255921729694    0.0014749305828492265        147.0432259511364        147.0432259511364
                       63        575.1873616779262      0.17247533026986372         1.04202803367921       0.2451596955045131    0.0032034434152574103  -1.9089990959514235e-06        412.2552665046957    0.0004566720182770413      0.13590255920815886    0.0014749305706581225        147.0432267235822        147.0432267235822
                       64       444.73131887624277      0.20207917699550984       0.9718765569194836       0.4302001614349027    0.0031496087510544434  -1.0321310697826375e-06       419.09894268524323    2.719453367082316e-05      0.19097138458195353      0.00483054341044409        55.06664001993413        55.06664001993413
                       65        444.7313188831646      0.20207917680807064       0.9718765574891685      0.43020016141574635    0.0031496087493300866  -1.0321310749740291e-06         419.098942687845   2.7194533596300308e-05      0.19097138457785218     0.004830543413693354        55.06663915080948        55.06663915080948
                       66        444.7313185322793      0.20207917695103625       0.9718765570152468       0.4302001619125782    0.0031496087522091933  -1.0321310659211604e-06        419.0989427115512   2.7194533065828808e-05      0.19097138472593678     0.004830543424214386        55.06663977897287        55.06663977897287
                       67       432.19388357920485      0.19153060793106874       1.0024629579268909       0.4471589904746356     0.003111061985269308  -1.1337820458608172e-06        420.2062939790635   1.0328907566140716e-06      0.19616249334959696     0.005499628442784659        29.95880769742162        29.95880769742162
                       68       432.19388355784525      0.19153060790986903       1.0024629579306696      0.44715899048926305    0.0031110619851067037  -1.1337820455154283e-06        420.2062939770946   1.0328901844268087e-06       0.1961624933558183    0.0054996284457404935       29.958807657236342       29.958807657236342
                       69        432.1938835527053      0.19153060792352816       1.0024629579209585      0.44715899049593694     0.003111061985577573  -1.1337820451735581e-06       420.20629398098083   1.0328906023104184e-06       0.1961624933582123    0.0054996284463477135       29.958807683764753       29.958807683764753
                       70        432.1938835165101       0.1915306079371008        1.002462957864048       0.4471589905191554     0.003111061985387702   -1.133782046372137e-06       420.20629398381845   1.0328904774354816e-06      0.19616249336898506     0.005499628451632257       29.958807669495933       29.958807669495933
                       71       432.19388353033344      0.19153060799605703       1.0024629579518076      0.44715899049275243    0.0031110619853547752   -1.133782045899868e-06       420.20629398153807   1.0328905342173178e-06      0.19616249336182048     0.005499628450790692       29.958807670860335       29.958807670860335
                       72       432.19388355036006      0.19153060795504612         1.00246295793677       0.4471589904797546     0.003111061984703771  -1.1337820449702705e-06         420.206293980204   1.0328908343687146e-06       0.1961624933561738       0.0054996284476701       29.958807683150823       29.958807683150823
                       73         410.700144270018      0.20224789785962036       0.9985730080560495        0.458702154359741     0.003103873836040527  -1.0117609413584248e-06        421.4194844860998    -9.23440771626793e-05      0.20218768055103592      0.00875328200268862        23.24343542540868        23.24343542540868
                       74        410.7001441063768      0.20224789788397646       0.9985730080507024      0.45870215444852097    0.0031038738359272138  -1.0117609408791804e-06        421.4194844948263   -9.234407770785606e-05       0.2021876805973991     0.008753282026687707        23.24343539514141        23.24343539514141
                       75        410.7001442545767        0.202247897854839       0.9985730080461658      0.45870215434879036    0.0031038738363267345  -1.0117609411714419e-06       421.41948448640517   -9.234407698890772e-05      0.20218768055295772     0.008753282007026469         23.2434354164974         23.2434354164974
                       76        410.7001443053639      0.20224789783564176       0.9985730080329082       0.4587021542828666    0.0031038738362406688   -1.011760941977273e-06        421.4194844805757   -9.234407674132798e-05      0.20218768053299216     0.008753282002840064       23.243435410587935       23.243435410587935
                       77       410.70014425737304      0.20224789789921876       0.9985730080719893       0.4587021543135186     0.003103873836141511    -1.01176094150062e-06        421.4194844846657    -9.23440770100514e-05      0.20218768054745806     0.008753282009153394       23.243435415360633       23.243435415360633
                       78        410.7001442835796      0.20224789786444466       0.9985730080845325      0.45870215431326516    0.0031038738357848485   -1.011760941226092e-06        421.4194844850616   -9.234407699260701e-05      0.20218768054287384     0.008753282003847208       23.243435418801628       23.243435418801628
                       79       401.17609190676285      0.20663626491766035       1.0009440820833055       0.4450722358449382    0.0031179806629898655  -1.0144938869783724e-06       421.25352149735613   -3.441945133155454e-05      0.20247574954573977      0.01181554175402585        19.54997830203878        19.54997830203878
                       80         401.176091851745      0.20663626493161824       1.0009440820616338       0.4450722357261909    0.0031179806631411833  -1.0144938867826316e-06        421.2535214966135   -3.441945113072213e-05       0.2024757495443475     0.011815541775525278       19.549978285703293       19.549978285703293
                       81         401.176091874957        0.206636264936585       1.0009440820806887      0.44507223579949345    0.0031179806631832134  -1.0144938869078061e-06        421.2535215008399   -3.441945148940483e-05      0.20247574955058045     0.011815541764122051       19.549978291385024       19.549978291385024
                       82        401.1760918933829      0.20663626493005377       1.0009440820588087      0.44507223573379734     0.003117980662991227  -1.0144938874780249e-06       421.25352150323795   -3.441945226940503e-05       0.2024757495448719     0.011815541764845637        19.54997827354932        19.54997827354932
                       83        401.1760919555395       0.2066362649218708        1.000944082094508       0.4450722357212846    0.0031179806629932387   -1.014493887039643e-06        421.2535214951962  -3.4419451249561965e-05      0.20247574952333464     0.011815541754155624       19.549978292826484       19.549978292826484
                       84        401.1760919055223      0.20663626493344603       1.0009440821073285       0.4450722357466429    0.0031179806629371572   -1.014493887652955e-06        421.2535214968512  -3.4419451212713836e-05      0.20247574953439718     0.011815541757302697        19.54997829574349        19.54997829574349
                       85       404.93037258321783      0.21340805177352937       1.0021063849658867       0.3805875516319328    0.0031509016261620686  -1.0967608629352721e-06       421.42047420845836   -7.283696030710007e-05      0.19592932647514866      0.01586906193574702       15.671239437114519       15.671239437114519
                       86        404.9303725273325      0.21340805177139216       1.0021063849722651      0.38058755158034163     0.003150901626252283  -1.0967608626661145e-06        421.4204742100291    -7.28369604265167e-05       0.1959293264784085      0.01586906193960521        15.67123942993213        15.67123942993213
                       87         404.930372450012      0.21340805177576738       1.0021063849558944      0.38058755148774415     0.003150901626392944  -1.0967608623498235e-06        421.4204742153572   -7.283696025312848e-05      0.19592932648109979     0.015869061942116184       15.671239420005215       15.671239420005215
                       88        404.9303725389698      0.21340805176508507       1.0021063849191862       0.3805875515513542      0.00315090162599704  -1.0967608630643737e-06        421.4204742097923   -7.283696030420742e-05       0.1959293264684696      0.01586906192879326       15.671239427543396       15.671239427543396
                       89       404.93037255966647       0.2134080517780124        1.002106384961599       0.3805875514983792    0.0031509016261650554  -1.0967608629014846e-06        421.4204742092025    -7.28369603564278e-05        0.195929326456672     0.015869061920825555       15.671239426108388       15.671239426108388
                       90       404.93037255929676       0.2134080516727004        1.002106384960993        0.380587550853712    0.0031509016259140994  -1.0967608627841138e-06       421.42047420919465   -7.283696030844014e-05      0.19592932634828641     0.015869061836272062       15.671239375665358       15.671239375665358
                       91        392.3081274325005      0.19946334608287553        0.999222663610737       0.2466419345014892    0.0031177832805667823   -1.055117763746806e-06       421.84575373703814    -8.38831086105666e-05      0.17573832244825469   1.0000000000114084e-07       3990.2124825772344       3990.2124825772344
                       92       398.61925000785914      0.20643569892820246       1.0006645242883119        0.313614743066711    0.0031343424533644255  -1.0759393133410391e-06        421.6331139727483   -7.836003445883376e-05      0.18583382446170169      0.00793458096787351       11.478674287359752       11.478674287359752
                       93         398.619249794969      0.20643569881138485       1.0006645243090444       0.3136147421788524    0.0031343424531374096  -1.0759393132824532e-06        421.6331139785486   -7.836003479603452e-05      0.18583382436283835     0.007934580903747549       11.478674228159242       11.478674228159242
                       94        398.6192497465249       0.2064356989056824       1.0006645243774224      0.31361474268867173     0.003134342453656894  -1.0759393131527826e-06       421.63311398568743   -7.836003478577623e-05      0.18583382448442648     0.007934581010754048       11.478674211581296       11.478674211581296
                       95        398.6192499495375      0.20643569888050173       1.0006645242695962        0.313614742599987      0.00313434245362127  -1.0759393129809315e-06       421.63311397796895   -7.836003433532926e-05      0.18583382440637292     0.007934580941577368       11.478674269742418       11.478674269742418
                       96       380.11454958519016       0.1987557768037984       1.0033620437770994       0.2476991596272185     0.003136234388773704  -1.0593909719003642e-06       422.36723499586367  -0.00010014954545196214      0.17994857620532187     0.005027854078774086        8.955770705696024        8.955770705696024
                       97       380.11454963694797       0.1987557767848604        1.003362043767418       0.2476991598729111    0.0031362343888462784   -1.059390972000437e-06         422.367234991895    -0.000100149545357869       0.1799485762144052    0.0050278540860767195         8.95577069981501         8.95577069981501
                       98       380.11454958158146       0.1987557767908163       1.0033620437985553      0.24769915967206718    0.0031362343889395324   -1.059390971988304e-06        422.3672349959953   -0.0001001495454073624      0.17994857619624582     0.005027854075767573         8.95577070316971         8.95577070316971
                       99       380.11454956880334       0.1987557767883385        1.003362043777895       0.2476991595802037     0.003136234388839053  -1.0593909719574479e-06         422.367234996453  -0.00010014954544483416      0.17994857619028912    0.0050278540771635264        8.955770704618713        8.955770704618713
                      100       380.19309821970074      0.19631720831227262       1.0041436942699746        0.253483552219565     0.003151546662591796  -1.0711982679605296e-06        422.3004126248095   -9.460823171288015e-05      0.17858096540947077     0.004977915235921053        8.762478559100623        8.762478559100623
                      101       380.19309821970074      0.19631720831227262       1.0041436942699746        0.253483552219565     0.003151546662591796  -1.0711982679605296e-06        422.3004126248095   -9.460823171288015e-05      0.17858096540947077     0.004977915235921053        8.762478559100623        8.762478559100623                
 restart
                      102       380.19309821970074      0.19631720831227262       1.0041436942699746        0.253483552219565     0.003151546662591796  -1.0711982679605296e-06        422.3004126248095   -9.460823171288015e-05      0.17858096540947077     0.004977915235921053        8.762478559100623        8.762478559100623
                      103       380.19309821972263       0.1963172083207006       1.0041436942663953      0.25348355222054636    0.0031515465466981306  -1.0860958759837913e-06        422.3004126189529   -9.460853599188991e-05      0.17858096539684176     0.004977915226896804         8.77419961330478         8.77419961330478
                      104        380.1930982197321      0.19631720832075167        1.004143694266348      0.25348355222053737    0.0031515465585159213  -1.0711981162284157e-06        422.3004126190355   -9.460853269904771e-05      0.17858096539681567     0.004977915226745906         8.76247784039768         8.76247784039768
                      105        380.1930982198703      0.19631720832147645       1.0041436942663233      0.25348355222063446     0.003151546616938384  -1.0712210433823848e-06        422.3004126249093   -9.460822464801494e-05       0.1785809653963189     0.004977915224999617        8.762476169065822        8.762476169065822
                      106        380.1930983897312       0.1963172542503644         1.00414367462162      0.25348355748793616    0.0031509828182151606  -1.0712625504129257e-06        422.3003813445512   -9.623881575449024e-05       0.1785808968464801     0.004977865526215064        8.760485151714658        8.760485151714658
                      107       380.19309841552047       0.1963172556206775       1.0041436740790621      0.25348355764720315    0.0031509762964446746  -1.0583274512609758e-06       422.30038138477096   -9.623643577237212e-05      0.17858089489067674     0.004977863896363152        8.770471730279374        8.770471730279374
                      108       380.19309842396933      0.19631725607013056       1.0041436739011387       0.2534835576994588    0.0031509741435357857   -1.071256505370145e-06        422.3003813978656   -9.623565904482314e-05      0.17858089424913381    0.0049778633618856455        8.760481800172458        8.760481800172458
                      109        380.1930984490518      0.19631725759724475       1.0041436733432596       0.2534835578806176     0.003150973017033915   -1.064247908584337e-06        422.3003813295564   -9.624000378604328e-05       0.1785808921187488     0.004977861460150839        8.763413886706617        8.763413886706617
                      110        380.1931021485051       0.1963174540301884        1.004143595524889      0.25348358070957566     0.003150030487579026  -1.0705879939386831e-06       422.30038719750274   -9.589226620829698e-05       0.1785806117014253     0.004977627919070275        8.760300392926288        8.760300392926288
                      111        380.1931021579237      0.19631745413715165       1.0041435953884956        0.253483580823701    0.0031500304862873006   -1.070587993024544e-06        422.3003871974003    -9.58922657494713e-05       0.1785806106709189     0.004977627909114453        8.760300318480999        8.760300318480999
                      112       380.19310209652036       0.1963174540654269       1.0041435962354706       0.2534835807502811     0.003150030483059515  -1.0705879910271876e-06        422.3003871870784   -9.589226523998415e-05      0.17858060741129117     0.004977627992626835        8.760300120954295        8.760300120954295
                      113         380.193101565978       0.1963174537018825       1.0041435945813906      0.25348358017087635    0.0031500304655419946  -1.0705879808288677e-06        422.3003871113399   -9.589226322380986e-05      0.17858058431730822     0.004977628523074832        8.760298665606154        8.760298665606154
                      114        380.1931014644645      0.19631745395315267       1.0041435953613327      0.25348358174946517     0.003150030482675622  -1.0705879922972224e-06        422.3003871796393   -9.589226253532045e-05      0.17858060336988119     0.004977628136261441        8.760299868310348        8.760299868310348
                      115       380.19306955295986        0.196317454609657        1.004143590162015       0.2534836217109623    0.0031500302304220246   -1.070587897637141e-06        422.3003862187498   -9.589210121477748e-05      0.17858025039541886     0.004977637236717472        8.760277503698862        8.760277503698862
                      116         366.852407539352       0.1947724519016801       1.0011323858505417      0.27298738968200914    0.0030390755614558766  -1.0284291476400119e-06       421.90179833611586   -2.332331729450826e-05   1.0000000000287557e-07     0.009507769694897455         566.623049541817         566.623049541817
                      117       373.52275484392857      0.19554495296593427       1.0026379906877154       0.2632354851957924    0.0030945530245174513  -1.0495085707893475e-06        422.1010927668093   -5.960779175140263e-05      0.08929035585071265     0.007242698806983866       4.1788351560832595       4.1788351560832595
                      118       373.52275484384154      0.19554495296481675       1.0026379906881675       0.2632354851955303    0.0030945529550462374  -1.0655745348231036e-06        422.1010927646819   -5.960784790502572e-05       0.0892903558509004    0.0072426988115748495        4.134706471051147        4.134706471051147
                      119        373.5227548438518      0.19554495296487112       1.0026379906881195       0.2632354851955208     0.003094552968178614  -1.0495085126700302e-06       422.10109276477556  -5.9607844150795286e-05      0.08929035585086696     0.007242698811441678       4.1788337811488185       4.1788337811488185
                      120       373.52275484386075      0.19554495296472563       1.0026379906883391       0.2632354851954608    0.0030945529776326914  -1.0495316638754537e-06        422.1010927656449  -5.9607781288938615e-05      0.08929035585082594     0.007242698812477319        4.178748729290711        4.178748729290711
                      121        373.5227362289102      0.19554469510120842       1.0026380887334578       0.2632354193206974     0.003080888029756008  -1.0663407395692099e-06        422.1005994904899   -7.231684769442634e-05      0.08929039327664318      0.00724378006205159        3.955391459172967        3.955391459172967
                      122        373.5227362255424       0.1955446950321911       1.0026380887734425      0.26323541930114025    0.0030808858339467114  -1.0506141088640755e-06        422.1005994538666   -7.231442079204701e-05      0.08929039328146951     0.007243780387155336        3.969756608829937        3.969756608829937
                      123       373.52273622538434       0.1955446950291109        1.002638088775243      0.26323541930029287    0.0030808857241715493  -1.0663394341864472e-06       422.10059945216614   -7.231431829285431e-05      0.08929039328171506     0.007243780401537154       3.9553600384990717       3.9553600384990717
                      124       373.52273622170327      0.19554469499232846       1.0026380888036779       0.2632354192897395     0.003080885031445523  -1.0649306020172073e-06        422.1005993595951   -7.231679884674174e-05      0.08929039328370426     0.007243780583245197        3.955431752968076        3.955431752968076
                      125       373.52272336437176      0.19554443204953037        1.002638241189524       0.2632353448736781    0.0030724760196701043  -1.0610922746478494e-06        422.1004596584306   -6.308848904333441e-05      0.08929041178166483     0.007245018694036204        3.898095043866864        3.898095043866864
                      126        373.5227233595335      0.19554443198845894       1.0026382412333756       0.2632353448552217    0.0030724760195722034  -1.0610922748198318e-06        422.1004596560038   -6.308848940836627e-05      0.08929041178556124     0.007245018898244415        3.898094851343631        3.898094851343631
                      127        373.5227233609643       0.1955444320749923        1.002638241194527      0.26323534486938804    0.0030724760197774897  -1.0610922745080508e-06        422.1004596572514   -6.308848889588974e-05      0.08929041176095175     0.007245018701104017       3.8980950396286462       3.8980950396286462
                      128        373.5227233568886       0.1955444320684935       1.0026382411696244        0.263235344866619    0.0030724760193027193  -1.0610922745346432e-06        422.1004596558331   -6.308848881015066e-05      0.08929041174012312     0.007245018696705909       3.8980950389694513       3.8980950389694513
                      129        372.8400944982041      0.19857312537723673        1.002360961942425      0.26243712360892407    0.0030652883248794907  -1.0434190688888893e-06       421.86097832087376  -3.9919933961250164e-05        0.085450056195513     0.008814368359153842       3.1134679307160296       3.1134679307160296
                      130       372.84009449813334      0.19857312537576502       1.0023609619436362       0.2624371236088169     0.003065288334774842   -1.059538773018037e-06        421.8609783215972   -3.991991020209832e-05      0.08545005619468447     0.008814368362886477        3.112679579649682        3.112679579649682
                      131       372.84009449814357      0.19857312537581978       1.0023609619435898       0.2624371236088075    0.0030652883481521237   -1.043419094405171e-06          421.86097832169  -3.9919906490136584e-05      0.08545005619465129     0.008814368362781815       3.1134678458332385       3.1134678458332385
                      132        372.8400944981125        0.198573125375387       1.0023609619438394       0.2624371236087652     0.003065288341593737  -1.0434104634788165e-06       421.86097832115877  -3.9919937361988026e-05        0.085450056194485     0.008814368363835525       3.1134769045099344       3.1134769045099344
                      133        372.8400908102225       0.1985730390807105        1.002361032879894       0.2624371165101436    0.0030667056679344286  -1.0534055343041915e-06        421.8610280302235  -3.8246941280480304e-05      0.08545000371442932     0.008814589314674277       3.1064727222716875       3.1064727222716875
                      134        372.8400907862435      0.19857303861113554        1.002361033232826       0.2624371164694464     0.003066709109347679   -1.068794350993171e-06        421.8610280579987  -3.8250044532426745e-05      0.08545000345907462     0.008814590500002939       3.1210365384547267       3.1210365384547267
                      135       372.84009078391506      0.19857303856538563       1.0023610332672066       0.2624371164654665    0.0030667094591267058  -1.0534078743599519e-06        421.8610280608059   -3.825034334261979e-05       0.0854500034341295     0.008814590615522856       3.1064674529602074       3.1064674529602074
                      136        372.8400907671379      0.19857303817834548        1.002361033542032      0.26243711643061957     0.003066710866128154  -1.0508172805704646e-06       421.86102818958204   -3.824689891454766e-05       0.0854500032308063     0.008814591589424875       3.1068911720557884       3.1068911720557884
                      137        372.8400825044413      0.19857287638180196       1.0023611551625708      0.26243710240464313      0.00306790261956549   -1.054159218844795e-06       421.86103768628044   -3.932101248632927e-05       0.0854499152179193     0.008815000019934632        3.105639448962946        3.105639448962946
                      138        372.8400824905609      0.19857287614505442       1.0023611554236227       0.2624371023633794    0.0030679026201725816  -1.0541592192071796e-06       421.86103768655136  -3.9321012992420316e-05      0.08544991501607661     0.008815000194823706       3.1056393760846244       3.1056393760846244
                      139       372.84008249123474      0.19857287636958668       1.0023611551874785      0.26243710242508056     0.003067902619803885  -1.0541592188330354e-06        421.8610376871537   -3.932101245202686e-05      0.08544991484561372     0.008815000044359502        3.105639426934563        3.105639426934563
                      140       372.84008238582027      0.19857287627819586        1.002361154451056       0.2624371024686117     0.003067902619367504  -1.0541592189223997e-06       421.86103768540556  -3.9321012446773706e-05      0.08544991374538256       0.0088150001421182       3.1056393651473617       3.1056393651473617
                      141         372.840082323433       0.1985728763741929       1.0023611551919454       0.2624371025230854    0.0030679026174694458  -1.0541592185318635e-06        421.8610376811521   -3.932101174608847e-05      0.08544991389331598     0.008815000090698407       3.1056393764715207       3.1056393764715207
                      142        372.8400824055268      0.19857287647216276        1.002361155145766      0.26243710237163376     0.003067902619485899  -1.0541592185136608e-06        421.8610376842318   -3.932101199882099e-05      0.08544991494131518     0.008815000065817957        3.105639430506054        3.105639430506054
                      143        360.9768870594695      0.19994244829896576       1.0013331599194324       0.2673829628511057    0.0029852784120993833  -1.0306314185037834e-06        421.6070232555056    8.497359750094254e-06   1.0000000000287557e-07     0.014945719705277465        318.1739228921276        318.1739228921276
                      144        366.9084847819554      0.19925766234038386       1.0018471575410015       0.2649100326278744    0.0030265905158324367  -1.0423953186742892e-06       421.73403047089306   -1.541182636811751e-05      0.04272500760895967     0.011880359862606047       1.6917786942867448       1.6917786942867448
                      145       369.87428364319834       0.1989152693610929       1.0021041563517863      0.26367356751625876    0.0030472465676989633   -1.048277268759542e-06       421.79753407858675   -2.736641942722339e-05      0.06408746141343946     0.010347679941270341        2.010568936488048        2.010568936488048
                      146        368.3913842125769       0.1990864658507384        1.001975656946394       0.2642918000720666       0.0030369185417657  -1.0453362937169156e-06        421.7657822747399  -2.1389122897670442e-05      0.05340623451119955     0.011114019901938194       1.6710786927196222       1.6710786927196222
                      147       367.64993449726614      0.19917206409556112       1.0019114072436979       0.2646009163499705    0.0030317545287990686  -1.0438658061956023e-06       421.74990637281644   -1.840047463289397e-05      0.04806562106007961     0.011497189882272121         1.61735644943291         1.61735644943291
                      148       367.64993449706355      0.19917206409092955       1.0019114072452577      0.26460091634940636    0.0030317544407939706  -1.0604964848849148e-06       421.74990637051576    -1.84005118703913e-05      0.04806562106129314     0.011497189891488895       1.6156591895569952       1.6156591895569952
                      149        367.6499344970742      0.19917206409098878       1.0019114072452113      0.26460091634939714    0.0030317544548910088  -1.0438657360974044e-06        421.7499063706119  -1.8400508038869464e-05      0.04806562106124376     0.011497189891393617       1.6173559924069227       1.6173559924069227
                      150        367.6499344969461      0.19917206408741275       1.0019114072466904       0.2646009163489642     0.003031754442372812  -1.0439163866937829e-06        421.7499063704104  -1.8400452100903467e-05      0.04806562106202905     0.011497189898658586       1.6172984950291798       1.6172984950291798
                      151        367.6499143588406      0.19917158441517588       1.0019115660378266       0.2646008561974078    0.0030240009618988516  -1.0457028544696941e-06        421.7496750931199  -2.1904959878225324e-05      0.04806574319143311      0.01149814680891708       1.5882112340624899       1.5882112340624899
                      152       367.64991433916697       0.1991715838789937       1.0019115662533253      0.26460085613215334    0.0030239981606191074   -1.030757207508095e-06        421.7496750303599   -2.189832607163386e-05      0.04806574331183011      0.01149814789548352       1.6020404405566424       1.6020404405566424
                      153       367.64991433446545      0.19917158375111557       1.0019115663047466      0.26460085611660855    0.0030239974772017356  -1.0457018386269555e-06       421.74967501529096  -2.1896749079768952e-05      0.04806574334058436     0.011498148154599225       1.5881761233521163       1.5881761233521163
                      154       367.64991433097947       0.1991715837503298       1.0019115663097384       0.2646008561170645    0.0030239975746584524   -1.044312199335815e-06        421.7496748674666  -2.1904737475414367e-05      0.04806574334277658     0.011498148154688383       1.5883140205792283       1.5883140205792283
                      155         367.649904250847      0.19917130904236677       1.0019116767245182      0.26460082269155133    0.0030225559291804137  -1.0451635436901876e-06        421.7496428148427  -1.8500328025929704e-05      0.04806580504158037     0.011498704836906194        1.580922795227557        1.580922795227557
                      156        367.6499042324666       0.1991713086045713       1.0019116769311207       0.2646008226272196     0.003022555928997672  -1.0451635436729848e-06       421.74964281407324  -1.8500327925229142e-05      0.04806580514531761     0.011498705446072417       1.5809223441317177       1.5809223441317177
                      157        367.6499042370897      0.19917130902349428       1.0019116767392193        0.264600822700095      0.00302255592971372  -1.0451635436213992e-06        421.7496428147695  -1.8500327983002983e-05      0.04806580497536858     0.011498704845573554       1.5809227889481694       1.5809227889481694
                      158        367.1566604240885      0.19784406184777098       1.0027335829955135      0.26478769527597584    0.0030402649308989903  -1.0428150539954946e-06       421.74596124589715   -1.689290950048286e-05      0.04599498122538989      0.01275180343358619       1.0880532228517885       1.0880532228517885
                      159        367.1566604239145      0.19784406184752876        1.002733582994376      0.26478769527595536     0.003040264882860876  -1.0594773939914241e-06       421.74596124443383   -1.689292738862885e-05     0.045994981225209314     0.012751803434668823       1.0861362176646097       1.0861362176646097
                      160       367.15666042392513      0.19784406184758715       1.0027335829943296        0.264787695275946    0.0030402648969032626   -1.042815022258897e-06       421.74596124452955   -1.689292358101298e-05      0.04599498122515985     0.012751803434586009       1.0880531283346613       1.0880531283346613
                      161       367.15666042379326        0.197844061847605       1.0027335829933277       0.2647876952759495    0.0030402648901636333  -1.0428392402255384e-06       421.74596124404565   -1.689289873650274e-05      0.04599498122484216     0.012751803435214702       1.0880251017245857       1.0880251017245857
                      162        367.1566424686224       0.1978440416411982        1.002733452857858       0.2647876919956852    0.0030365281719342985  -1.0485989296230544e-06        421.7458109183217   -1.844058647056686e-05      0.04599495593826408     0.012751913332299693       1.0774945532902753       1.0774945532902753
                      163        367.1566424201907      0.19784404164189032       1.0027334524916192       0.2647876919959828     0.003036524990025489  -1.0342520822771056e-06        421.7458107186569  -1.8432749513731708e-05     0.045994955826280076     0.012751913569458657        1.090350288199173        1.090350288199173
                      164       367.15664240327544      0.19784404164206446       1.0027334523638536       0.2647876919960976     0.003036523863251466   -1.048597792824612e-06        421.7458106488596  -1.8430018898043027e-05      0.04599495578725418     0.012751913652323896       1.0774742917344131       1.0774742917344131
                      165        367.1566424064089        0.197844041641279        1.002733452422905       0.2647876919965806    0.0030365243981945234   -1.047126524570782e-06       421.74581050868875  -1.8440335134656442e-05      0.04599495580633012     0.012751913617176473       1.0776226640854198       1.0776226640854198
                      166        367.1566329762393      0.19784404176702272       1.0027333810985972       0.2647876920555938    0.0030359022912175766  -1.0483848663061405e-06       421.74577177421173   -1.690563858249629e-05     0.045994934002518195      0.01275195981917647       1.0760179085197015       1.0760179085197015
                      167        367.1566329446467       0.1978440417669724        1.002733380789862       0.2647876920564205     0.003035902291119096   -1.048384866293956e-06       421.74577177367996  -1.6905638497978354e-05      0.04599493392813428     0.012751959906871871       1.0760178944950967       1.0760178944950967
                      168        367.1566329131953      0.19784404190807345       1.0027333808532948        0.264787692107641     0.003035902291189516  -1.0483848662720707e-06        421.7457717733116  -1.6905638391873396e-05       0.0459949337843471     0.012751959844817692       1.0760178939043472       1.0760178939043472
                      169       367.15663281841023       0.1978440419712627       1.0027333811214616      0.26478769218629356       0.0030359022910456  -1.0483848662212248e-06       421.74577177196124  -1.6905637995435414e-05     0.045994933505956515     0.012751959990287508       1.0760178794564936       1.0760178794564936
                      170        367.1566327840826      0.19784404170696301       1.0027333810621057       0.2647876922921246    0.0030359022906928457  -1.0483848662071795e-06        421.7457717715615   -1.690563786192455e-05      0.04599493340336816     0.012751959889701528       1.0760178786160597       1.0760178786160597
                      171       367.15663295382825      0.19784404177483333       1.0027333811089045       0.2647876920181207      0.00303590229085126  -1.0483848661707607e-06        421.7457717743447  -1.6905638537953173e-05      0.04599493397414142     0.012751959818992091       1.0760179063930617       1.0760179063930617
                      172        354.6523160344414      0.20007206570941496       0.9999829892531005       0.2756661116083816      0.00299268975249609   -1.036018802136095e-06       421.59240273287986   2.7713374237740173e-05      0.00888821365284917      0.01934547395438676       5.4701338202211405       5.4701338202211405
                      173        360.9044745053403      0.19895805373821884       1.0013581851758488       0.2702269018319877    0.0030142960218568333  -1.0422018342211178e-06        421.6690872535458   5.4038678276219275e-06      0.02744157382768367     0.016048716886781614       0.4832526334232154       0.4832526334232154
                      174        360.9044745049974      0.19895805373281694       1.0013581851757722       0.2702269018310298      0.00301429586782812  -1.0252307217472028e-06        421.6690872500776    5.403771699630456e-06     0.027441573831234967     0.016048716896151567       0.4928268701788496       0.4928268701788496
                      175        360.9044745049865      0.19895805373275605       1.0013581851758186       0.2702269018310391    0.0030142958534413507  -1.0422016698527898e-06       421.66908724998046    5.403767859910803e-06     0.027441573831304716     0.016048716896225505      0.48325146633108984      0.48325146633108984
                      176        360.9044745048504      0.19895805373003853       1.0013581851761242       0.2702269018305549     0.003014295851258633  -1.0421005469193363e-06        421.6690872517323    5.403906932459907e-06      0.02744157383297144     0.016048716901284878       0.4832003042545662       0.4832003042545662
                      177        360.9044605876516       0.1989578388499558       1.0013581839866261       0.2702268645155165    0.0030076711623456594  -1.0316199910788139e-06        421.6689470063297   1.4715778289365271e-06     0.027441716268046812     0.016049088378466907       0.4592687703515267       0.4592687703515267
                      178        360.9044605688652      0.19895783851574836        1.001358184007983       0.2702268644566176     0.003007666743835871  -1.0461850484617522e-06        421.6689470421668    1.479063627701717e-06     0.027441716479918526     0.016049088982252054       0.4727147303927212       0.4727147303927212
                      179       360.90446056216274      0.19895783839635986       1.0013581840155632      0.27022686443555394      0.00300766518135669   -1.031617149233156e-06        421.6689470550869    1.481743700846181e-06     0.027441716555569207     0.016049089197983857       0.4592253684429063       0.4592253684429063
                      180        360.9044605586298      0.19895783841222064       1.0013581840228585      0.27022686443902966    0.0030076660210710177  -1.0338578835862715e-06       421.66894687542896   1.4717484730316272e-06      0.02744171654884564     0.016049089169825923       0.4595658558464128       0.4595658558464128
                      181       360.90445221988296      0.19895768993960739        1.001358193486454      0.27022683826473626     0.003005707682340863   -1.030788200884673e-06        421.6689630099082    4.808762451543889e-06     0.027441810658397292      0.01604935741648745      0.45213426847398264      0.45213426847398264
                      182        360.9044522023729      0.19895768969231215        1.001358193513305       0.2702268382076741    0.0030057076823105746    -1.03078820093042e-06       421.66896300945825    4.808762253610843e-06     0.027441810806920125     0.016049357764374637       0.4521341454152155       0.4521341454152155
                      183       360.90445220653214      0.19895768997050778         1.00135819341914       0.2702268382586969     0.003005707682591692  -1.0307882008427458e-06       421.66896301003715    4.808762475359582e-06      0.02744181065486556      0.01604935743890417      0.45213426579522437      0.45213426579522437
                      184        360.6398855431244       0.1990596486596705       1.0002284326196538      0.27002001983261403    0.0030100411832165207  -1.0301359818389688e-06       421.67042057336056   4.8743350163681434e-06     0.027643405310795788     0.017058332997100745      0.31336265698641225      0.31336265698641225
                      185        360.6398855271364      0.19905964866197698        1.000228432634829       0.2700200198405832    0.0030100411833375368  -1.0301359818321142e-06        421.6704205734255    4.874335028810895e-06     0.027643405308663882     0.017058333002430613       0.3133626555619204       0.3133626555619204
                      186       360.63988552222156      0.19905964866491624       1.0002284326099535      0.27002001984087387     0.003010041183212089   -1.030135981842113e-06        421.6704205737059    4.874335058516476e-06     0.027643405301720686     0.017058333002664863       0.3133626558830535       0.3133626558830535
                      187         360.639885526276       0.1990596486584957       1.0002284326291468       0.2700200198325941    0.0030100411830774406  -1.0301359817710673e-06        421.6704205738833    4.874335023371317e-06     0.027643405293328788     0.017058332998689328      0.31336265602427354      0.31336265602427354
                      188       360.63988551237196      0.19905964866059245       1.0002284326171944         0.27002001982395    0.0030100411831902236  -1.0301359815601436e-06        421.6704205745886   4.8743349959986545e-06     0.027643405261514986      0.01705833300791855       0.3133626551494321       0.3133626551494321
                      189       360.63988551941225      0.19905964865936793       1.0002284326105022       0.2700200198241853     0.003010041183153642  -1.0301359816907057e-06       421.67042057383185    4.874334914926732e-06     0.027643405279641153      0.01705833300512999      0.31336265587012807      0.31336265587012807
                      190        350.3894284554125      0.20006918124487977       1.0001116797777974      0.27100231151979526      0.00299677580224689   -9.942807989146492e-07        421.9118245633066    7.704117675349316e-06     0.018666312738434054     0.019804140547895276      0.06681310275105333      0.06681310275105333
                      191        355.5146569992685      0.19956441495227512       1.0001700561987257      0.27051116567620465     0.003003408492731705  -1.0122083903768091e-06        421.7911225683336     6.28922634585873e-06      0.02315485902461492     0.018431236772498007      0.09189131043349272      0.09189131043349272
                      192        352.9520427273405      0.19981679809857744       1.0001408679882615           0.270756738598     0.003000092147489298  -1.0032445946457292e-06       421.85147356582013    6.996672010604036e-06     0.020910585881524474      0.01911768866019664      0.04936851061329265      0.04936851061329265
                      193       352.95204272728205      0.19981679809714897       1.0001408679889041        0.270756738597777     0.003000092115301761  -1.0204254469263258e-06        421.8514735659524     6.99665930170466e-06      0.02091058588263245      0.01911768866227664     0.055874129399725456     0.055874129399725456
                      194        352.9520427272929      0.19981679809720837        1.000140867988858      0.27075673859776744    0.0030000921297196215   -1.003244577871516e-06       421.85147356604733   6.9966630297316754e-06     0.020910585882552346      0.01911768866221579      0.04936849327936193      0.04936849327936193
                      195       352.95203981370315      0.19981671426569825       1.0001409045110068       0.2707567243606114    0.0029990040401385747  -1.0079038124158076e-06       421.85148748147776   6.4467389540782244e-06     0.020910648822977662     0.019117812299974193      0.04672119989467183      0.04672119989467183
                      196        352.9520397902395      0.19981671348083122       1.0001409049019203      0.27075672422681774    0.0029990006407534923   -1.023091933406364e-06        421.8514878744637   6.4538151596327205e-06     0.020910649399881243     0.019117813477136508     0.061782831499811425     0.061782831499811425
                      197         352.952039783696      0.19981671326160566         1.00014090501109      0.27075672418942487    0.0029989997073173237  -1.0079021153168294e-06        421.8514879843703    6.455796387651265e-06     0.020910649560978295      0.01911781380596831     0.046715458700320865     0.046715458700320865
                      198       352.95203977977894      0.19981671326187947       1.0001409050178245      0.27075672419009666    0.0029990000408305208   -1.009692995806961e-06        421.8514878207382   6.4469126291713844e-06     0.020910649564846867     0.019117813804934138     0.046927856129878875     0.046927856129878875
                      199        352.9520381641942      0.19981665907061133       1.0001409320006651       0.2707567149504694    0.0029987658654509917  -1.0078263883482622e-06       421.85151512504353    6.944600200534272e-06      0.02091068939096946      0.01911789508464347      0.04656195516999164      0.04656195516999164
                      200       352.95203815485434       0.1998166587939107       1.0001409322651185      0.27075671482353625     0.002998765865456774  -1.0078263883564934e-06        421.8515151251567    6.944600145590579e-06     0.020910689520197506     0.019117895397797673      0.04656191243656266      0.04656191243656266
                      201        352.9451482323451      0.19961253986724523       1.0003360165142616      0.27066307767516573     0.002998770130843646  -1.0078324604769337e-06       421.85159860388063    6.904068806899076e-06      0.02100601958950324     0.019348905704678183     0.030694088651195158     0.030694088651195158
                      202        352.9451482323451      0.19961253986724523       1.0003360165142616      0.27066307767516573     0.002998770130843646  -1.0078324604769337e-06       421.85159860388063    6.904068806899076e-06      0.02100601958950324     0.019348905704678183     0.030694088651195158     0.030694088651195158                
 restart
                      203        352.9451482323451      0.19961253986724523       1.0003360165142616      0.27066307767516573     0.002998770130843646  -1.0078324604769337e-06       421.85159860388063    6.904068806899076e-06      0.02100601958950324     0.019348905704678183     0.030694088651195158     0.030694088651195158
                      204        352.9451482322875       0.1996125398676671       1.0003360165139787       0.2706630776750766     0.002998770220639449   -9.929316069042337e-07       421.85159860657336    6.904108294513213e-06      0.02100601958946388     0.019348905705081094     0.041801608753784546     0.041801608753784546
                      205        352.9451482322795      0.19961253986761596       1.0003360165140187      0.27066307767508513     0.002998770208205932   -1.007832532597545e-06       421.85159860649134    6.904105065031983e-06     0.021006019589515253     0.019348905705133618     0.030693976683588642     0.030693976683588642
                      206       352.94514823219754       0.1996125398674708         1.00033601651367        0.270663077674959    0.0029987702098373055  -1.0078799724681033e-06          421.85159860664    6.904045240427086e-06      0.02100601958981934     0.019348905705936125     0.030704997529133766     0.030704997529133766
                      207       352.94514678272213      0.19961254805650505       1.0003360111483377       0.2706630758948626     0.003000479074914358  -1.0076896879023815e-06         421.851656274887    7.704999290467124e-06     0.021006019855006896      0.01934891576547541     0.029258429555179304     0.029258429555179304
                      208       352.94514676368726      0.19961254804863024        1.000336011069205       0.2706630758666175    0.0030004835045380415    -9.97045383165708e-07        421.8516564416273     7.69556279099678e-06      0.02100601991335782      0.01934891594200806     0.036642161350262395     0.036642161350262395
                      209       352.94514674541864      0.19961254804100537       1.0003360109933606        0.270663075839538    0.0030004877358217816  -1.0076930288441886e-06        421.8516566014453    7.686507384093338e-06     0.021006019969397317     0.019348916111403797     0.029241452719972312     0.029241452719972312
                      210        352.9451467639092      0.19961254804546463       1.0003360110446986      0.27066307585958455     0.003000484021690599  -1.0092637713516855e-06        421.8516566854509    7.704915635656217e-06     0.021006019922724915      0.01934891598248688     0.029419037582086787     0.029419037582086787
                      211       352.94514530017614      0.19961254744048532       1.0003360049889574       0.2706630736960656      0.00300082328704706  -1.0078186142350547e-06        421.8516692546466    6.970132142773598e-06      0.02100602440126127      0.01934892951388596     0.028916790278957067     0.028916790278957067
                      212        352.9451452946005      0.19961254743711723       1.0003360049316254      0.27066307366816533     0.003000823287085296  -1.0078186142392875e-06       421.85166925483776    6.970132120158693e-06      0.02100602441696748     0.019348929563358163      0.02891678928363804      0.02891678928363804
                      213        352.9451452923891      0.19961254748657098        1.000336004946171       0.2706630736795939    0.0030008232871270636  -1.0078186142368385e-06       421.85166925497145    6.970132126071321e-06       0.0210060244019977     0.019348929533877342     0.028916789769138636     0.028916789769138636
                      214        352.9451452816033      0.19961254751310464       1.0003360050681576      0.27066307367539716     0.003000823287209956  -1.0078186142372614e-06        421.8516692554031    6.970132133349126e-06     0.021006024402646362     0.019348929559579318     0.028916789425946998     0.028916789425946998
                      215        352.9451452907053      0.19961254743902956       1.0003360049855996       0.2706630737078433    0.0030008232871031803  -1.0078186142397627e-06       421.85166925500937    6.970132133739784e-06      0.02100602439663177      0.01934892951701493      0.02891679009730984      0.02891679009730984
                      216        352.9451452812762      0.19961254744339088       1.0003360049887902      0.27066307369950626     0.003000823286998492  -1.0078186142484044e-06        421.8516692552816    6.970132131957081e-06     0.021006024400053416     0.019348929515329055     0.028916789999798492     0.028916789999798492
                      217       351.11973669085666      0.20004351868560413       0.9999720351040139       0.2715899245304512    0.0030034282244658754  -1.0089107877607248e-06       421.91708333563963    5.562114076088513e-06     0.020612574372613303     0.019944280480785174     0.011511212121291301     0.011511212121291301
                      218       351.11973669087814      0.20004351868565767       0.9999720351039452       0.2715899245303915    0.0030034282204321736    -9.93931036966618e-07       421.91708333651286     5.56210983581938e-06     0.020612574372444438     0.019944280480725107     0.016614911200020222     0.016614911200020222
                      219          351.11973669087       0.2000435186856066       0.9999720351039854      0.27158992453040015    0.0030034282079909325  -1.0089107725804066e-06       421.91708333643084     5.56210661571909e-06     0.020612574372496296      0.01994428048077585      0.01151119803626762      0.01151119803626762
                      220        351.1197375492645       0.2000435188432218       0.9999720332680677      0.27158992124708625     0.003002369043444591  -1.0030408735663323e-06        421.9171342042969     5.08248300345317e-06     0.020612566850244873     0.019944279881440416      0.00948955232486926      0.00948955232486926
                      221        351.1197375675265      0.20004351892508132       0.9999720332768701      0.27158992121512116    0.0030023649325150413  -1.0135438002297638e-06       421.91713522935385    5.092041519310236e-06     0.020612566689438148      0.01994427978379038     0.016721318879296013     0.016721318879296013
                      222       351.11973758641415      0.20004351900976727       0.9999720332859116      0.27158992118206876     0.003002360701156864  -1.0030380192343928e-06         421.917136288998   5.1019258965227355e-06      0.02061256652314916     0.019944279682783277      0.00947857028973841      0.00947857028973841
                      223        351.1197375671393      0.20004351894333416       0.9999720332861715      0.27158992120892755    0.0030023642775588687  -1.0044967621555877e-06         421.917135239204    5.082459070282939e-06     0.020612566658051428      0.01994427976058619     0.009627385549825427     0.009627385549825427
                      224       351.11973840090775      0.20004352266130931       0.9999720336771742       0.2715899197565519    0.0030021777959314943  -1.0029896665825666e-06        421.9171819955298    5.528164095729845e-06      0.02061255935153058     0.019944275327180065     0.009360872509586496     0.009360872509586496
                      225        351.1197384045339        0.200043522681725       0.9999720336860896       0.2715899197277134    0.0030021777959338115  -1.0029896665872015e-06        421.9171819957663    5.528164053780958e-06     0.020612559322769237     0.019944275307988996     0.009360872051434193     0.009360872051434193
                      226        351.1197384069683      0.20004352265320005       0.9999720337024117       0.2715899196785931    0.0030021777959104196  -1.0029896665932542e-06        421.9171819959567    5.528164019927289e-06     0.020612559314971874     0.019944275333815285     0.009360872081412504     0.009360872081412504
                      227        351.1197384150556       0.2000435226361246       0.9999720335249491       0.2715899195401477      0.00300217779584405   -1.002989666622613e-06        421.9171819967287    5.528163859763032e-06     0.020612559258617734     0.019944275342336115     0.009360871422266735     0.009360871422266735
                      228        351.1197383988896      0.20004352265837488       0.9999720336789353       0.2715899197475104    0.0030021777958800675  -1.0029896665954976e-06        421.9171819956916   5.5281640838324954e-06      0.02061255935054297     0.019944275323832736      0.00936087245092246      0.00936087245092246
                      229       351.11973839749794       0.2000435226694865       0.9999720336784137      0.27158991974464464    0.0030021777959124718  -1.0029896665907733e-06        421.9171819957809    5.528164079598419e-06     0.020612559353563036     0.019944275330138827     0.009360872462298222     0.009360872462298222
                      230       351.05566618354027      0.20002339760228569        1.000113797508404      0.27000987438284446    0.0029996164978962794  -1.0037799085575402e-06       421.93376871484685   3.7353500682028953e-06      0.02012939679948783     0.019929371928296344    0.0048984095545490085    0.0048984095545490085
                      231       351.05566618350986      0.20002339760206805        1.000113797508256      0.27000987438295454    0.0029996165486351842    -9.88797224780485e-07         421.933768717192    3.735368190593392e-06     0.020129396799406268       0.0199293719281381     0.017693484738103844     0.017693484738103844
                      232        351.0556661835018      0.20002339760201698        1.000113797508296       0.2700098743829632     0.002999616536191614    -1.00377994344717e-06        421.9337687171099    3.735364968573086e-06     0.020129396799458913     0.019929371928189017     0.004898394862071723     0.004898394862071723
                      233        351.0556661834527      0.20002339760157084       1.0001137975081094       0.2700098743830273    0.0029996165398740184   -1.003806150358877e-06        421.9337687181991   3.7353370378186205e-06      0.02012939679959365     0.019929371928344375     0.004901819400611413     0.004901819400611413
                      234         351.055665660204      0.20002339394661828       1.0001137960391295       0.2700098759987634    0.0030001375397618966  -1.0032755774427774e-06        421.9337995060508    3.938078611279277e-06     0.020129396406057515     0.019929370468007135    0.0047354294727162405    0.0047354294727162405
                      235        351.0556656323315      0.20002339369974112       1.0001137959361452       0.2700098760403955     0.003000142367016409   -9.978318361794633e-07       421.93380023312744    3.925091298009196e-06     0.020129396472090718     0.019929370538510738     0.006677009842280625     0.006677009842280625
                      236       351.05566544916195        0.200023392077393        1.000113795259556       0.2700098763139799     0.003000174052154283  -1.0032870427181395e-06        421.9338050104735    3.839744928361497e-06     0.020129396906133662      0.01992937100192423     0.004716434072103347     0.004716434072103347
                      237        351.0556656332378       0.2000233936592147         1.00011379591014       0.2700098760466627    0.0030001431060005545  -1.0041345115592323e-06        421.9338006344333    3.937941523706306e-06      0.02012939647703172     0.019929370550726827     0.004782862243114254     0.004782862243114254
                      238       351.05566522316815      0.20002339007545378       1.0001137944245797      0.27000987665157317    0.0030002131566313765   -1.003299017067026e-06        421.9338109073626   3.7345175316198568e-06     0.020129397441680213     0.019929371573752817     0.004709504834494578     0.004709504834494578
                      239       351.05566522069256      0.20002339004841987       1.0001137943906984       0.2700098766847099     0.003000213156639664   -1.003299017067425e-06       421.93381090746755    3.734517528252852e-06     0.020129397446010413       0.0199293715796219      0.00470950469716075      0.00470950469716075
                      240        351.0556652188782      0.20002339005451805       1.0001137944212601       0.2700098767345869     0.003000213156657215  -1.0032990170667504e-06        421.9338109075697    3.734517527037891e-06      0.02012939744133234     0.019929371563462545     0.004709504714468329     0.004709504714468329
                      241       351.05566522002414      0.20002339007294975       1.0001137944474259       0.2700098766668163     0.003000213156650311  -1.0032990170654544e-06       421.93381090753456   3.7345175283096766e-06      0.02012939744410163     0.019929371576930522    0.0047095047984351875    0.0047095047984351875
                      242       351.03221102227866      0.19991250734070543       1.0000993459394505        0.270361223920977    0.0030003456552310866   -1.003295755289487e-06       421.93496062605305   3.7085974708405386e-06      0.02013836068412081      0.01990824019424462     0.004383010694768307     0.004383010694768307
                      243        351.0322110221839      0.19991250734146923       1.0000993459381933       0.2703612239209069     0.003000345701409528    -9.88312502366462e-07        421.9349606328025   3.7086149036909416e-06       0.0201383606840891      0.01990824019409236     0.018506522792706544     0.018506522792706544
                      244        351.0322110221758      0.19991250734141824       1.0000993459382335       0.2703612239209156     0.003000345688974481  -1.0032957863901846e-06        421.9349606327205     3.70861168138701e-06      0.02013836068414173     0.019908240194143303    0.0043830064747719145    0.0043830064747719145
                      245       351.03221102205015      0.19991250734195176        1.000099345936864      0.27036122392081546     0.003000345696249779  -1.0033209280377746e-06       421.93496063884965   3.7085839131566638e-06      0.02013836068432236     0.019908240194279284     0.004384051910781576     0.004384051910781576
                      246       351.03221054749116       0.1999125106304269       1.0000993403227525      0.27036122363752507     0.003000501383070197  -1.0031359375857582e-06       421.93499139690283   3.7741783286144982e-06     0.020138360780672545     0.019908239726656105     0.004367216578253284     0.004367216578253284
                      247        351.0322104990812      0.19991251083035946       1.0000993397968405      0.27036122359850157     0.003000503621188384   -9.955078365121276e-07        421.9349937255257   3.7627378883844566e-06     0.020138360852855364      0.01990823978345331     0.008182514317298818     0.008182514317298818
                      248        351.0322103606815       0.1999125114017831       1.0000993382935564      0.27036122348696673    0.0030005099945853344  -1.0031344587497872e-06       421.93500038193446   3.7300285380531994e-06     0.020138361059299236     0.019908239945913113     0.004364151536803398     0.004364151536803398
                      249       351.03221048717836      0.19991251091008286         1.00009933960168       0.2703612235846932    0.0030005051768486235  -1.0038604371772467e-06        421.9349948445446    3.773597213152111e-06      0.02013836086894837     0.019908239797334526     0.004401015346217377     0.004401015346217377
                      250        351.0322102135179       0.1999125120096158       1.0000993366946247      0.27036122336833623    0.0030005167844262574   -1.003136037724408e-06        421.9350074632958    3.695328327560113e-06      0.02013836127878413     0.019908240118637312     0.004363414219535835     0.004363414219535835
                      251        351.0322102115529      0.19991251201827762       1.0000993366090625       0.2703612233435997    0.0030005167844306805  -1.0031360377243944e-06       421.93500746340106   3.6953283137978446e-06     0.020138361280443714      0.01990824012019441     0.004363414116351672     0.004363414116351672
                      252        351.0322102108869      0.19991251201772306        1.000099336696216       0.2703612233460895    0.0030005167844306337  -1.0031360377246593e-06         421.935007463431    3.695328322282611e-06     0.020138361281397305      0.01990824012279644     0.004363414188179125     0.004363414188179125
                      253       351.03221020290573      0.19991251204323665       1.0000993367033413      0.27036122336892543    0.0030005167844513896  -1.0031360377254422e-06        421.9350074638567   3.6953282912863143e-06     0.020138361282977378     0.019908240118023345     0.004363414115650728     0.004363414115650728
                      254       351.03221020363213      0.19991251201373775       1.0000993366908226       0.2703612234041061    0.0030005167844417958  -1.0031360377257793e-06       421.93500746381585    3.695328305670935e-06      0.02013836128394134     0.019908240122751213      0.00436341414202336      0.00436341414202336
                      255        351.0322102004692       0.1999125120060577        1.000099336693487      0.27036122334248963    0.0030005167844552516  -1.0031360377180884e-06        421.9350074641804     3.69532827140423e-06      0.02013836127436023     0.019908240116909618     0.004363414105834146     0.004363414105834146
                      256        350.2167294776191      0.19996494177688737       0.9999403072657219       0.2699198046456873     0.003002170878565682  -1.0029035597492784e-06       421.98627265196785    7.186063936235721e-07      0.02009626649828001     0.019961306673090748     0.000865298238121303     0.000865298238121303
                      257        350.2167294776143      0.19996494177653176       0.9999403072664673       0.2699198046456479    0.0030021707769885054   -9.878862155769988e-07       421.98627265228737    7.185874396902616e-07      0.02009626649850033     0.019961306673482268     0.014388700076811953     0.014388700076811953
                      258        350.2167294776062      0.19996494177648078       0.9999403072665076       0.2699198046456566    0.0030021707645474494  -1.0029034611588612e-06        421.9862726522054    7.185842210700154e-07      0.02009626649855306     0.019961306673533075    0.0008652218819814426    0.0008652218819814426
                      259        350.2167294776304      0.19996494177678267       0.9999403072677477      0.26991980464575255    0.0030021707374092675  -1.0028034539663298e-06       421.98627265442616    7.186509604550943e-07     0.020096266498325764     0.019961306673170538    0.0008573215959237402    0.0008573215959237402
                      260       350.21672933194696       0.1999649371741786       0.9999403161604271       0.2699198042982557    0.0030008802205990295  -1.0011296793844744e-06        421.9862753407235    4.676233354210711e-07      0.02009626958911155     0.019961311680088682   0.00040515004764247916   0.00040515004764247916
                      261         350.216729335608      0.19996493722415762       0.9999403163240812        0.269919804312485    0.0030008782815703597  -1.0122277890766007e-06        421.9862756535818    4.775261730623705e-07     0.020096269552073928     0.019961311620835365     0.008500873399101255     0.008500873399101255
                      262       350.21672933866216       0.1999649372657713       0.9999403164600613       0.2699198043243011      0.00300087668673041  -1.0011304868417901e-06       421.98627591374634    4.857618736184786e-07     0.020096269521215532      0.01996131157151269   0.00039788626620624126   0.00039788626620624126
                      263        350.2167293319119      0.19996493722210096       0.9999403163386215      0.26991980431320495     0.003000877608879159   -1.001851199056435e-06        421.9862754808116     4.67795946668887e-07     0.020096269556927775     0.019961311621780796   0.00043898814903236535   0.00043898814903236535
                      264         350.216729450638      0.19996493879326616       0.9999403214571577      0.26991980475866734     0.003000817749188097  -1.0011530208653541e-06        421.9862854694239    7.882212871672468e-07     0.020096268388924688      0.01996130976078092   0.00033908572227999806   0.00033908572227999806
                      265        350.2167294505764       0.1999649388020182       0.9999403215485789       0.2699198047715044    0.0030008177491810963  -1.0011530208649995e-06        421.9862854694513    7.882212823446283e-07     0.020096268384903485     0.019961309752506064   0.00033908553152141194   0.00033908553152141194
                      266         350.216729450558      0.19996493879498606       0.9999403214536879       0.2699198047626514    0.0030008177491747125  -1.0011530208649846e-06       421.98628546944775    7.882212828231748e-07     0.020096268387632215      0.01996130975873368     0.000339085716746674     0.000339085716746674
                      267       350.21652626127593      0.19997533471254236       1.0000079008857736      0.26993784929791265     0.003000786457036725  -1.0011520255770124e-06       421.98635338586826    7.759944011778187e-07     0.020090530903342854     0.019950674900285296     0.000256404015526562     0.000256404015526562
                      268       350.21652626118873      0.19997533471253093       1.0000079008866245       0.2699378492981637     0.003000786457019168  -1.0011520255770263e-06       421.98635338588036    7.759944011269137e-07      0.02009053090335812     0.019950674900232022    0.0002564040118890139    0.0002564040118890139
                      269        350.2165262613286      0.19997533471259354       1.0000079008854652       0.2699378492986005    0.0030007864570334303  -1.0011520255741265e-06        421.9863533858854    7.759943991555792e-07      0.02009053090306893     0.019950674900278277     0.000256404014596563     0.000256404014596563
                      270        350.2165262611401      0.19997533471246995       1.0000079008858902      0.26993784929792686     0.003000786457036361   -1.001152025572524e-06       421.98635338589264    7.759943990758497e-07      0.02009053090323823     0.019950674900373028   0.00025640401472872714   0.00025640401472872714
                      271        350.2165262606283          0.1999753347126       1.0000079008856775      0.26993784929854125    0.0030007864570358866  -1.0011520255742608e-06       421.98635338589514    7.759944003027032e-07     0.020090530903307653     0.019950674900367248    0.0002564040146197432    0.0002564040146197432
                      272       350.21652626086035      0.19997533471274834       1.0000079008855196      0.26993784929693687     0.003000786457039486  -1.0011520255761795e-06       421.98635338589304     7.75994399513127e-07     0.020090530903142872     0.019950674900364177    0.0002564040154978928    0.0002564040154978928
                      273        350.0463299407417      0.19999113044527506       0.9999909309258584       0.2700667778431237    0.0030000736096199025   -9.997452392794686e-07        421.9978965170716    8.720452162615256e-08      0.02004063821622344     0.019981704495593024   2.2885373991224066e-05   2.2885373991224066e-05
                      274        350.0463299407371      0.19999113044517997       0.9999909309262401       0.2700667778430659    0.0030000735953330526  -1.0147700302769579e-06        421.9978965173037    8.720461876131259e-08     0.020040638216290898       0.0199817044959002     0.014190986910528613     0.014190986910528613
                      275       350.04632994074524       0.1999911304452316       0.9999909309262002      0.27006677784305727     0.003000073607872021   -9.997452385434575e-07        421.9978965173854    8.720782660137137e-08     0.020040638216237746     0.019981704495848695   2.2885328704288657e-05   2.2885328704288657e-05
                      276          350.04632995194      0.19999113030689203       0.9999909320135594      0.27006677763161757     0.003000068045355935  -1.0000963889791976e-06        421.9978975161048     9.77250570081964e-08     0.020040638261765196     0.019981705309465955   1.4565192913387622e-05   1.4565192913387622e-05
                      277          350.04632995194      0.19999113030689203       0.9999909320135594      0.27006677763161757     0.003000068045355935  -1.0000963889791976e-06        421.9978975161048     9.77250570081964e-08     0.020040638261765196     0.019981705309465955   1.4565192913387622e-05   1.4565192913387622e-05               
 finished