                   sim_nr                 advtheta                     advq                   advCO2               deltatheta               gammatheta                   deltaq                   gammaq                 deltaCO2                 gammaCO2                  sca_sto                    alpha                    FracH                       wg                      R10                     data               background                    Costf
                        1   -0.0007022514804313347    8.488363064657997e-07    -0.004044628908370247        4.905839423829638    0.0032979098505854327  -0.00019241363054775225   -4.651924856790736e-06       -4.372615774611489      0.00402889779382832       0.7232861333395313      0.40782255491579344       0.6322493828379093      0.36539282599810785       0.6451541496377746        70975.16842466763                      0.0        70975.16842466763
                        2   -0.0007022244750890905    8.488363045731375e-07    -0.004044623545738155        4.905839423857217    0.0032979098501387276  -0.00019241363154615787   -4.651924857725262e-06       -4.372615731238061     0.004028897980781792       0.7232861333222991       0.4078225548889972       0.6322493828398863       0.3653928259980262       0.6451541499928819        70973.86936906363     2.36455127753754e-09        70973.86936906599
                        3   -0.0007022515042459484    8.488363050786306e-07    -0.004044623460768284        4.905839423791417    0.0032979098501525394  -0.00019241363127443537   -4.651924857139913e-06        -4.37261573343746     0.004028897919748455       0.7232861333109863      0.40782255488758556       0.6322493828388647      0.36539282599812434       0.6451541501162845        70975.11957859568   1.7112256527598662e-12        70975.11957859568
                        4   -0.0007022514812249539    8.488363051231965e-07    -0.004044628906025751        4.905839423792172    0.0032979098501951997  -0.00019241363125232589   -4.651924857119721e-06       -4.372615777537821     0.004028897731690877       0.7232861333378049       0.4078225548883131       0.6322493828388219      0.36539282599812306       0.6451541496081994        70975.16831131242   1.2755402580270531e-17        70975.16831131242
                        5   -0.0007022516361605897    8.488363058345627e-07    -0.004044628903009762        4.905839423802666     0.003297909850722082   -0.0001924136308262807   -4.651924856344017e-06       -4.372615781455771     0.004028897656223568       0.7232861333229048       0.4078225548747678       0.6322493828381974       0.3653928259981743       0.6451541496780973        70975.17556126724    7.859950934016344e-14        70975.17556126724
                        6   -0.0006305413862578604     1.61269728709469e-07    0.0005821466557382748        4.886654068543871     0.003098058817783176   -0.0005532338138271269   -4.820400488535737e-06       -5.843503583765142    -0.027674379477103578       0.7223850007902559      0.39374903172651865       0.6327167571231185      0.36540062630958364       0.6303278597442814       14202.181815697506       3.9681566706221294       14206.149972368128
                        7   -0.0006305413827902793   1.6126972728956375e-07    0.0005821466443706874        4.886654068526248    0.0030980588174633027   -0.0005532338144126802   -4.820400488811043e-06       -5.843503593346687     -0.02767437954608072       0.7223850007904318       0.3937490316776501       0.6327167571240858      0.36540062630953757       0.6303278594258828       14202.181697972315        3.968156677791219       14206.149854650106
                        8   -0.0006305413842583355   1.6126972799676934e-07    0.0005821466690928215        4.886654068514771     0.003098058817527444    -0.000553233814392695   -4.820400488730246e-06       -5.843503583874236    -0.027674379519761004       0.7223850007748742       0.3937490316681753       0.6327167571237868       0.3654006263095298       0.6303278596006185       14202.181775813406        3.968156685192768       14206.149932498598
                        9  -0.00012637826970929278   -3.936197222646983e-08   2.0531794978952307e-05         4.88305381593797    0.0030476445569371357   -0.0006508605951492049   -4.862387991838376e-06       -6.939770343602985    -0.037861192046865284       0.7215619809573739      0.38499070677181757       0.6328634627710454       0.3653924319468879       0.5862235054474514         5709.99574400974        6.704249901264078        5716.699993911004
                       10   -0.0001263782674250344   -3.936197275020703e-08   2.0531789906926175e-05       4.8830538159279735     0.003047644556797337    -0.000650860595431506     -4.8623879919602e-06        -6.93977034764381     -0.03786119207176014       0.7215619809556479      0.38499070671217983       0.6328634627712938        0.365392431946828       0.5862235051519784        5709.995731479046         6.70424991352278       5716.6999813925695
                       11  -0.00012637826965080983    -3.93619724237383e-08   2.0531796007509755e-05        4.883053815928096     0.003047644556845229   -0.0006508605953225512   -4.862387991913939e-06       -6.939770344851821     -0.03786119206319131        0.721561980959591      0.38499070673055724       0.6328634627710131       0.3653924319468763       0.5862235053257283        5709.995741543348        6.704249905030104        5716.699991448379
                       12   -0.0001263782702219128  -3.9361971837360684e-08    2.053179601602985e-05        4.883053815903741     0.003047644556666739   -0.0006508605956615322   -4.862387992088058e-06       -6.939770347497993    -0.037861192078439396       0.7215619809940863      0.38499070642306343       0.6328634627690574       0.3653924319467998       0.5862235044098281         5709.99572080559        6.704249903677271        5716.699970709267
                       13  -0.00012637826917589958   -3.936197136490519e-08   2.0531801030451886e-05         4.88305381593488     0.003047644556910969   -0.0006508605952204364   -4.862387991873984e-06       -6.939770342955208     -0.03786119204798026        0.721561980956182       0.3849907066288712       0.6328634627699639      0.36539243194687226       0.5862235054043925        5709.995734298754        6.704249901958969        5716.699984200713
                       14   -0.0001322067811817438   2.9187504711105187e-08    0.0008587183988976775       4.8673268165756856     0.002914829076113448   -0.0009041865773494102    -4.98155460403885e-06       -8.863244178946836    -0.055925433649227016       0.7342226189471386       0.2446405977851186       0.6321585977525398       0.3653555025399514      0.18414559245649986         895.632111615385       13.837560949820297        909.4696725652053
                       15  -0.00013217878929564332    2.918750517328448e-08    0.0008587255090951396        4.867326816571973     0.002914829078195188   -0.0009041865773888677   -4.981554603309835e-06       -8.863244143757923    -0.055925433419312526       0.7342226176995583      0.24464059763414536       0.6321585977470272      0.36535550254075627        0.184145615693863        895.6136704045265        13.83766810016305        909.4513385046895
                       16   -0.0001322071144564006   2.9187504901890252e-08    0.0008587240484879037        4.867326816495325    0.0029148290779622207   -0.0009041865775425484   -4.981554603369428e-06       -8.863244154583395    -0.055925433442754566       0.7342226176450171       0.2446405976285197       0.6321585977461461       0.3653555025407512       0.1841456164684825        895.6313805556823        13.83756263959471         909.468943195277
                       17   -0.0001322067809741335    2.918750510916599e-08    0.0008587183818375352        4.867326816440241    0.0029148290776624623   -0.0009041865775177767   -4.981554603392775e-06       -8.863244195469141     -0.05592543352934808       0.7342226175841309      0.24464059761204152        0.632158597746064      0.36535550254054966      0.18414561646604177        895.6320563982081       13.837560682130844        909.4696170803389
                       18  -0.00013220703057766916   2.9187504597264382e-08    0.0008587183844959417        4.867326816393748    0.0029148290777103493     -0.00090418657781508   -4.981554603484092e-06       -8.863244198415698    -0.055925433491993824       0.7342226189752885      0.24464059762206822       0.6321585977470492      0.36535550254006066      0.18414559315391354        895.6322645525423       13.837559998511438        909.4698245510538
                       19  -0.00011990256211409666   3.4698632548989556e-08    0.0006763772618156418        4.865451301090037    0.0029362871386232614   -0.0009065190436329485  -4.9726057950359764e-06       -9.091704831665712    -0.054264152693994774       0.7153458466252816      0.24224350927250823       0.6320689046319516      0.36536378967214933       0.5166735673262037        508.8616712563677       11.435894168364548        520.2975654247323
                       20  -0.00011990256213187086    3.469863245600948e-08     0.000676377261740216        4.865451300896883    0.0029362871400146536   -0.0009065190441161163   -4.972605794525627e-06       -9.091704839327294       -0.054264152618336       0.7153458467535361      0.24224350905894615       0.6320689046268247       0.3653637896722799        0.516673567296766       508.86166948951967       11.435894166171401        520.2975636556911
                       21   -0.0001199025621909474   3.4698633206950985e-08    0.0006763772604455832        4.865451300772378    0.0029362871406438265   -0.0009065190437827505   -4.972605794015245e-06       -9.091704858937048    -0.054264152621952666       0.7153458468673997      0.24224350916870271       0.6320689046235377      0.36536378967253297       0.5166735674860847        508.8616701040838       11.435894157596247        520.2975642616801
                       22  -0.00012290176914185027    4.069303245708589e-08    0.0006422943521239956        4.843444720367552    0.0030893359725893384   -0.0009483769760201359   -4.910749008805431e-06      -10.264735051267708     -0.04671577269697108       0.7305963426782469       0.2229731182203358       0.6314851383714533       0.3653821186488122       0.5175806229156157        426.2152816378969        11.15032679689027        437.3656084347872
                       23   -0.0001229017692701178    4.069303234310151e-08    0.0006422943516964912        4.843444720027124    0.0030893359741517943   -0.0009483769768893805  -4.9107490082484705e-06       -10.26473506692131      -0.0467157726115174       0.7305963427855244       0.2229731182274771       0.6314851383646903      0.36538211864891945       0.5175806230642683        426.2152810885472        11.15032678697641        437.3656078755236
                       24   -0.0001229017693921288    4.069303242484485e-08    0.0006422943479204024        4.843444719145446     0.003089335977789452    -0.000948376978478206   -4.910749006585772e-06      -10.264735138899495     -0.04671577248598095        0.730596343041866      0.22297311824293992       0.6314851383459942       0.3653821186489604       0.5175806235986178       426.21528002952954       11.150326769491778        437.3656067990213
                       25  -0.00012290176897559871      4.0693032647825e-08     0.000642294351201199        4.843444719810323     0.003089335975752749   -0.0009483769769722176   -4.910749007352353e-06      -10.264735083299076    -0.046715772552076526       0.7305963429046758      0.22297311826591298       0.6314851383556044       0.3653821186489317       0.5175806229128401       426.21528095326954       11.150326778714305       437.36560773198386
                       26     -0.00012290176897625    4.069303239656115e-08    0.0006422943518448708        4.843444720106233     0.003089335972816928   -0.0009483769767582647   -4.910749008542903e-06      -10.264735061656854      -0.0467157726658793       0.7305963426071556      0.22297311822453347       0.6314851383636251      0.36538211864834463        0.517580622849394        426.2152814824995       11.150326794633024       437.36560827713254
                       27  -0.00012614981457036265   2.7627769980271227e-08   0.00038670519316983277        4.716629001604366    0.0035937497129137994    -0.001238096371543178   -4.690197754614368e-06      -17.277903831189327    -0.021063102157125445       0.7581345810982367       0.2266686137158826       0.6285150908403265      0.36536319488335933        0.553086231074138        338.6554877323798        9.052259884362615       347.70774761674244
                       28  -0.00012614981455062063   2.7627769956417932e-08    0.0003867051927817942        4.716629000564063    0.0035937497173999643   -0.0012380963737841754   -4.690197752620322e-06      -17.277903862685445      -0.0210631018901921       0.7581345813186213      0.22666861377152564        0.628515090811966      0.36536319488333735       0.5530862313833591        338.6554868712289        9.052259869984539       347.70774674121344
                       29  -0.00012614981456122705   2.7627770034629778e-08    0.0003867051919021593        4.716629000822646     0.003593749715609146   -0.0012380963730286804  -4.6901977532243835e-06        -17.2779038652656    -0.021063102022792348         0.75813458123256      0.22666861370124175       0.6285150908184098       0.3653631948831462       0.5530862312792939       338.65548758325775        9.052259878698226         347.707747461956
                       30  -0.00012515578835987614   2.9192506578945534e-08    0.0003211485056534664        4.651547614682467     0.003845827079257665   -0.0013698999706034914  -4.5700350662151474e-06      -19.688523187139396    -0.007165591063038326       0.7705989018261952      0.22776212505045113       0.6267152454208569       0.3653535042365678       0.5712806545277687        319.6316497153619        8.617512580606776        328.2491622959687
                       31   -0.0001251557883601885   2.9192506590876628e-08   0.00032114850521686427       4.6515476139111005     0.003845827081587575   -0.0013698999721507722   -4.570035064971014e-06      -19.688523207372487    -0.007165590936638267         0.77059890190939      0.22776212504162835       0.6267152453977743       0.3653535042362666       0.5712806545128144        319.6316496064748          8.6175125800609        328.2491621865357
                       32   -0.0001251557883450628   2.9192506613076515e-08    0.0003211485054907693         4.65154761436517    0.0038458270798429643   -0.0013698999711740639   -4.570035065780885e-06       -19.68852319224449    -0.007165591048746484       0.7705989018122048      0.22776212504227206       0.6267152454094536      0.36535350423634655       0.5712806544943181       319.63164968452537        8.617512581120108       328.24916226564545
                       33  -0.00012515578833325128   2.9192506678471693e-08    0.0003211485062947061        4.651547613833172    0.0038458270792904982    -0.001369899972072869   -4.570035065447478e-06       -19.68852317478754    -0.007165591122574553       0.7705989015733286      0.22776212503737317       0.6267152453840727       0.3653535042356086       0.5712806542185485       319.63164958780624        8.617512583068685        328.2491621708749
                       34  -0.00012515578838485095   2.9192506883288707e-08   0.00032114850625751534        4.651547610940146     0.003845827082034685    -0.001369899977393266   -4.570035062263034e-06      -19.688523183145143    -0.007165591128390359       0.7705989010997831       0.2277621250661626       0.6267152452752809      0.36535350423341884       0.5712806544588611        319.6316492964175        8.617512584439423        328.2491618808569
                       35   -0.0001251557881894274    2.919250690096459e-08    0.0003211485064208682        4.651547612462976    0.0038458270807154027    -0.001369899974383884   -4.570035063840652e-06       -19.68852317773191     -0.00716559112324702       0.7705989015164922      0.22776212511457058       0.6267152453340984        0.365353504235279       0.5712806543964604       319.63164946163323        8.617512581406874        328.2491620430401
                       36   -0.0001251557882927664    2.919250659392743e-08    0.0003211485057241642        4.651547614084464     0.003845827079441596   -0.0013698999717836299   -4.570035065741155e-06       -19.68852318643485    -0.007165591071488747       0.7705989019267037      0.22776212505838933       0.6267152454025189      0.36535350423685165       0.5712806545528872       319.63164966010277          8.6175125816885        328.2491622417913
                       37  -0.00012515578829806067     2.91925067348375e-08   0.00032114850608046686        4.651547612908667    0.0038458270790948197   -0.0013698999737814532   -4.570035064989115e-06       -19.68852317574526    -0.007165591118721888        0.770598902285109        0.227762125042124       0.6267152453671843       0.3653535042382383       0.5712806548218774        319.6316495416907        8.617512583872266         328.249162125563
                       38   -6.787977886261196e-05   1.7422435559600425e-07    0.0007179419986579755       2.9602341368630913     0.004412732262754903     -0.00442731678428101  -3.0892355956157164e-06       -12.91004162099718     -0.04664187552084781       0.8470959896120567      0.22650700342103244       0.5684206265369699       0.3654818116706377       0.6148151983700147       325.55400335270394       17.557183621850843        343.1111869745548
                       39   -9.651778361124399e-05   1.0170843108747479e-07    0.0005195452521557205        3.805890875772779     0.004129279671006283     -0.00289860837744225   -3.829635330915432e-06       -16.29928240406829     -0.02690373329194307       0.8088474457191257       0.2271345642357418       0.5975679359789133      0.36541765795360276       0.5930479264488913       260.20981019537265       11.527922809502101       271.73773300487477
                       40   -9.651778341554702e-05   1.0170843148016858e-07    0.0005195452547314353       3.8058908716960396     0.004129279671293055    -0.002898608384577044   -3.829635327656929e-06      -16.299282358092803    -0.026903733295540612       0.8088474457533514      0.22713456426868847       0.5975679358274935      0.36541765795404013       0.5930479261340773       260.20980981227177       11.527922822633021        271.7377326349048
                       41   -9.651778349809221e-05   1.0170843131387272e-07    0.0005195452529629507       3.8058908733731593     0.004129279671434436   -0.0028986083815214668  -3.8296353289499805e-06       -16.29928239001132     -0.02690373337546589       0.8088474457391113      0.22713456423774575       0.5975679358888687      0.36541765795382314        0.593047926365057        260.2098101497988       11.527922823381115        271.7377329731799
                       42   -9.197878084166384e-05   1.1079940030704987e-07    0.0005614539510268449        3.710224833154014     0.004142790150784045   -0.0030628874092784677  -3.7519295135973364e-06      -15.560425930750268    -0.029116548896034225        0.809646408513871      0.22745305819848394       0.5939906935319282       0.3654269513212648       0.5883133795612485       257.81635120608433       12.016358350066678       269.83270955615103
                       43   -9.195211088357344e-05   1.1079939937681775e-07    0.0005614618380378649        3.710224832524516     0.004142790149515382    -0.003062887404483748   -3.751929515244345e-06      -15.560425932434319    -0.029116548940532484       0.8096464076511534      0.22745305816811184       0.5939906931561032      0.36542695132308756       0.5883133803377305        257.8159631604275       12.016468004170175       269.83243116459766
                       44    -9.19790586266251e-05   1.1079939905912597e-07    0.0005614612484583399        3.710224832417935      0.00414279014928085    -0.003062887404308827   -3.751929515395765e-06       -15.56042594060893     -0.02911654896096496       0.8096464076078489       0.2274530581689595        0.593990693131037       0.3654269513232268       0.5883133802591436       257.81632932620624       12.016361125401673        269.8326904516079
                       45   -9.197878050569853e-05   1.1079939923307202e-07    0.0005614539564464602       3.7102248324233895    0.0041427901491638604     -0.00306288740455759  -3.7519295153247224e-06      -15.560425990632357    -0.029116549067795733       0.8096464076814889      0.22745305816420927       0.5939906931526472       0.3654269513229725       0.5883133792220061        257.8163510510288       12.016358366808987        269.8327094178378
                       46   -9.198259336177183e-05   1.1079935565364638e-07    0.0005614541419370796        3.710224795838017    0.0041427900695375375    -0.003062887160065009  -3.7519296004145805e-06      -15.560429020708927     -0.02911655776020816       0.8096463663227738      0.22745305651687464        0.593990673952022       0.3654269514119479       0.5883133615696092        257.8163982943466       12.016343962725172       269.83274225707174
                       47   -9.130547990431786e-05   1.0912088698928906e-07    0.0005709844936534342       3.7090828922769083     0.004140257891763521   -0.0030555087263255676   -3.754629353919356e-06      -15.654012573926362    -0.029384991477455318       0.8083454170075735      0.22739948941075272       0.5933978853074051       0.3654296204035881       0.5877832992450331         257.678453189035       12.043833383641397        269.7222865726764
                       48   -9.130547985394398e-05   1.0912088690009691e-07    0.0005709844943651643       3.7090828920548278     0.004140257891789465   -0.0030555087244107833  -3.7546293538212654e-06       -15.65401258157687     -0.02938499150003352       0.8083454168924862        0.227399489428582       0.5933978846353511      0.36542962040799293       0.5877832991726963        257.6784530749605       12.043833383859333       269.72228645881984
                       49   -9.130547974815924e-05   1.0912088665779679e-07    0.0005709844963320745        3.709082890275338     0.004140257890954909   -0.0030555087177136044   -3.754629354039828e-06      -15.654012606947019     -0.02938499157536674       0.8083454181629104      0.22739948902038937       0.5933978820780137        0.365429620441834       0.5877832988471852       257.67845263342724        12.04383340585685        269.7222860392841
                       50   -8.385748798546097e-05    9.560746672723111e-08    0.0006790162663786242       3.6684637878064192     0.004138824071891261    -0.002756536827213933  -3.7426428143937704e-06       -16.84032306995199     -0.03288876594526399       0.8002923215510986      0.22739411864509512      0.48723873400165657      0.36622665164315316       0.5760589319244547       248.39910211472085        12.37199847230751       260.77110058702834
                       51   -8.385748798895719e-05    9.560746663428004e-08    0.0006790162672100598       3.6684637866975427     0.004138824071407927     -0.00275653682554103  -3.7426428148656105e-06       -16.84032307369197    -0.032888765957655705        0.800292322195491      0.22739411866126386       0.4872387333032478      0.36622665166978374       0.5760589325191869        248.3991019981469       12.371998475479318       260.77110047362623
                       52   -8.385748793567223e-05    9.560746634809683e-08    0.0006790162685553569         3.66846378348676     0.004138824068751453    -0.002756536821596912  -3.7426428165885874e-06       -16.84032310116121     -0.03288876604151433       0.8002923243753675      0.22739411866742776       0.4872387320108005       0.3662266517338354       0.5760589328008265        248.3991017690151       12.371998491878907         260.771100260894
                       53   -8.385748783948735e-05     9.56074665755741e-08     0.000679016267380558        3.668463786664158     0.004138824071355545    -0.002756536824470047   -3.742642814617996e-06      -16.840323084546093    -0.032888765992250345       0.8002923222605931      0.22739411862037812       0.4872387335661221       0.3662266516796477       0.5760589326033649       248.39910202578002       12.371998479155387        260.7711005049354
                       54    -8.38574877860068e-05    9.560746654450281e-08    0.0006790162680150565       3.6684637866440917     0.004138824071881445   -0.0027565368241688456   -3.742642814292378e-06      -16.840323080442403     -0.03288876598265029       0.8002923223597356      0.22739411863633852       0.4872387337021425       0.3662266516808195       0.5760589319951279        248.3991020446692       12.371998478961592        260.7711005236308
                       55   -7.086099463396727e-05    7.302158249730185e-08     0.000842565664009043       3.4610223351023324     0.004037494693530089    -0.002372776210938041  -3.8091191720727777e-06      -18.536734686070446     -0.03837829038781579       0.9310057218460395       0.2269294250395047       0.3927925383088519      0.37172378631508757       0.6574447819284304       237.99568687040167       13.894484127091948        251.8901709974936
                       56   -7.086099455530786e-05    7.302158243589154e-08    0.0008425656646364275        3.461022333609821     0.004037494692954156    -0.002372776208951116  -3.8091191719716246e-06      -18.536734693243314     -0.03837829041463848       0.9310057226806445      0.22692942505272004      0.39279253801506114      0.37172378635033876        0.657444782261976       237.99568682349164       13.894484137371029       251.89017096086266
                       57    -7.08609945610228e-05    7.302158244736185e-08    0.0008425656645776733        3.461022333709584     0.004037494693016355   -0.0023727762098679005  -3.8091191722298163e-06      -18.536734687329155     -0.03837829039923171       0.9310057222329529       0.2269294250487169      0.39279253814688586      0.37172378634215775       0.6574447822197769       237.99568684364007       13.894484132761098       251.89017097640118
                       58   -7.086099456470789e-05    7.302158248461775e-08    0.0008425656642797727       3.4610223334744497     0.004037494692752103    -0.002372776210326025  -3.8091191721759675e-06      -18.536734685404262     -0.03837829039766986       0.9310057219004191      0.22692942503795255      0.39279253826146626       0.3717237863362728       0.6574447819509777       237.99568684352488        13.89448413042989       251.89017097395478
                       59   -7.086099448106321e-05    7.302158255653699e-08    0.0008425656644571794       3.4610223323413662     0.004037494692881096   -0.0023727762094827567  -3.8091191712415114e-06       -18.53673467746308    -0.038378290393751735       0.9310057215610623       0.2269294250358492       0.3927925383306158      0.37172378635593484       0.6574447817202937        237.9956868176117        13.89448412813261        251.8901709457443
                       60   -7.086099464047421e-05     7.30215824958259e-08     0.000842565664064013       3.4610223348235207     0.004037494693453427    -0.002372776210503255   -3.809119172058553e-06      -18.536734684066005    -0.038378290394730716       0.9310057217475158       0.2269294250437805      0.39279253828512906       0.3717237863267488       0.6574447819076994       237.99568686531362       13.894484126859517       251.89017099217313
                       61   -5.290662818537386e-05    7.013863351714817e-08    0.0009422142946115411       3.0578027634409093    0.0038992398154458537   -0.0020742682198912144   -3.774997852636289e-06      -18.154544425952682     -0.04178182192469192        0.960058758969278       0.2281758205981499      0.36823649348935283      0.37930982590106077        0.673530772217874       233.75474535938866       14.950883612824441        248.7056289722131
                       62   -5.290662820431444e-05    7.013863353042604e-08    0.0009422142944098136        3.057802764596812     0.003899239816064465    -0.002074268220688591   -3.774997852818522e-06      -18.154544421015274     -0.04178182191094777       0.9600587589770213       0.2281758205935831      0.36823649369385886        0.379309825896629        0.673530772118796       233.75474534003308       14.950883608754125        248.7056289487872
                       63   -5.290662819912393e-05    7.013863348876769e-08    0.0009422142945206251         3.05780276391325    0.0038992398155269425   -0.0020742682201941144  -3.7749978532071046e-06       -18.15454442491995    -0.041781821929410795       0.9600587590412373       0.2281758205884093      0.36823649356080346       0.3793098259068155       0.6735307721472852       233.75474534843522       14.950883613000652       248.70562896143588
                       64   -5.290662814454205e-05    7.013863348115202e-08     0.000942214294865705        3.057802762872644     0.003899239815297764   -0.0020742682188754115   -3.774997852932684e-06      -18.154544423446158     -0.04178182194349348       0.9600587590621039      0.22817582059505953       0.3682364934536796      0.37930982593600815        0.673530772296596        233.7547453487776        14.95088361607185       248.70562896484944
                       65  -5.2906628195529474e-05    7.013863347050439e-08    0.0009422142947565536        3.057802762934469     0.003899239815653323    -0.002074268218398406   -3.774997853250661e-06      -18.154544416587655     -0.04178182195958999       0.9600587590595915       0.2281758206040076       0.3682364935947434       0.3793098259736525       0.6735307722316763       233.75474533850561       14.950883615379691        248.7056289538853
                       66   -5.290662819646265e-05    7.013863345999335e-08      0.00094221429478879        3.057802762968283    0.0038992398158438253    -0.002074268218920187  -3.7749978532705665e-06      -18.154544418164267    -0.041781821950842804       0.9600587588054172       0.2281758206021802       0.3682364934585567       0.3793098259550226       0.6735307722194728        233.7547453443509       14.950883613986624       248.70562895833754
                       67  -5.2906628160078774e-05    7.013863345107854e-08    0.0009422142948372582         3.05780276273691    0.0038992398163414073   -0.0020742682181412162   -3.774997853159697e-06      -18.154544415767305    -0.041781821966191506       0.9600587587360516      0.22817582059629465      0.36823649336786923       0.3793098259787986       0.6735307720525237       233.75474533754866       14.950883615573678       248.70562895312233
                       68   -5.290662812567476e-05      7.0138633536707e-08    0.0009422142944902744       3.0578027613161844      0.00389923981623725    -0.002074268219039249  -3.7749978529593403e-06      -18.154544405001747     -0.04178182195285901       0.9600587584761233      0.22817582059957886      0.36823649385207113      0.37930982599956675       0.6735307719186521       233.75474534209485       14.950883611520794       248.70562895361564
                       69   -4.135985828987215e-05   4.7664357231814886e-08    0.0010283820112040763        2.720203497663623     0.004086849171416642   -0.0014477253425149823   -4.031575572077336e-06      -13.819106564075657       -0.056705259716516       0.9243109069553859       0.2277629829684405       0.3802498177517012      0.41093548997843626       0.6481211896012802        227.7541946144922       16.587496509167753       244.34169112365996
                       70   -4.135985824886047e-05     4.76643571661531e-08    0.0010283820115307872       2.7202034967641087     0.004086849172452202   -0.0014477253408327942   -4.031575572597141e-06      -13.819106552036217     -0.05670525975134328       0.9243109069018751      0.22776298297091513       0.3802498177853939      0.41093549007086166       0.6481211896159333       227.75419459843744       16.587496514676893       244.34169111311434
                       71   -4.135985821093356e-05    4.766435708734791e-08    0.0010283820118570782        2.720203495099727     0.004086849172774331   -0.0014477253390474138  -4.0315755732408766e-06      -13.819106546364665     -0.05670525979536078       0.9243109069491398      0.22776298296836325        0.380249817732085      0.41093549015346165       0.6481211896017207        227.7541945904677       16.587496524206156       244.34169111467386
                       72   -4.135985825950517e-05    4.766435720673805e-08    0.0010283820112968606       2.7202034969433386     0.004086849172329842   -0.0014477253418864343  -4.0315755720332295e-06      -13.819106563437463    -0.056705259731140836       0.9243109070595159       0.2277629829672616      0.38024981777241346       0.4109354900223402       0.6481211896364636       227.75419460375417        16.58749651339176       244.34169111714593
                       73     -4.1359858304258e-05     4.76643572549319e-08    0.0010283820108686233        2.720203497691034     0.004086849172615875    -0.001447725344089499   -4.031575571692411e-06      -13.819106571178807     -0.05670525969330628       0.9243109069532234      0.22776298296631042      0.38024981786252154      0.41093548996360924       0.6481211896842449        227.7541946075381       16.587496506524605        244.3416911140627
                       74  -4.1359858281232254e-05    4.766435721387282e-08    0.0010283820112093446        2.720203497448253     0.004086849171986394   -0.0014477253422747263   -4.031575572212612e-06      -13.819106563047502     -0.05670525972462612       0.9243109069099531      0.22776298296918412      0.38024981768328736       0.4109354900049877       0.6481211895784469       227.75419461034053        16.58749651086009       244.34169112120063
                       75  -4.1359858328392555e-05    4.766435724548134e-08    0.0010283820108881424        2.720203497932772      0.00408684917220339     -0.00144772534304188   -4.031575572290366e-06      -13.819106560253866     -0.05670525971459022       0.9243109068236253      0.22776298296837572       0.3802498178641785       0.4109354900006622       0.6481211894711478       227.75419461446515       16.587496506857693       244.34169112132284
                       76   -3.502668098669267e-05    3.588656906010168e-08    0.0010486464596214141       2.4989396354096884     0.004417705566402639   -0.0012442102356865898   -4.110256764522965e-06       -12.64738202054056     -0.06264361108785187       0.9177581644965784      0.22775856383451004       0.3787623753719098       0.4292590272747776       0.6458874813072928       225.30056921975688         17.9332502646946        243.2338194844515
                       77   -3.502668097641226e-05    3.588656903577193e-08    0.0010486464595559223        2.498939634834679    0.0044177055678425396   -0.0012442102351478087    -4.11025676472329e-06       -12.64738201653666     -0.06264361110456915       0.9177581644447306       0.2277585638334247      0.37876237540850044       0.4292590273440608       0.6458874812831832         225.300569214186       17.933250268353788        243.2338194825398
                       78   -3.502668098275159e-05    3.588656903311267e-08    0.0010486464595743789       2.4989396348482957     0.004417705567363539   -0.0012442102353070535    -4.11025676484042e-06       -12.64738201778545     -0.06264361110177463       0.9177581644425319      0.22775856383317705         0.37876237539021       0.4292590273326075       0.6458874812909876        225.3005692157107        17.93325026790731       243.23381948361802
                       79  -3.4554918766085464e-05   3.4386338302492866e-08     0.001045164632043816        2.465144729451033     0.004492666266589346   -0.0012157272219746938  -4.1246783574187306e-06       -12.43713364044437     -0.06357401815995874       0.9146364696561153       0.2276888372993372       0.3805343459411007      0.43311780090255153       0.6446276836425158        225.0438882780532        18.14379187850637       243.18768015655957
                       80  -3.4554918764196784e-05   3.4386338296102214e-08    0.0010451646320456262       2.4651447293792437     0.004492666266858324   -0.0012157272218604697   -4.124678357539051e-06      -12.437133639472753     -0.06357401816133874        0.914636469640882      0.22768883729952205      0.38053434593598684       0.4331178009238364       0.6446276836431775       225.04388827719637       18.143791878925363       243.18768015612173
                       81   -3.455491876497795e-05    3.438633829019818e-08    0.0010451646320120654        2.465144729276032     0.004492666266943053   -0.0012157272217601083    -4.12467835770898e-06      -12.437133639308467     -0.06357401816362247       0.9146364696314433       0.2276888372989965        0.380534345927932      0.43311780094569874       0.6446276836310494       225.04388827638397       18.143791879560524        243.1876801559445
                       82   -3.455491876030222e-05   3.4386338288772414e-08    0.0010451646319477878       2.4651447294455338     0.004492666266702615   -0.0012157272213327221   -4.124678358364193e-06      -12.437133640027925     -0.06357401815708934       0.9146364696429867      0.22768883729968895       0.3805343458561913        0.433117801031066         0.64462768360168       225.04388827492383          18.143791878726       243.18768015364984
                       83   -3.455491876395002e-05    3.438633831069617e-08    0.0010451646320002537        2.465144729775358      0.00449266626574676   -0.0012157272218311073   -4.124678358025288e-06      -12.437133642761564     -0.06357401814608289       0.9146364696273146        0.227688837300014        0.380534345932757      0.43311780096704533       0.6446276836664193        225.0438882787223        18.14379187549523       243.18768015421753
                       84   -3.455491876639587e-05   3.4386338301814816e-08    0.0010451646320056287       2.4651447293405986     0.004492666266553624    -0.001215727221780104   -4.124678357799384e-06      -12.437133640517816     -0.06357401815609498       0.9146364696545422      0.22768883729921507       0.3805343460076436      0.43311780096623076       0.6446276836301585       225.04388827734113        18.14379187794389       243.18768015528502
                       85   -3.455491876273452e-05   3.4386338306173435e-08     0.001045164632026102        2.465144729292299     0.004492666266812327   -0.0012157272217512755   -4.124678357673637e-06      -12.437133639839425     -0.06357401815559117       0.9146364696123506       0.2276888372988581      0.38053434596802976      0.43311780096872043       0.6446276836337281        225.0438882770871       18.143791878038456       243.18768015512555
                       86   -3.356734842180928e-05   3.1572032106617754e-08     0.001024167856048459       2.4423305416009113     0.004511904816040675     -0.00108426533035892   -4.347252654838137e-06      -12.339237332677353     -0.06248091469404413       0.9054295503588339      0.22769317273449685       0.3767168627988769       0.4648572284862379       0.6393838702339876        224.6798650516872        18.13345467466335       242.81331972635053
                       87  -3.3567348417133116e-05    3.157203209302245e-08    0.0010241678559370672       2.4423305412916045     0.004511904816406605   -0.0010842653297761793   -4.347252655730192e-06      -12.339237331684956     -0.06248091469396668       0.9054295502849519      0.22769317273349407       0.3767168627419947      0.46485722863315515       0.6393838701966219       224.67986504907248       18.133454676266336        242.8133197253388
                       88   -3.356734841536131e-05   3.1572032105230526e-08    0.0010241678559963791        2.442330541446889     0.004511904816263333   -0.0010842653300818781  -4.3472526552666195e-06      -12.339237332060485     -0.06248091469095616       0.9054295503056284      0.22769317273477402      0.37671686275237987       0.4648572285847739       0.6393838702079311       224.67986505033087        18.13345467522309       242.81331972555395
                       89   -3.356734841680124e-05    3.157203211345543e-08    0.0010241678560265937        2.442330541456432    0.0045119048160910695    -0.001084265330484873    -4.34725265487493e-06      -12.339237332702966     -0.06248091469063429       0.9054295503199565      0.22769317273478684       0.3767168627997828       0.4648572285422973       0.6393838702025336       224.67986505055103        18.13345467477076       242.81331972532178
                       90   -3.356734841996429e-05   3.1572032137130846e-08     0.001024167856053488       2.4423305418175936     0.004511904815421422    -0.001084265330814999   -4.347252654429935e-06       -12.33923733489478    -0.062480914684852444       0.9054295503352512      0.22769317273469564      0.37671686282044065       0.4648572284868776       0.6393838702300743        224.6798650527248        18.13345467257379       242.81331972529858
                       91    -3.35673484248213e-05    3.157203211031357e-08    0.0010241678560154888        2.442330541614977     0.004511904816020403   -0.0010842653304152375   -4.347252654938459e-06      -12.339237332780765    -0.062480914691818316       0.9054295503181977      0.22769317273424863       0.3767168628217189       0.4648572285340906       0.6393838702338766       224.67986505157288        18.13345467432417       242.81331972589703
                       92   -3.356734842982652e-05    3.157203211674128e-08    0.0010241678560085872       2.4423305417546377     0.004511904815922814   -0.0010842653305323548   -4.347252654841342e-06      -12.339237333110502     -0.06248091468995668       0.9054295503464698       0.2276931727344359      0.37671686281372396      0.46485722854099387       0.6393838702208665       224.67986505180417       18.133454673998678       242.81331972580284
                       93   -3.356734844022543e-05    3.157203212679747e-08    0.0010241678559375989       2.4423305419244015    0.0045119048158731734   -0.0010842653309868608   -4.347252654689634e-06      -12.339237333642389    -0.062480914689822566       0.9054295503108656      0.22769317273279296      0.37671686278483396      0.46485722858823947       0.6393838701912005       224.67986505049205        18.13345467413053       242.81331972462257
                       94   -3.438801991835071e-05    3.744956586894608e-08    0.0009971080715353627       2.4490457104770913     0.004478445815870552    -0.001168809756587276   -4.389039564199936e-06      -12.550266339432525     -0.05991039808349883       0.8815049279181981       0.2276121008117683      0.37681361298357974       0.5065328997921459       0.6251532537949513       224.47272023421843       18.047788902115936       242.52050913633437
                       95  -3.4388019914415816e-05   3.7449565912679236e-08     0.000997108071484871        2.449045710863736     0.004478445815591414   -0.0011688097574572016  -4.3890395636728934e-06      -12.550266340880695    -0.059910398068662656       0.8815049278125762      0.22761210081353592      0.37681361294731064        0.506532899912138       0.6251532537541742       224.47272023323472       18.047788900510866       242.52050913374558
                       96   -3.438801991345684e-05    3.744956587212732e-08    0.0009971080715007507       2.4490457105697296     0.004478445815836111   -0.0011688097567961102   -4.389039564272076e-06      -12.550266339731461     -0.05991039808171763       0.8815049278871998       0.2276121008125079      0.37681361295794613       0.5065328998205199       0.6251532537804856       224.47272023377903       18.047788902060454        242.5205091358395
                       97   -3.438801991755198e-05    3.744956587695054e-08    0.0009971080715290613        2.449045710647611     0.004478445815784289   -0.0011688097568348832   -4.389039563942651e-06       -12.55026634002312     -0.05991039808394901       0.8815049279371785       0.2276121008126708       0.3768136129713891       0.5065328997676017       0.6251532537894224       224.47272023424577       18.047788901740052       242.52050913598583
                       98   -3.399359923048214e-05    3.892860333652477e-08    0.0009937991665474105       2.4701539148675513     0.004466655374026969   -0.0012102940627906197   -4.370270079852228e-06      -12.624506759988755      -0.0595096734048336       0.8783261435109908      0.22773174304521376       0.3740539264201732       0.5096291124936818       0.6232162821678777       224.47589116348445       17.994939180011237        242.4708303434957
                       99   -3.399359923485961e-05    3.892860333746815e-08    0.0009937991665360264        2.470153914927957     0.004466655374039299   -0.0012102940628846098   -4.370270079851513e-06      -12.624506760004891      -0.0595096734040002       0.8783261435060459       0.2277317430452835       0.3740539264247509       0.5096291125068747       0.6232162821711027       224.47589116342192         17.9949391798981       242.47083034332002
                      100   -3.399359924087541e-05    3.892860334753683e-08    0.0009937991664864644        2.470153915109514     0.004466655373994213    -0.001210294063147191   -4.370270079711074e-06      -12.624506760569822     -0.05950967340284389       0.8783261435017484        0.227731743045193       0.3740539264152126       0.5096291125274562       0.6232162821631642       224.47589116342314       17.994939179695123       242.47083034311828
                      101  -3.3993599231109135e-05    3.892860333771485e-08    0.0009937991665316288        2.470153914902342    0.0044666553740394495    -0.001210294062847698   -4.370270079876497e-06      -12.624506760039719     -0.05950967340408533       0.8783261435123688      0.22773174304432328      0.37405392642970514       0.5096291124944144        0.623216282163761       224.47589116360163       17.994939179837974       242.47083034343962
                      102   -3.566283593696049e-05    4.043851675818663e-08    0.0009843227062623456        2.507085280654354      0.00446446565717997   -0.0012655116803258599   -4.354524091603289e-06      -12.700689071545002    -0.059147548858472475       0.8768900858175352      0.22767389557348497       0.3744607112791505        0.514882034714045        0.622612860123585       224.50058750531431        17.93809969409632       242.43868719941062
                      103  -3.5678951502326616e-05    4.043852702312375e-08    0.0009843007376994966       2.5070852810613076     0.004464465664185378   -0.0012655116754072624   -4.354524090767343e-06      -12.700688738572977     -0.05914754747529726       0.8768900851480124      0.22767389588360315      0.37446071124540314       0.5148820347074626       0.6226128796850112       224.50066740293033       17.938017074152466        242.4386844770828
                      104   -3.565814911885674e-05   4.0438539865652006e-08    0.0009842781168289431        2.507085281681422     0.004464465673172569   -0.0012655116692116808  -4.3545240896562235e-06      -12.700688298251169     -0.05914754570637381       0.8768900843161511       0.2276738962645008       0.3744607112050282       0.5148820346994314       0.6226129042146589       224.50058366159095       17.938093464702384       242.43867712629333
aborted minimisation     
Minimisation aborted as it proceeded too slow                
 restart
                      105   -3.565814911885674e-05   4.0438539865652006e-08    0.0009842781168289431        2.507085281681422     0.004464465673172569   -0.0012655116692116808  -4.3545240896562235e-06      -12.700688298251169     -0.05914754570637381       0.8768900843161511       0.2276738962645008       0.3744607112050282       0.5148820346994314       0.6226129042146589       224.50058366159095       17.938093464702384       242.43867712629333
                      106   -3.568214887700491e-05    4.043854884243582e-08    0.0009842654173382768       2.5070852820875444     0.004464465679815485   -0.0012655116648680115   -4.354524088872481e-06      -12.700687945282334    -0.059147544185321206       0.8768900837131588      0.22767389655532283       0.3744607111741802        0.514882034693604       0.6226129228320225       224.50069846648543       17.937982147829626       242.43868061431505
                      107   -3.565727818521569e-05    4.043855098043888e-08    0.0009842646736372834       2.5070852822536502     0.004464465681463738   -0.0012655116638114125   -4.354524088649132e-06      -12.700687855355374     -0.05914754382369284       0.8768900835766902      0.22767389661613807      0.37446071116836943       0.5148820346923724       0.6226129270398442         224.500585816366       17.938089074908852       242.43867489127484
                      108   -3.565815198385674e-05   4.0438549360135156e-08    0.0009842780546139881       2.5070852822856615       0.0044644656811214   -0.0012655116645197465   -4.354524088693404e-06      -12.700687817435142    -0.059147543816204344       0.8768900836597457      0.22767389659234047       0.3744607111723185       0.5148820346933624       0.6226129260340452       224.50058391774047       17.938093060905945        242.4386769786464
                      109   -3.565965626089777e-05    4.043853905394457e-08    0.0009842779181048682       2.5070852822066048      0.00446446568593364   -0.0012655116702547122   -4.354524092295187e-06      -12.700687278325862    -0.059147541630435105       0.8768900834672915      0.22767389682250427       0.3744607111483062       0.5148820346846386       0.6226129255259449        224.5005902150324       17.938086211818764       242.43867642685115
                      110   -3.570048684940954e-05    4.055564325141591e-08    0.0009834347972795233        2.507092734408096     0.004464563728500592   -0.0012654538012186044   -4.354512219163059e-06      -12.694756971616163     -0.05912422774697445       0.8768819870350846      0.22767794054395296       0.3744603076826305       0.5148819598200923       0.6228820427958404        224.5047184182991        17.93303965422022        242.4377580725193
                      111   -3.570048685102684e-05    4.055564325360824e-08    0.0009834347972468105       2.5070927344040035      0.00446456372853163   -0.0012654538012655922  -4.3545122193123145e-06      -12.694756971196444     -0.05912422774522287       0.8768819870265581      0.22767794054824828       0.3744603076690993       0.5148819598129184       0.6228820428026465       224.50471841866795        17.93303965372775        242.4377580723957
                      112    -3.57004868590712e-05   4.0555643270189334e-08    0.0009834347970711728        2.507092734386082     0.004464563728625871   -0.0012654538013980518   -4.354512219783061e-06      -12.694756969563633     -0.05912422773824994       0.8768819871710887       0.2276779405437725       0.3744603076347822       0.5148819597888223       0.6228820428313231        224.5047184188226       17.933039653279916        242.4377580721025
                      113   -3.570048690048446e-05     4.05556433509427e-08    0.0009834347961131286        2.507092734265614     0.004464563729152051    -0.001265453802284949    -4.35451222287419e-06      -12.694756960558099     -0.05912422769918918       0.8768819871408187       0.2276779405219327      0.37446030741459446       0.5148819596343341       0.6228820429937869        224.5047184236306       17.933039646577203       242.43775807020782
                      114   -3.570048685893049e-05     4.05556432799336e-08     0.000983434796937887        2.507092734377146     0.004464563728623979   -0.0012654538014666334   -4.354512220184836e-06      -12.694756969287354    -0.059124227735831536       0.8768819870776297        0.227677940545518      0.37446030768822547       0.5148819597659307       0.6228820428222326       224.50471842029395       17.933039651673052         242.437758071967
                      115   -3.570048685515175e-05   4.0555643298392566e-08    0.0009834347967291534        2.507092734479275     0.004464563728893288    -0.001265453801590401   -4.354512220910389e-06      -12.694756967306473     -0.05912422772661097       0.8768819870766118        0.227677940544026       0.3744603077407114       0.5148819597161717       0.6228820428186594       224.50471842248757        17.93303964902424        242.4377580715118
aborted minimisation     
Minimisation aborted as it proceeded too slow               
 finished