                   sim_nr                 advtheta                     advq                   advCO2               deltatheta               gammatheta                   deltaq                   gammaq                 deltaCO2                 gammaCO2                  sca_sto                    alpha                    FracH                       wg                      R10                     data               background                    Costf
                        1    0.0009267046085166894     5.14367675540069e-07     0.004408319893845921        2.819491479376298     0.007499245397094243  -0.00013763397512435915   -2.219689935799984e-06       -66.57747296354941    -0.003900491181671419      0.44044912718010176      0.34731648808643084       0.5927445563829671       0.4072608369709598     0.062307570507912996        54965.32166325923                      0.0        54965.32166325923
                        2    0.0009266785504230454    5.143676745399419e-07    0.0044083168519628005       2.8194914793013583    0.0074992453970034794   -0.0001376339755294379   -2.219689935866659e-06       -66.57747298003517    -0.003900491198236262       0.4404491271735784      0.34731648807512344       0.5927445563827072      0.40726083697086035      0.06230756990840014        54963.91197203937    2.200571535609279e-09        54963.91197204157
                        3    0.0009267046884414192    5.143676747603227e-07      0.00440831788609956        2.819491479348496     0.007499245396957682  -0.00013763397555842217  -2.2196899359335046e-06       -66.57747298053694    -0.003900491214015107      0.44044912717637974      0.34731648807087345       0.5927445563831665       0.4072608369709845      0.06230757077832649       54965.313449322864   2.5288970102685666e-13       54965.313449322864
                        4  -0.00019037315898766426    5.137120747148126e-07    0.0026991057661836723        2.819466325745847     0.007499134398766591  -0.00013799206400531527  -2.2197974635756424e-06       -66.59151580350465    -0.003926557218283143      0.44044591880964434      0.34730379908008435       0.5927447007064146       0.4072608517596518      0.06249208968622533       20205.075526230776        4.211351552457245       20209.286877783234
                        5  -0.00019034732713133341    5.137120567584142e-07     0.002699102579851357        2.819466325673327      0.00749913439810875  -0.00013799207238427571   -2.219797466285178e-06       -66.59151581346453    -0.003926557284256464      0.44044591822656676      0.34730379881449003       0.5927447007157092       0.4072608517590877     0.062492093225994694       20205.006771994926         4.21116519398405        20209.21793718891
                        6  -0.00019037312327541166    5.137120561894813e-07     0.002699102194070112        2.819466325617395     0.007499134398008618  -0.00013799207260927209  -2.2197974662865244e-06       -66.59151581591665    -0.003926557287887003       0.4404459182196341       0.3473037988093136       0.5927447007151594       0.4072608517590878      0.06249209333940353         20205.0731736693        4.211351997404115       20209.284525666706
                        7  -0.00019037316107627545    5.137120403146536e-07    0.0026991057578196007        2.819466325541442    0.0074991343974754225  -0.00013799207994351847  -2.2197974685747225e-06       -66.59151577991254    -0.003926557258323515      0.44044591765042895      0.34730379858294147       0.5927447007225475       0.4072608517586447      0.06249209752663276       20205.073435271122       4.2113515694069905        20209.28478684053
                        8  -0.00019037286264579807    5.137120745756759e-07    0.0026991057693478244       2.8194663256997994     0.007499134398495033  -0.00013799206370675214   -2.219797462910963e-06       -66.59151579197807    -0.003926557217893039       0.4404459184017959      0.34730379881013107       0.5927447007051247       0.4072608517592418       0.0624920918646783       20205.074738398773        4.211349406724952       20209.286087805496
                        9  -0.00016885036226172866    7.228300274450394e-09    0.0023229812238790173        2.816455377555217     0.007480118500812864   -0.0003726547099550619  -2.2933984679750476e-06       -66.24588590235135    -0.004519491707338967       0.4233788371072813       0.3399826533192701       0.5929822294405532       0.4072460200536072       0.1778990274328658       3494.7122774137324        5.146872705759423        3499.859150119492
                       10   -0.0001688503610428586    7.228298871596545e-09     0.002322981223163388       2.8164553776713235    0.0074801185008408055    -0.000372654710505039   -2.293398468128116e-06       -66.24588589102996    -0.004519491715246411       0.4233788368416489       0.3399826527511567       0.5929822294421957      0.40724602005351784       0.1778990298546459       3494.7122362814725        5.146872709180442        3499.859108990653
                       11   -0.0001688503617919304    7.228301330914355e-09     0.002322981220999728        2.816455377670711     0.007480118500853812   -0.0003726547094225095    -2.29339846787078e-06       -66.24588590832407    -0.004519491756615613       0.4233788373045808       0.3399826527415487       0.5929822294418217       0.4072460200539479      0.17789902712965233       3494.7122538933804        5.146872699599395         3499.85912659298
                       12  -0.00016885036278370652    7.228300685669855e-09    0.0023229812285916122        2.816455377659148     0.007480118500922298    -0.000372654709689089  -2.2933984679094487e-06       -66.24588586594874    -0.004519491682804075      0.42337883738346394      0.33998265308793374       0.5929822294418352      0.40724602005423416       0.1778990279604038       3494.7122704375856        5.146872708495563       3499.8591431460814
                       13     -5.3790959365808e-05  -3.1104717940806766e-08      0.00229647551686496       2.8392731871315755     0.007490464785185033   -0.0003750712728514493  -2.2973077203796767e-06       -63.88680800634945    -0.007246180393903498        0.425354231399111       0.2406753577671297       0.5932724943153935       0.4072897350046297      0.40094085707148874        731.1903233285125        6.790587756260632        737.9809110847731
                       14   -5.379096010322702e-05    -3.11047182615432e-08    0.0022964755150540945       2.8392731871358583     0.007490464785103414   -0.0003750712729715926  -2.2973077204108047e-06      -63.886808008245374    -0.007246180426026289       0.4253542317544192      0.24067535762555925       0.5932724943168349       0.4072897350050622      0.40094085603554497        731.1903192146001       6.7905877578105365        737.9809069724106
                       15  -5.3790959693654906e-05   -3.110471797293324e-08      0.00229647551785248        2.839273187211517     0.007490464785242074   -0.0003750712728005802  -2.2973077203586914e-06       -63.88680798532753    -0.007246180394789388      0.42535423173560183      0.24067535770804493       0.5932724943175216       0.4072897350052729       0.4009408572415971        731.1903222600495        6.790587760776742        737.9809100208262
                       16   -5.379095932711738e-05   -3.110471787770302e-08      0.00229647551643772       2.8392731872353463     0.007490464785234125  -0.00037507127275629177   -2.297307720355762e-06       -63.88680799307648    -0.007246180418821561       0.4253542317358687       0.2406753577459206       0.5932724943180856      0.40728973500528204       0.4009408571818218        731.1903228660491        6.790587757304742        737.9809106233538
                       17  -5.3790959157850866e-05  -3.1104718228745875e-08     0.002296475515155361        2.839273187461341     0.007490464785306012   -0.0003750712727777531  -2.2973077203651877e-06       -63.88680796251167    -0.007246180473813594       0.4253542322894672       0.2406753577984227       0.5932724943234308       0.4072897350065515      0.40094085796903656        731.1903220702387       6.7905877629976725        737.9809098332364
                       18  -5.3790959429436355e-05  -3.1104717917663285e-08     0.002296475516348456       2.8392731871976213    0.0074904647851748475  -0.00037507127280466616  -2.2973077203641023e-06      -63.886807997386576   -0.0072461804128996134      0.42535423140044104      0.24067535776909102       0.5932724943152117      0.40728973500486165       0.4009408573602391        731.1903231908295        6.790587759052608        737.9809109498822
                       19   -8.940218902074245e-05    -5.99258221340162e-08    0.0019383988181933872        2.910695778560645     0.007511870778232965   -0.0003420397951246794   -2.288311656784251e-06       -53.87798957102642    -0.025096280789588806       0.6264256197454372      0.22932838433830816       0.5948431507921804      0.40772271061074455       0.5256600171206101        437.2655204245834         9.86883519945214       447.13435562403555
                       20   -8.939819443126512e-05   -5.992579324343718e-08    0.0019383841905202901       2.9106957945925283      0.00751187077650485  -0.00034203977685451435   -2.288311651551406e-06      -53.877985891715355      -0.0250962849348564       0.6264256583413723       0.2293283849687858       0.5948431505968369       0.4077227106689551        0.525659768223484       437.26538401061237        9.868810948226969        447.1341949588393
                       21   -8.944289045556195e-05    -5.99253895182113e-08     0.001938199717852594        2.910696019216515     0.007511870752549361   -0.0003420395211820801   -2.288311578227004e-06      -53.877934198674325    -0.025096342788070217       0.6264261991866082      0.22932839384863657       0.5948431478565459       0.4077227114853796       0.5256562844999504       437.26307044782834        9.869128191059072        447.1321986388874
                       22   -8.940221195581817e-05   -5.992572070476145e-08     0.001938399201851244       2.9106958357846406     0.007511870773285172   -0.0003420397304052949  -2.2883116380806683e-06       -53.87797616700305    -0.025096294909042416       0.6264257564366984       0.2293283866411464        0.594843150097969       0.4077227108184572       0.5256591439874754        437.2651444398674        9.868827839696774        447.1339722795642
                       23   -8.940274033473322e-05   -5.992585685476025e-08    0.0019383986552200102        2.910695800290261     0.007511870771420849   -0.0003420398041686182  -2.2883116590914103e-06        -53.8779841161251     -0.02509628657964934        0.626425647545211       0.2293283850712215       0.5948431505128129      0.40772271068597465       0.5256599802134021         437.265468004496        9.868839270353169       447.13430727484916
                       24   -9.233309320931342e-05   -5.468599859906925e-08    0.0019538661111120183        2.913788655337484     0.007511586926406126  -0.00033865304842517285  -2.2873319024209733e-06      -53.152334199406326    -0.025860890856999247       0.6337338906810752      0.22945237705634175        0.594805577186172       0.4077339251376062       0.4794424377708033       427.38879563492543        9.520503701326087       436.90929933625154
                       25   -9.233309321780142e-05   -5.468599889538361e-08    0.0019538661113077766        2.913788661002993    0.0075115869241954795   -0.0003386530528806825  -2.2873319060149717e-06       -53.15233416175482     -0.02586089093436772       0.6337338913837736      0.22945237718569447       0.5948055770059495       0.4077339251859154      0.47944243755820715       427.38879467530023        9.520503708170944        436.9092983834712
                       26   -9.233309312839616e-05   -5.468599899436661e-08     0.001953866110242401        2.913788677856793     0.007511586914095627   -0.0003386530510028683   -2.287331905358817e-06       -53.15233409874871    -0.025860891241645506       0.6337338931234793       0.2294523764082485       0.5948055762929901       0.4077339253351129       0.4794424388911107       427.38879247070474        9.520503768539113        436.9092962392439
                       27   -9.233309303285887e-05   -5.468599857055685e-08    0.0019538661073564612        2.913788695019221     0.007511586895247829   -0.0003386530385717146  -2.2873318959596658e-06       -53.15233408054658    -0.025860891669386384       0.6337338947173234      0.22945237742880248       0.5948055752695465       0.4077339255107101      0.47944244244646406        427.3887902243828        9.520503807355304       436.90929403173806
                       28    -9.23330934739405e-05    -5.46859989270817e-08     0.001953866107576356       2.9137886756649243     0.007511586884819722  -0.00033865305468658774    -2.28733190680672e-06       -53.15233413999656    -0.025860891583983373       0.6337338932722132      0.22945237710274097       0.5948055755008103      0.40773392536061026       0.4794424389960579        427.3887922817132        9.520503771902565        436.9092960536158
                       29   -9.233309356324688e-05   -5.468599846908802e-08     0.001953866111610411       2.9137886608585433     0.007511586905257226  -0.00033865305051094526  -2.2873318987029924e-06      -53.152334141302305    -0.025860891031326303       0.6337338907997612      0.22945237703904578       0.5948055760991627      0.40773392521811985       0.4794424379847113        427.3887946218516        9.520503717613428       436.90929833946507
                       30   -9.233309316676846e-05   -5.468599829879014e-08     0.001953866112235842       2.9137886596046014     0.007511586900566219   -0.0003386530534896618   -2.287331899535746e-06       -53.15233415674919    -0.025860890987889285       0.6337338904294594      0.22945237706097055       0.5948055767806533      0.40773392518499035       0.4794424375953694       427.38879491465667        9.520503705230302       436.90929861988695
                       31   -9.233308906600858e-05   -5.468596683135797e-08     0.001953866234914074       2.9137890927826025     0.007511584144899326   -0.0003386535722866558   -2.287331600042893e-06       -53.15232979171552     -0.02586090442778566       0.6337338783788826      0.22945237885446043       0.5948055424819457       0.4077339307942137       0.4794424302374365        427.3887188901577        9.520504255246458       436.90922314540416
                       32   -8.612670046174119e-05   1.7260640958538246e-08     0.002219803031483057        4.093597044154218                    0.001   -0.0015814784705701708  -1.5643288724018086e-06       -41.93964143723684     -0.06130832933915894        0.585820749465751      0.23038100563405697       0.4806165782885066       0.4208930660315235       0.4467812663224331        5697.359299323183       18.572601567897976        5715.931900891082
                       33   -8.922989683552709e-05  -1.8712678820265396e-08     0.002086834571297537        3.503692849745851     0.004255793463203063   -0.0009600657594976717   -1.925830387411391e-06      -47.545987818321585     -0.04358461009807909       0.6097773200734131      0.22991669134519938       0.5377110777373393       0.4143134955845649      0.46311185204661776       366.59148537685854       12.130006417108806       378.72149179396735
                       34   -9.078149502242015e-05   -3.669933870966743e-08    0.0020203503412047777       3.2087407525416674     0.005883690194804595   -0.0006493594039614223  -2.1065811449161823e-06       -50.34916100886395    -0.034722750477539165       0.6217556053772442      0.22968453420077053       0.5662583274617556      0.41102371036108554      0.47127714490871053        379.6462092010692       10.346118504841641       389.99232770591084
                       35   -9.000569592897383e-05  -2.7706008764966412e-08    0.0020535924562511574        3.356216801143759     0.005069741829003829    -0.000804712581729547  -2.0162057661637863e-06       -48.94757441359276     -0.03915368028780913       0.6157664627253285      0.22980061277298497       0.5519847025995475       0.4126686029728252       0.4671944984776646        362.9659312682228       11.118278322381277        374.0842095906041
                       36   -8.961779638225057e-05  -2.3209343792615904e-08    0.0020702135137743477        3.429954825444805     0.004662767646103446   -0.0008823891706136094   -1.971018076787589e-06       -48.24678111595718     -0.04136914519294411       0.6127718913993709      0.22985865205909214       0.5448478901684434        0.413491049278695       0.4651531752621416       360.74132120617026       11.594196335096559        372.3355175412668
                       37   -8.959840377097117e-05   -2.320934365137655e-08    0.0020702322161135624        3.429954825868127     0.004662767647020613    -0.000882389170281518  -1.9710180765283578e-06      -48.246780942441134    -0.041369144983651386       0.6127718918116278       0.2298586520964904       0.5448478901702113       0.4134910492803509      0.46515317906426734        360.7299420901138         11.5940636108518        372.3240057009656
                       38   -8.962024280340672e-05  -2.3209343729731755e-08     0.002070241277896907       3.4299548260482267     0.004662767647362781   -0.0008823891701751046  -1.9710180764077085e-06       -48.24678085252814     -0.04136914489425429       0.6127718921023122      0.22985865212142853       0.5448478901705214       0.4134910492814087      0.46515318110617976       360.73385187410156        11.59420501297154        372.3280568870731
                       39   -8.961779639040724e-05  -2.3209343370017826e-08     0.002070213512522099       3.4299548256458494     0.004662767646099348   -0.0008823891703361922  -1.9710180766669645e-06       -48.24678107695091     -0.04136914525904631       0.6127718917829794      0.22985865206838152       0.5448478901701463       0.4134910492798133       0.4651531762195935       360.74132066655284       11.594196352297926       372.33551701885074
                       40    -8.96222605090176e-05   -2.320907442447461e-08    0.0020702125137254655        3.429954954342456     0.004662767643280262   -0.0008823889935241868   -1.971017999715921e-06      -48.246756100067756      -0.0413691875923437       0.6127721374276773      0.22985865801013083        0.544847891260911      0.41349104999572045       0.4651537880645007       360.74238157307263       11.594236780976109       372.33661835404877
                       41   -8.924411671173049e-05  -1.5046689799709348e-08      0.00215624973422734       3.4338405872812223     0.004662693456248906   -0.0008770290950720001  -1.9686866884870375e-06       -47.49229264371473     -0.04264478500766581       0.6201844228380715      0.23003832792358064       0.5448807922431979       0.4135126605560287       0.4836700421229665        338.9825201808316       11.901512983281384         350.884033164113
                       42   -8.926314761308052e-05  -1.5046779067227345e-08     0.002156249607031088        3.433840598035523     0.004662693442846245   -0.0008770291353802273   -1.968686701158742e-06       -47.49229002662233     -0.04264478946534869       0.6201844481186396       0.2300383280056304       0.5448807923855283       0.4135126606164465      0.48367001609604277       338.98224122929696       11.901639081655818        350.8838803109528
                       43   -8.924413251779745e-05  -1.5046867360842742e-08      0.00215625099696978       3.4338406087877327     0.004662693429743496   -0.0008770291752302669   -1.968686713687013e-06      -47.492287419918085      -0.0426447938647863        0.620184473163063       0.2300383280833431       0.5448807925276428       0.4135126606763343       0.4836699904850983       338.98235844173564       11.901514307361104        350.8838727490967
                       44   -8.923386266092021e-05  -1.5070682435098618e-08      0.00215610876003945        3.433843497090102     0.004662689856722279   -0.0008770399277159331  -1.9686900952489253e-06       -47.49158755010286      -0.0426459889078072       0.6201912376772367      0.23003834907955562       0.5448808307421239      0.41351267684101634       0.4836630124785044       338.96074519487246       11.901691363541243        350.8624365584137
                       45   -8.924413126611944e-05   -1.504669060363954e-08     0.002156249660395472       3.4338406039606877     0.004662693449342588   -0.0008770290909532134   -1.968686684620121e-06      -47.492289138141764    -0.042644790967546635       0.6201844602014426      0.23003832817712577       0.5448807923670547      0.41351266064955916      0.48367003539685527        338.9824899743987       11.901513986555067       350.88400396095375
                       46   -8.709552224470932e-05  -1.5127223746560694e-08    0.0021489944265243844        3.435512072053075     0.004662001372490776   -0.0008766163338397102  -1.9682991738053065e-06       -47.14099201796228    -0.043242033136696514       0.6239286475921175      0.23006373479258002       0.5448932040715246      0.41352203340110866      0.48299623925210877        336.1799420764131        11.97911312288772       348.15905519930084
                       47   -8.925049718922081e-05  -1.5046705160690386e-08     0.002156233334631224       3.4338407065825884     0.004662693389609451   -0.0008770290777111828   -1.968686662786104e-06        -47.4922669399531     -0.04264482935719762       0.6201846613001143      0.23003832805222785       0.5448807928763926       0.4135126612320953      0.48367035185234375       338.98223489552913       11.901569056293482       350.88380395182264
                       48   -8.673750632326568e-05   -2.556395491342987e-08     0.002007032998844136        3.466301599623578     0.004648355034881649   -0.0008733490505715782  -1.9626926024196412e-06      -40.634509107304936     -0.05430461910016053       0.6930079971021745      0.23052305064915685       0.5451281550955432       0.4136946735727731       0.4684146785417944       303.62859142778717       13.989079701416639        317.6176711292038
                       49   -8.673750624638209e-05  -2.5563955222560685e-08    0.0020070329943923915       3.4663016010723084     0.004648355032586933   -0.0008733490510187516   -1.962692602269955e-06      -40.634508900301704      -0.0543046194650454       0.6930079981152388      0.23052305030298975       0.5451281548674866       0.4136946736032042       0.4684146805714402       303.62858986646074       13.989079798599514       317.61766966506025
                       50   -8.673750622461716e-05  -2.5563955250901984e-08     0.002007032992005793       3.4663016015888246     0.004648355029943519   -0.0008733490496523123   -1.962692598452789e-06      -40.634508798595554    -0.054304619665487656       0.6930079983982504       0.2305230510995482       0.5451281545215355      0.41369467363750695       0.4684146823978734        303.6285893550147       13.989079832619424       317.61766918763414
                       51   -8.673750630398163e-05  -2.5563954883352365e-08     0.002007032995690895        3.466301599071533     0.004648355029761569   -0.0008733490486222416   -1.962692597853953e-06        -40.6345090091092     -0.05430461935062713       0.6930079978197581       0.2305230506641956       0.5451281546316272       0.4136946735959602      0.46841467923908287        303.6285908367023       13.989079753304546       317.61767059000687
                       52   -8.673750630421582e-05   -2.556395486659763e-08     0.002007032998581778       3.4663015992198174     0.004648355033443549   -0.0008733490504607529  -1.9626925996690364e-06       -40.63450908031448     -0.05430461912662259       0.6930079973691554       0.2305230506358389        0.545128154739823      0.41369467358954676       0.4684146786321328        303.6285913305579       13.989079711066617       317.61767104162453
                       53   -8.302937210121159e-05  -3.0070289054579885e-08     0.001794235787626758       3.4706083068248907     0.004374306955074501   -0.0008268467191835374  -1.6625473381285844e-06       -30.87739165250895     -0.07193294270804812       0.7522976273935316      0.22770304614983516       0.5048131318220994        0.416266371111926       0.5544826604488025        270.1699792094503       19.076806893911815       289.24678610336207
                       54   -8.302937208341484e-05   -3.007028911841123e-08    0.0017942357873825935       3.4706083060151163    0.0043743069531849334   -0.0008268467209414647  -1.6625473400584277e-06      -30.877391640110574     -0.07193294272721858       0.7522976273733499       0.2277030461543053       0.5048131315412557       0.4162663711178046       0.5544826605568725       270.16997905961574       19.076806900747567        289.2467859603633
                       55   -8.302937205229737e-05  -3.0070289049103393e-08    0.0017942357878183322       3.4706083062571182     0.004374306954273497   -0.0008268467202245807  -1.6625473374544055e-06      -30.877391642478287     -0.07193294269368367       0.7522976274451538       0.2277030461671879       0.5048131314703679       0.4162663711319856       0.5544826605173094       270.16997913604416       19.076806894815835          289.24678603086
                       56   -8.302937196592918e-05  -3.0070288971242854e-08    0.0017942357875174197       3.4706083048614684     0.004374306951198531    -0.000826846720941584  -1.6625473344123303e-06      -30.877391626569977      -0.0719329427173073       0.7522976277115461      0.22770304616245757        0.504813130873296       0.4162663711680524       0.5544826605553244       270.16997904694995         19.0768069062605       289.24678595321046
                       57   -8.302937193251537e-05   -3.007028900412213e-08    0.0017942357871074451       3.4706083051747827     0.004374306951257228   -0.0008268467209870382  -1.6625473350376977e-06      -30.877391606611397     -0.07193294274928555       0.7522976279422664       0.2277030461199385       0.5048131314949491      0.41626637118616483       0.5544826607898319       270.16997906979503       19.076806918062204       289.24678598785727
                       58   -8.302937195362348e-05   -3.007028895434857e-08     0.001794235787998871        3.470608304889103     0.004374306951706888   -0.0008268467211615439  -1.6625473362816179e-06      -30.877391652550486     -0.07193294267479182       0.7522976277247164      0.22770304617315076       0.5048131320395501       0.4162663712024161       0.5544826606578077       270.16997909558654       19.076806894542905       289.24678599012947
                       59   -8.302937211020808e-05  -3.0070289032848196e-08    0.0017942357875563642       3.4706083066203046       0.0043743069542813   -0.0008268467192642707  -1.6625473381864164e-06        -30.8773916449079     -0.07193294271464144       0.7522976274448816      0.22770304615182113       0.5048131318118313      0.41626637113672593       0.5544826605673476       270.16997919662276       19.076806898025872       289.24678609464866
                       60  -2.9439261773189416e-05   -3.342936195711765e-09     0.001749727460675041        2.769364281349346     0.002940041812894409    -0.001560224839215729   -6.635545811890702e-07       -20.62308213555654     -0.07530737284336367       0.8963922882043522       0.2291050085277112       0.3383333800065838       0.4441622405840147        0.644760567987289       261.85944583343576       25.976678770441342        287.8361246038771
                       61   -5.623431693720061e-05   -1.670661262514593e-08    0.0017719816241508995       3.1199862940871186    0.0036571743839844545   -0.0011935357791996331  -1.1630509596588273e-06      -25.750236894032746      -0.0736201577757059       0.8243449577989421      0.22840402733877319       0.4215732559143416       0.4302143058479704       0.5996216142180462        249.4905006010979        22.07944111995172        271.5699417210496
                       62   -4.283678935519501e-05  -1.0024774410428742e-08      0.00176085454241297       2.9446752877182325    0.0032986080984394326    -0.001376880309207681   -9.133027704239488e-07      -23.186659514794645     -0.07446376530953477       0.8603686230016472       0.2287545179332422       0.3799533179604627       0.4371882732159926       0.6221910911026667        248.9153788882286         23.9162345171403        272.8316134053689
                       63  -4.9535553146197757e-05  -1.3365693517787336e-08    0.0017664180832819348       3.0323307909026753     0.003477891241211943   -0.0012852080442036572   -1.038176865041388e-06      -24.468448204413697     -0.07404196154262034       0.8423567904002947       0.2285792726360077      0.40076328693740215      0.43370128953198145        0.610906352660356        247.9784153320019        22.96988146153195       270.94829679353387
                       64     -4.9511532864135e-05  -1.3365693978868027e-08    0.0017664299162218674       3.0323307910850525    0.0034778912423212693   -0.0012852080444262044  -1.0381768649176666e-06       -24.46844811626517     -0.07404196133510049       0.8423567905138083      0.22857927266356248      0.40076328693562435       0.4337012895327166       0.6109063530813819        247.9736499969914       22.969725895213745       270.94337589220515
                       65   -4.953646396228253e-05   -1.336569416776315e-08     0.001766429451116317        3.032330791026376     0.003477891242192978   -0.0012852080445477348  -1.0381768649511128e-06      -24.468448119709223     -0.07404196134296685       0.8423567905308817      0.22857927266688488      0.40076328693463326       0.4337012895327893       0.6109063528615559       247.97764242106103       22.969883748957205       270.94752617001825
                       66  -4.9535553053642995e-05  -1.3365693715478262e-08    0.0017664180836714804       3.0323307908808483     0.003477891241268077   -0.0012852080444411612  -1.0381768650704887e-06      -24.468448204407085     -0.07404196153783997       0.8423567904639686       0.2285792726409554      0.40076328693537816       0.4337012895323451        0.610906351461896        247.9784152822455       22.969881446924884       270.94829672917035
                       67  -4.7610323783036095e-05   -1.415260956862798e-08     0.001797050958691572       3.0322444121809604     0.003478116742670858   -0.0012861523402319327  -1.0382922260196588e-06      -24.468205233970647     -0.07402246176382375       0.8426100537658252       0.2285990046370497      0.40075524008799923       0.4337027360204336       0.6061462615507569        246.6355070649536       22.893436774268825       269.52894383922245
                       68   -4.761032378842198e-05  -1.4152609545242035e-08    0.0017970509586743327       3.0322444121676666    0.0034781167427394575   -0.0012861523402875577   -1.038292225979311e-06      -24.468205233864783     -0.07402246176281817       0.8426100537786327      0.22859900464202543       0.4007552400857253       0.4337027360208338       0.6061462615280231        246.6355070636829       22.893436773860028        269.5289438375429
                       69  -4.7610323792925645e-05   -1.415260956659383e-08    0.0017970509586411323        3.032244412152471    0.0034781167427606645    -0.001286152340438315  -1.0382922260004005e-06      -24.468205233913253     -0.07402246176246596       0.8426100537706793       0.2285990046412855       0.4007552400841681      0.43370273602109943       0.6061462615342608       246.63550706403623       22.893436773960325       269.52894383799656
                       70  -4.7610323784854844e-05  -1.4152609552228787e-08    0.0017970509586131005        3.032244412134776     0.003478116742861419   -0.0012861523406019063  -1.0382922259705826e-06      -24.468205233810835     -0.07402246176120328       0.8426100537570937      0.22859900463659694       0.4007552400803514       0.4337027360217618       0.6061462615571092       246.63550706354312       22.893436773934283        269.5289438374774
                       71  -4.7610323759030015e-05  -1.4152609536475244e-08    0.0017970509585819921        3.032244412087776    0.0034781167430787026   -0.0012861523411118213  -1.0382922259452123e-06      -24.468205233902527     -0.07402246176094956        0.842610053777602       0.2285990046333417       0.4007552400692606      0.43370273602382853       0.6061462614545894       246.63550706233963        22.89343677293392       269.52894383527354
                       72  -4.7610323775346824e-05  -1.4152609564516482e-08    0.0017970509586284558        3.032244412186486    0.0034781167427457033   -0.0012861523403887233  -1.0382922260327641e-06       -24.46820523316018     -0.07402246176425484       0.8426100537713128       0.2285990046396018       0.4007552400833922        0.433702736021423        0.606146261561384       246.63550706401432        22.89343677457847        269.5289438385928
                       73   -4.750661929403446e-05   -6.199809029770334e-09    0.0017566719698385502        3.011412403670388     0.003572404576629275   -0.0014726884866494172  -1.0174831063309444e-06      -24.330196097787805     -0.07293240367943626       0.8409076785352165      0.22890480797292911       0.3967547629718131        0.434418959804942       0.6049782397019294       246.31932976239497        22.74502210094715        269.0643518633421
                       74   -4.750661930179279e-05   -6.199809017439017e-09    0.0017566719697539265       3.0114124036611765    0.0035724045767579855   -0.0014726884868678561  -1.0174831063198988e-06      -24.330196096942235     -0.07293240367820296       0.8409076785466625      0.22890480797105486       0.3967547629648479       0.4344189598063112       0.6049782397038879       246.31932976157856        22.74502210119239       269.06435186277093
                       75   -4.750661929805468e-05     -6.1998090299192e-09    0.0017566719697916428        3.011412403696939      0.00357240457665631    -0.001472688486733473  -1.0174831063808695e-06      -24.330196096676605     -0.07293240367978447       0.8409076785463652       0.2289048079718872       0.3967547629672248      0.43441895980599543       0.6049782397119285       246.31932976131944       22.745022101508685        269.0643518628281
                       76   -4.750661929294397e-05    -6.19980901904245e-09     0.001756671969662645       3.0114124037608048     0.003572404576728835   -0.0014726884868128717  -1.0174831064653401e-06       -24.33019609450808     -0.07293240368089235       0.8409076785717051      0.22890480797282037       0.3967547629567094       0.4344189598083884       0.6049782397217403        246.3193297595943        22.74502210236461        269.0643518619589
                       77   -4.750661929214513e-05  -6.1998090011931365e-09    0.0017566719694459506        3.011412403718915    0.0035724045769702124   -0.0014726884874673588    -1.01748310651092e-06      -24.330196093403238     -0.07293240367885837       0.8409076785678835      0.22890480797498897       0.3967547629398547       0.4344189598116343       0.6049782397076244       246.31932975939597       22.745022102205294       269.06435186160127
                       78   -4.750661929556394e-05   -6.199809024430638e-09    0.0017566719697968453       3.0114124036704215    0.0035724045766480587     -0.00147268848672159   -1.017483106387767e-06       -24.33019609705974     -0.07293240367908063       0.8409076785234135      0.22890480797349325      0.39675476296558515      0.43441895980620565       0.6049782397053178       246.31932976220045       22.745022100899458        269.0643518630999
                       79   -4.750661929443659e-05    -6.19980901881121e-09    0.0017566719697913605       3.0114124036769785    0.0035724045765638717   -0.0014726884867334834  -1.0174831066192862e-06      -24.330196095328414     -0.07293240367939281       0.8409076784977996      0.22890480797270354       0.3967547629498264      0.43441895980956635       0.6049782396642378       246.31932976200923        22.74502210037219       269.06435186238144
                       80  -4.7506619291903134e-05   -6.199809024973163e-09    0.0017566719698163136       3.0114124036545205     0.003572404576639986   -0.0014726884867047594  -1.0174831064092803e-06      -24.330196097450703     -0.07293240367870105       0.8409076785380767      0.22890480797239982      0.39675476296633855      0.43441895980645706       0.6049782397058188       246.31932976219898       22.745022100958483       269.06435186315747
                       81  -4.8037500957504226e-05    2.392733106789862e-09    0.0016755734134702095       3.0225999267592836     0.003617055120348155    -0.001616818175402994   -1.134493686328514e-06       -22.81914942716915     -0.07264251849799037        0.843164104627526      0.22854553753823525       0.3852500207225919      0.43701177542621417        0.606002794727563       245.72761903891106       23.014072196577587       268.74169123548864
                       82   -4.803750097053547e-05   2.3927331075776027e-09    0.0016755734133316316       3.0225999267865893    0.0036170551203003444    -0.001616818175545317  -1.1344936866749803e-06       -22.81914942432213      -0.0726425184983781       0.8431641046758802      0.22854553754130372       0.3852500207047006       0.4370117754310853       0.6060027947304185        245.7276190360591       23.014072197802367        268.7416912338615
                       83    -4.80375009591894e-05   2.3927331043108084e-09    0.0016755734134475567       3.0225999267801624     0.003617055120277571    -0.001616818175208485     -1.1344936864748e-06      -22.819149426391803     -0.07264251849839605       0.8431641046579583       0.2285455375400357       0.3852500207198142        0.437011775427792       0.6060027947503084       245.72761903779525        23.01407219725704        268.7416912350523
                       84  -4.8037500952958926e-05   2.3927331122784238e-09     0.001675573413408146        3.022599926736024     0.003617055120378748   -0.0016168181754909114  -1.1344936865218463e-06       -22.81914942640703     -0.07264251849708026       0.8431641046541059       0.2285455375383659       0.3852500207129173       0.4370117754294711        0.606002794743107       245.72761903810485       23.014072197027883       268.74169123513275
                       85   -4.803750095787112e-05   2.3927331090061237e-09    0.0016755734134617645        3.022599926676894    0.0036170551203566345   -0.0016168181753436416  -1.1344936865779472e-06       -22.81914942755246       -0.072642518495953       0.8431641046584066        0.228545537536982       0.3852500207161136      0.43701177542985103       0.6060027947547288       245.72761903802842       23.014072196804314       268.74169123483273
                       86    -4.80375009570107e-05   2.3927331383064757e-09    0.0016755734132686416        3.022599926652756     0.003617055120564987   -0.0016168181758133102   -1.134493686904107e-06      -22.819149424108893      -0.0726425184933476       0.8431641046518672      0.22854553753818974       0.3852500206823483      0.43701177543777153       0.6060027947250521       245.72761903816843       23.014072196538066        268.7416912347065
                       87   -4.803750095311668e-05   2.3927331285956665e-09    0.0016755734132789168         3.02259992661834    0.0036170551204709944   -0.0016168181755428059  -1.1344936872871469e-06       -22.81914942385136     -0.07264251849207937       0.8431641046154312      0.22854553753963272       0.3852500206757079       0.4370117754416952       0.6060027947406574       245.72761903835072       23.014072195777466        268.7416912341282
                       88   -4.803750093968623e-05   2.3927331040840153e-09    0.0016755734133874199        3.022599926477474    0.0036170551202198966   -0.0016168181745365182  -1.1344936880876267e-06       -22.81914942609122       -0.072642518488927         0.84316410463146       0.2285455375403545       0.3852500206739623       0.4370117754492491       0.6060027947069084       245.72761903870492       23.014072193766896        268.7416912324718
                       89  -4.5186309335886886e-05   1.0437970377973445e-08     0.001593125122106636       2.9489989004887414    0.0036504901176142137   -0.0016169790652715472  -1.6024372421498144e-06       -21.61560724459095     -0.06998081296487652       0.8621132251630286       0.2289703576975145       0.3654195833473025      0.44424682897982265       0.6166682400797292         245.297866622302       23.016685528972413        268.3145521512744
                       90  -4.5198441720659924e-05    1.043796989158214e-08    0.0015931490249288067        2.948998901682824     0.003650490123814738   -0.0016169790628057558   -1.602437241841794e-06       -21.61560701608654     -0.06998081276341066       0.8621132261357873       0.2289703572217826      0.36541958343165976       0.4442468290149218       0.6166682339823781       245.29774574576606       23.016754132472478       268.31449987823856
                       91   -4.518122677392585e-05   1.0437968955956322e-08     0.001593216949346274        2.948998905295678     0.003650490142196855   -0.0016169790552688168  -1.6024372408998595e-06      -21.615606360682758     -0.06998081221627699       0.8621132289922753       0.2289703557975751      0.36541958368339733       0.4442468291188706       0.6166682154256806       245.29777556252915        23.01662352586837        268.3143990883975
                       92   -4.518630973519551e-05   1.0437970797163063e-08    0.0015931251300014592       2.9489989014252322     0.003650490122123879   -0.0016169790626058714  -1.6024372420598726e-06       -21.61560719428895     -0.06998081317116903       0.8621132260509405       0.2289703571716507       0.3654195834329441       0.4442468290142905       0.6166682306270017       245.29786659672826        23.01668546705416        268.3145520637824
                       93  -4.5186825280962286e-05   1.0437968901853151e-08    0.0015931250976648566        2.948998902486132    0.0036504901271091576    -0.001616979060680321  -1.6024372424454297e-06      -21.615607133609572     -0.06998081341605462       0.8621132258362028       0.2289703567315473       0.3654195835351229       0.4442468290547955       0.6166682399207666        245.2978627223806       23.016688891195912        268.3145516135765
                       94   -4.529364816864578e-05   1.0484769927313314e-08    0.0015947733287110192       2.9491035613348386     0.003650994122949916   -0.0016166811920846713  -1.6024271875907984e-06      -21.609980304117816     -0.07000385295579101       0.8622124418337473       0.2289115956782684      0.36542915372635665       0.4442506807628298       0.6156121658495293        245.2989954177017       23.009928647579592        268.3089240652813
                       95   -4.529364816699443e-05   1.0484769914077577e-08     0.001594773328686384       2.9491035614080614    0.0036509941230664323   -0.0016166811917546708  -1.6024271877933939e-06      -21.609980304089827     -0.07000385295597228       0.8622124418148833      0.22891159566565578        0.365429153811461       0.4442506807976018       0.6156121658817986       245.29899541495487        23.00992864737856        268.3089240623334
                       96   -4.529364817464716e-05    1.048476989287359e-08    0.0015947733287120908       2.9491035614620613    0.0036509941232215964    -0.001616681191408011  -1.6024271882230268e-06       -21.60998030411965     -0.07000385295825111       0.8622124418333803      0.22891159568510971       0.3654291539162741      0.44425068085516783       0.6156121658433831        245.2989954139629       23.009928646279114         268.308924060242
                       97   -4.529364819305984e-05   1.0484769923477313e-08    0.0015947733286419087       2.9491035614038923    0.0036509941232915144   -0.0016166811898226084  -1.6024271889843703e-06       -21.60998030643813     -0.07000385296841426       0.8622124417535626      0.22891159568251146      0.36542915405587684       0.4442506809830949       0.6156121657587184       245.29899541087164          23.009928643662       268.30892405453363
                       98   -4.529364824418973e-05   1.0484769810524835e-08     0.001594773328864105        2.949103561310158    0.0036509941235571995    -0.001616681190340652  -1.6024271924765635e-06      -21.609980308345182     -0.07000385298663195       0.8622124415386574      0.22891159566530533       0.3654291542458794       0.4442506812043018       0.6156121654476001       245.29899540562712        23.00992863919897        268.3089240448261
                       99    -4.52936482014777e-05   1.0484769905742985e-08    0.0015947733288745342       2.9491035613708854     0.003650994123458251   -0.0016166811913015382   -1.602427188314656e-06       -21.60998030450466     -0.07000385296506442       0.8622124415348469      0.22891159567792613      0.36542915376930446       0.4442506809545243       0.6156121656983187       245.29899541514754       23.009928642405395       268.30892405755293
aborted minimisation     
Minimisation aborted as it proceeded too slow                
 restart
                      100   -4.529364824418973e-05   1.0484769810524835e-08     0.001594773328864105        2.949103561310158    0.0036509941235571995    -0.001616681190340652  -1.6024271924765635e-06      -21.609980308345182     -0.07000385298663195       0.8622124415386574      0.22891159566530533       0.3654291542458794       0.4442506812043018       0.6156121654476001       245.29899540562712        23.00992863919897        268.3089240448261
                      101  -4.5269878162563205e-05   1.0484746814627461e-08    0.0015947745681840393        2.949103571926399    0.0036509941730808407   -0.0016166811731177782   -1.602427197151072e-06      -21.609979686836322     -0.07000385574130213       0.8622124371659592      0.22891159157949403       0.3654291552708654      0.44425068160925574        0.615612294621898       245.29915308136165       23.009780658362644        268.3089337397243
                      102   -4.529364432591345e-05   1.0484740727731388e-08    0.0015947732360871803       2.9491035745779444     0.003650994185582822    -0.001616681168791508  -1.6024271984015947e-06       -21.60997953923397     -0.07000385648227474        0.862212436045751       0.2289115905292315       0.3654291555338021       0.4442506817134274       0.6156123276552501       245.29899149260396       23.009931331552043         268.308922824156
                      103   -4.529194543588163e-05   1.0484639582897811e-08    0.0015947422023245032       2.9491036474346526    0.0036509945291155806   -0.0016166810228776794   -1.602427219335911e-06      -21.609975642447008     -0.07000387602739404       0.8622124176860322      0.22891156331467136       0.3654291625320986      0.44425068449216365       0.6156130390678545        245.2989751364932       23.009943169854168        268.3089183063474
                      104   -4.526593291150892e-05   1.0344972262561376e-08    0.0015942369035971964       2.9491674168829243    0.0036512926508480573    -0.001616577396589129  -1.6024556743676102e-06      -21.606279671740477     -0.07002067793895113       0.8621860399785941       0.2288868795499473        0.365435352576747       0.4442531314876684        0.616392313429345       245.28312712518112       23.022860372084992       268.30598749726613
                      105   -4.526593291028751e-05   1.0344972262700924e-08    0.0015942369035737529        2.949167417015802    0.0036512926510326787   -0.0016165773962026379  -1.6024556740898846e-06      -21.606279671468975      -0.0700206779402201       0.8621860400066812       0.2288868795286202       0.3654353533878619      0.44425313184703075       0.6163923134577587         245.283127107764       23.022860370285844        268.3059874780498
                      106  -4.5265932927085486e-05   1.0344972256424199e-08    0.0015942369035797223        2.949167416895767    0.0036512926509012023    -0.001616577396509302   -1.602455675416309e-06      -21.606279672742456     -0.07002067794172234       0.8621860398870829      0.22888687955099768      0.36543535236835334       0.4442531320815977       0.6163923133541465       245.28312710592633        23.02286037286499       268.30598747879134
                      107   -4.526593287900635e-05    1.034497230336867e-08    0.0015942369035280514       2.9491674169685913    0.0036512926508608275   -0.0016165773958837226  -1.6024556747553275e-06      -21.606279674719172     -0.07002067794558334       0.8621860395665981      0.22888687951601072       0.3654353521976239       0.4442531320940485       0.6163923132972746       245.28312710847518       23.022860369199407        268.3059874776746
                      108  -4.6223654524851325e-05   1.0259818885432407e-08    0.0015917350984932788       2.9528167070956437    0.0036582228632944334    -0.001597541451824316  -1.6917703358619455e-06      -21.719153090267202     -0.07034103099238619       0.8504365744049469      0.22835054158934376       0.3539120282069508       0.5053719472733899       0.6089899244761998        243.9315460154039       23.208412617692566       267.13995863309646
                      109   -4.619686964786959e-05   1.0259818640504784e-08    0.0015917384833348139       2.9528167071626736     0.003658222863641332   -0.0015975414519690408  -1.6917703358625651e-06       -21.71915306659419     -0.07034103092842381       0.8504365743328408      0.22835054161856863       0.3539120282097259       0.5053719472737008       0.6089899246072177       243.92951137896839       23.208242648976697        267.1377540279451
                      110   -4.622376081298404e-05   1.0259818484755753e-08    0.0015917368969697006        2.952816707089349     0.003658222863417878   -0.0015975414520658549  -1.6917703359077403e-06       -21.71915307840873     -0.07034103095931311       0.8504365743359921       0.2283505416192828      0.35391202820904494       0.5053719472736891       0.6089899244147929       243.93153608345196       23.208412700056247        267.1399487835082
                      111  -4.4744304773786575e-05   1.0259314789422147e-08    0.0015941350874502517       2.9528167034343915    0.0036582230349082746   -0.0015975417555314758  -1.6917703918323857e-06      -21.719137184266526      -0.0703409867546571       0.8504364858525193      0.22835057991229818       0.3539120309314255       0.5053719476574783       0.6089898573448425       243.86884900132526       23.198309200861697       267.06715820218693
                      112  -4.4743317318629247e-05   1.0259195642941873e-08    0.0015941338618860733       2.9528166936223292     0.003658223032036412    -0.001597541836689638  -1.6917704141127412e-06      -21.719137762980267      -0.0703409873639011       0.8504364592640004      0.22835058923331691      0.35391203169489005       0.5053719477497285       0.6089897456976159       243.86885007182323        23.19830190270124       267.06715197452445
                      113   -4.475394223204716e-05   1.0172605028329193e-08    0.0015932513462153233       2.9528095614285155     0.003658220943391197    -0.001597600818824768  -1.6917866060238903e-06      -21.719558281889643     -0.07034142998067272       0.8504171362523223       0.2283573634267318      0.35391258652289903       0.5053720147941665       0.6089086098247432       243.86647778354256        23.19757988224487       267.06405766578746
                      114   -4.474286502861592e-05    1.022862278495918e-08    0.0015942555627876066       2.9528141788502604    0.0036582223327617357   -0.0015975626631703967    -1.69177612299359e-06      -21.719283165074433     -0.07034113545765086       0.8504296304226711      0.22835298463180354       0.3539122277864417       0.5053719714630308       0.6089611459763731       243.86774787068913        23.19787960976352       267.06562748045263
                      115   -4.474434856634542e-05   1.0259323246241232e-08    0.0015941351518015006        2.952816694369723    0.0036582230543170512   -0.0015975417784692939  -1.6917703868841203e-06      -21.719137931081896     -0.07034098757141856        0.850436451656176       0.2283505918553263       0.3539120318638838       0.5053719477925044       0.6089897756632832       243.86884830515515       23.198307712960922       267.06715601811607
                      116  -4.3300061644301265e-05   1.0573259106690614e-08    0.0015967020448035547        2.952480238820601     0.003658943500340273    -0.001598393170094634  -1.6915867078375546e-06      -21.746857028723603     -0.07037130090240416       0.8491671366423148      0.22879389190890526       0.3539466431431696       0.5053769597254356       0.6059580587781426       243.97444401309306        23.12385642803469        267.0983004411278
                      117   -4.474496423613007e-05   1.0259320146329768e-08     0.001594149192332446       2.9528166798718694     0.003658223082787438   -0.0015975418230434742   -1.691770382523181e-06       -21.71913895272969     -0.07034098871604076       0.8504363811097531      0.22835060294871545      0.35391203339730315       0.5053719480124332         0.60898991811169        243.8688468968655        23.19830761171641        267.0671545085819
                      118   -4.460299053709415e-05    9.980908012495535e-09    0.0015956951873062105       2.9525487155041357    0.0036586989699516573   -0.0015984520075236724  -1.6917378228395221e-06      -21.740236991594724      -0.0703639112915728       0.8494681129583737       0.2286888291274221      0.35393859155737184       0.5053757185848571       0.6064819082763675        243.8797253307548       23.147184025194278        267.0269093559491
aborted minimisation     
Minimisation aborted as it proceeded too slow               
 finished