                   sim_nr                 advtheta                     advq                   advCO2               deltatheta               gammatheta                   deltaq                   gammaq                 deltaCO2                 gammaCO2                  sca_sto                    alpha                    FracH                       wg                      R10                     data               background                    Costf
                        1   0.00017696972170323232  -3.7753301916967194e-07    -0.009201618622901968        5.085360244136352     0.008624298131313095    -0.004131911946288605  -2.8486774747001936e-06      -30.368491444072937    3.558579543484661e-05       0.8107423694335771      0.31295451918578665       0.5713104703431507       0.4049980477009842       0.7442030817531392       118435.25251008217                      0.0       118435.25251008217
                        2   0.00017697904375320225  -3.7753301858509575e-07    -0.009201593401611183        5.085360244313249     0.008624298131437318    -0.004131911945938223  -2.8486774746612513e-06       -30.36849134398195   3.5585849356452255e-05       0.8107423693218563       0.3129545191953902       0.5713104703420527       0.4049980477018152       0.7442030893780256       118434.56763669531   3.1819879940002996e-10       118434.56763669563
                        3   0.00017695304642404195   -3.775330183409478e-07    -0.009201552935843878        5.085360244506359     0.008624298131408687    -0.004131911945693957  -2.8486774746804323e-06       -30.36849124096056    3.558584832132958e-05       0.8107423692051261       0.3129545192281788       0.5713104703389318      0.40499804770390535        0.744203105633451       118433.83594623665   1.1494686827086365e-09        118433.8359462378
                        4    0.0001769698222645415  -3.7753301799375176e-07    -0.009201618592708485        5.085360244182842     0.008624298131389709    -0.004131911945901321   -2.848677474650823e-06      -30.368491429568333   3.5585817653012164e-05       0.8107423694774827        0.312954519166025       0.5713104703423074       0.4049980477012654       0.7442030805993092       118435.25089516437    3.283752745353908e-14       118435.25089516437
                        5  -1.1965699138484964e-05   -3.771469959551252e-07   0.00023202735747970653        5.085427284271287     0.008624339000440288    -0.004131733868169432  -2.8486606227995284e-06       -30.33343090034967   5.2193690816908594e-05       0.8107148361780623        0.312955809948794       0.5713097723289875      0.40499848161048657       0.7471902079766064        8667.426389915456        5.241794649698652        8672.668184565155
                        6  -1.1965696752690874e-05  -3.7714699314039387e-07    0.0002320273537260286        5.085427284321101     0.008624339000488954    -0.004131733867804008  -2.8486606227553057e-06       -30.33343090026283    5.219369070290533e-05        0.810714836294786       0.3129558099318852       0.5713097723281472       0.4049984816107765       0.7471902078053443        8667.426282226412        5.241794642693995        8672.668076869106
                        7  -1.1965702193024279e-05   -3.771469941712232e-07   0.00023202736439842213        5.085427284293614      0.00862433900046578    -0.004131733867938713  -2.8486606227720744e-06       -30.33343090072085   5.2193691021547065e-05       0.8107148362743934       0.3129558099251487       0.5713097723278286      0.40499848161069585       0.7471902076534658        8667.426347288707        5.241794660940194        8672.668141949647
                        8  -1.1965699937549636e-05   -3.771469957519004e-07   0.00023202735194678692        5.085427284267676     0.008624339000456527    -0.004131733868103481  -2.8486606227774645e-06      -30.333430901233566    5.219368960672869e-05       0.8107148361408474       0.3129558099236821       0.5713097723283789       0.4049984816103369         0.74719020781487         8667.42638397354        5.241794644653675        8672.668178618193
                        9  -0.00014471513855199544   4.0345162108673044e-08     0.000304044811134975        5.091568776969634     0.008631680276575942    -0.004075638417382217  -2.8412126853389264e-06      -30.405946393060297   1.7450321202826276e-06       0.8278899549437906       0.3080130161017899        0.571097651406229      0.40503540349565015       0.6937336330814077       1958.4941820864622        6.141935872111281       1964.6361179585735
                       10  -0.00014471513758705523    4.034516192464878e-08   0.00030404481149868406        5.091568776966063     0.008631680276570337    -0.004075638417411072  -2.8412126853434123e-06      -30.405946392886428   1.7450324726577798e-06       0.8278899549359713      0.30801301607906295       0.5710976514060284       0.4050354034956099       0.6937336329681711       1958.4941797141478        6.141935870144082        1964.636115584292
                       11  -0.00014471513860226133    4.034516218358887e-08    0.0003040448116785992       5.0915687769687334     0.008631680276574464    -0.004075638417357609   -2.841212685336146e-06      -30.405946393180837   1.7450322472790838e-06       0.8278899549563425      0.30801301605664816       0.5710976514055052      0.40503540349563827       0.6937336328140038       1958.4941803737656        6.141935873366329        1964.636116247132
                       12  -0.00014471513864293983    4.034516088231058e-08    0.0003040448092535182        5.091568776938669     0.008631680276528901    -0.004075638417441874  -2.8412126853544737e-06      -30.405946394277834   1.7450316515928773e-06       0.8278899549552667       0.3080130157990887       0.5710976514017649       0.4050354034954453       0.6937336317140783       1958.4941702974565        6.141935868756949       1964.6361061662135
                       13   -0.0001447151385775021    4.034516209739205e-08    0.0003040448111816547          5.0915687769664     0.008631680276570294    -0.004075638417384135  -2.8412126853399513e-06      -30.405946393033407   1.7450321304646413e-06       0.8278899549183254       0.3080130160769017       0.5710976514056917       0.4050354034956289        0.693733633352001       1958.4941813738767        6.141935871892077       1964.6361172457687
                       14   -0.0001447151384940739   4.0345162450250515e-08   0.00030404480622452275       5.0915687769597175     0.008631680276553007    -0.004075638417334185   -2.841212685336236e-06      -30.405946393643358   1.7450305457682034e-06       0.8278899548303964       0.3080130159789539       0.5710976514032908      0.40503540349557443       0.6937336344207408       1958.4941787708913        6.141935866096809       1964.6361146369882
                       15  -0.00015387291728064366    4.830464162463431e-08    0.0005446779586797089        5.086115550639595     0.008622366716386269   -0.0040551669126814485  -2.8401307915198124e-06       -30.58897275615663    5.063264162384144e-05       0.8171004108263091      0.22294939611905482       0.5696196725412126      0.40499198541018266        0.605940317241954       402.61929515317354        7.438362268987106        410.0576574221607
                       16  -0.00015385090799012357    4.830464190601167e-08    0.0005446625284047778        5.086115550046561     0.008622366715233162    -0.004055166913315963   -2.840130791721172e-06      -30.588972846434036    5.063249375164623e-05       0.8171004098680492      0.22294939610501088        0.569619672479065      0.40499198540716247       0.6059403142063928        402.6170839106834        7.438297771221422        410.0553816819048
                       17  -0.00015387354066646416    4.830464163426296e-08    0.0005446569423714753        5.086115549747158     0.008622366714700219    -0.004055166913732481  -2.8401307918283306e-06       -30.58897287918596    5.063243793852449e-05       0.8171004094770584      0.22294939610699172        0.569619672451805       0.4049919854059714        0.605940313151919       402.61834721090094        7.438340021492467        410.0566872323934
                       18  -0.00015387291725143444    4.830464150639317e-08    0.0005446779582933912        5.086115550060113     0.008622366715290567    -0.004055166913414285  -2.8401307917255397e-06      -30.588972757301036   5.0632598169397985e-05       0.8171004097270187      0.22294939611981013       0.5696196724782966       0.4049919854073933       0.6059403175282689        402.6192949327126       7.4383622670203025        410.0576571997329
                       19  -0.00015386791466205784    4.830460231072662e-08    0.0005446778821258866        5.086115338584355     0.008622366315454858    -0.004055167179348204  -2.8401308665003217e-06      -30.588973176141938   5.0616731916556345e-05       0.8171000091191565      0.22294939641050915       0.5696196495057069      0.40499198438971107       0.6059404143200169        402.6188787070539        7.438350954576718       410.05722966163063
                       20  -0.00015110182658758232    4.601498759228854e-08    0.0005185810617723378        5.074891878681705     0.008601144636615113    -0.004069360645993036   -2.844115390207424e-06      -30.611245645847312   -0.0007911353966401204        0.795809177462647      0.22296401398741175       0.5684010914393818      0.40493796024672646       0.6114812139713548         400.036923838085        7.383296648596788        407.4202204866818
                       21   -0.0001511141001678848   4.6015093433958774e-08    0.0005185819803573705        5.074891866450473     0.008601144614624487    -0.004069360619781493  -2.8441153860400855e-06      -30.611245700888478   -0.0007911365012971338       0.7958091712202102      0.22296401447849434       0.5684010897941386         0.40493796019727       0.6114810061040705        400.0368157810006        7.383324671085777        407.4201404520864
                       22  -0.00015110205500256114   4.6015497858089965e-08    0.0005185860940577838        5.074891819885322      0.00860114453082863     -0.00406936051953235  -2.8441153701026257e-06      -30.611245907228714     -0.00079114071157949       0.7958091473456799      0.22296401633855434       0.5684010835195465       0.4049379600084536       0.6114802132541799        400.0365955592935          7.3833071087957        407.4199026680892
                       23   -0.0001511122240411741     4.60478488258622e-08    0.0005184811856670801        5.074888083385373     0.008601137806987279    -0.004069352512060969   -2.844114098650939e-06      -30.611264951562074   -0.0007914811145448925       0.7958072325766825       0.2229641651554003       0.5684005806774636       0.4049379448655601       0.6114166379167933         400.016397069524        7.383486834925119        407.3998839044491
                       24   -0.0001511017624112165    4.601497886563504e-08    0.0005185811552892057       5.0748918605963285     0.008601144601736813    -0.004069360670291353   -2.844115397164066e-06      -30.611245685798504    -0.000791136734035562       0.7958091539256182      0.22296401406476568       0.5684010896630066      0.40493796017045125       0.6114811176028496        400.0369149783522       7.3832968891874575       407.42021186753965
                       25  -0.00015089722820537524    5.151553957018382e-08    0.0005355878782733452        5.073506070935637     0.008598559148551805    -0.004068869349013011  -2.8441591604786912e-06       -30.61606931530521   -0.0009049801710968239       0.7945377057152496      0.22299395829714813       0.5682404268231752      0.40493222677839724       0.5962155014413302        397.9663755742128        7.465106385513141       405.43148195972594
                       26  -0.00015092405799961445    5.151553890430687e-08    0.0005355874837148396        5.073506070418248      0.00859855914758802    -0.004068869349820169   -2.844159160692153e-06      -30.616069318416045   -0.0009049802092278649        0.794537705026471      0.22299395830544683       0.5682404267764101      0.40493222677649304       0.5962155005717147       397.96351390549586        7.465162948531781       405.42867685402763
                       27  -0.00015089722790331424     5.15155392181798e-08    0.0005355878674021264        5.073506070461974     0.008598559147631815    -0.004068869349697742  -2.8441591606732577e-06      -30.616069316148923   -0.0009049802068142203       0.7945377049998468       0.2229939582995369        0.568240426777126       0.4049322267764283       0.5962155006285217       397.96637542355165       7.4651063747659165        405.4314817983176
                       28  -0.00015315314077066344   5.1362893020670585e-08    0.0005308403026824636        5.073300700961672     0.008598160263637515    -0.004069166238978276  -2.8442435204431872e-06       -30.61643532645798   -0.0009204664003757704       0.7942275304434332      0.22299499452212146       0.5682204611868683        0.404931373106695       0.5958630862797101       397.80552228362865        7.465500564105556       405.27102284773423
                       29  -0.00015315314081256574    5.136289294345231e-08    0.0005308403027354039        5.073300700458397     0.008598160262684455    -0.004069166239605563  -2.8442435206250655e-06      -30.616435323388068   -0.0009204664063732005       0.7942275291415872      0.22299499452697732        0.568220461137914      0.40493137310477634       0.5958630862714713       397.80552207450387        7.465500564672251        405.2710226391761
                       30  -0.00015315314098544026   5.1362893670683246e-08    0.0005308403022826827        5.073300699377787      0.00859816026064081    -0.004069166239802072  -2.8442435207877683e-06      -30.616435324467922   -0.0009204664487099116       0.7942275273697925       0.2229949945396733       0.5682204610272444      0.40493137310097493       0.5958630852051581       397.80552179134355        7.465500570893954        405.2710223622375
                       31  -0.00015315314059035476    5.136289316425622e-08    0.0005308403033226997        5.073300698873301     0.008598160259586676   -0.0040691662409691924   -2.844243521112773e-06      -30.616435319534197    -0.000920466446827305        0.794227527984243       0.2229949945321666       0.5682204610029467       0.4049313731002833       0.5958630837756598        397.8055217840772        7.465500574297904        405.2710223583751
                       32  -0.00015315314093929032    5.136289322210794e-08    0.0005308403034539333         5.07330069966624     0.008598160261069491    -0.004069166239914759  -2.8442435208207416e-06      -30.616435304919076   -0.0009204663777463758       0.7942275297544634      0.22299499455374078       0.5682204610909651      0.40493137310491234       0.5958630854594924       397.80552207494986        7.465500568330108          405.27102264328
                       33  -0.00015315314077520256    5.136289310409486e-08    0.0005308403029221885        5.073300700033535      0.00859816026161338    -0.004069166239699489  -2.8442435207904343e-06       -30.61643532075896   -0.0009204664251979939       0.7942275304379622      0.22299499448406881       0.5682204611404167      0.40493137310679095       0.5958630862564336        397.8055222036112        7.465500565429871       405.27102276904105
                       34  -0.00015315314059026168     5.13628933984801e-08    0.0005308403038537558        5.073300695693784     0.008598160251907436    -0.004069166243149915   -2.844243522523204e-06        -30.6164353046879   -0.0009204665849888575       0.7942275307497986      0.22299499452454008       0.5682204609392129      0.40493137310810445       0.5958630864637939        397.8055218702649        7.465500565651712        405.2710224359166
                       35  -0.00015315313921073243    5.136289364728396e-08    0.0005308403111723738         5.07330066823784      0.00859816018179069    -0.004069166261735832  -2.8442435370240584e-06      -30.616435167103727   -0.0009204675269238011       0.7942275313009122       0.2229949945194593       0.5682204595880864       0.4049313731163347       0.5958630880473095        397.8055194102099          7.4655005682489        405.2710199784588
aborted minimisation     
Minimisation aborted as it proceeded too slow                
 restart
                       36  -0.00015315313921073243    5.136289364728396e-08    0.0005308403111723738         5.07330066823784      0.00859816018179069    -0.004069166261735832  -2.8442435370240584e-06      -30.616435167103727   -0.0009204675269238011       0.7942275313009122       0.2229949945194593       0.5682204595880864       0.4049313731163347       0.5958630880473095        397.8055194102099          7.4655005682489        405.2710199784588
                       37    -0.000153153502897105    5.136289162798833e-08    0.0005308671062987027        5.073300664594944     0.008598160174723587    -0.004069166266738364   -2.844243538456694e-06      -30.616435015001446   -0.0009204676236816044       0.7942275253789819      0.22299499456038596        0.568220459221512       0.4049313731012185       0.5958630879536821        397.8051348104855        7.465531385547213        405.2706661960327
                       38  -0.00015315329743689865    5.136289187118271e-08    0.0005308403152698385        5.073300664495427     0.008598160174531785    -0.004069166266758816   -2.844243538481647e-06      -30.616435173233324   -0.0009204678117442166       0.7942275256400972       0.2229949945429912        0.568220459220572      0.40493137310084953        0.595863082129247       397.80551786746963        7.465500929017108        405.2710187964867
                       39  -0.00015338921767793005    5.136062965990522e-08    0.0005358580778948897        5.073296012300246      0.00859815115075182    -0.004069172531998188  -2.8442453529938686e-06       -30.61641321797116   -0.0009207881024122575       0.7942204116581955      0.22299502716721883        0.568220000710437      0.40493135384320084        0.595856785700362        397.7655556921343        7.471651289895457       405.23720698202976
                       40  -0.00015338921762421783   5.1360629576113545e-08    0.0005358580768491837       5.0732960089911625     0.008598151143435335    -0.004069172536035024  -2.8442453544284854e-06        -30.6164132180965   -0.0009207881287380994       0.7942204078316599      0.22299502718130773       0.5682200003238937       0.4049313538277264       0.5958567855641981        397.7655549138842        7.471651290623926       405.23720620450814
                       41  -0.00015338921769404473    5.136063125834618e-08    0.0005358580789173647        5.073296004141529      0.00859815113270701    -0.004069172531275535  -2.8442453539892548e-06      -30.616413217795767   -0.0009207881751493355        0.794220405684293      0.22299502728536216       0.5682199996669215       0.4049313538092528         0.59585678404531       397.76555426079005        7.471651302447288       405.23720556323735
                       42   -0.0001533892180019317    5.136063100678565e-08     0.000535858083942589        5.073295996607258     0.008598151115328462    -0.004069172539954126   -2.844245357459761e-06      -30.616413219260743   -0.0009207882479893429       0.7942204068048804      0.22299502703829022       0.5682199990207933      0.40493135378947825       0.5958567805797141       397.76555361280765        7.471651323424092       405.23720493623176
                       43   -0.0001533892176327753    5.136063013537065e-08    0.0005358580800141037        5.073296003115141     0.008598151125461246    -0.004069172538012515   -2.844245357501718e-06       -30.61641321283069   -0.0009207882115868942       0.7942204109580346      0.22299502779546237       0.5682199999892212      0.40493135383046325       0.5958567840833222        397.7655547171362        7.471651288219398        405.2372060053556
                       44  -0.00015909873516445198    9.608366022043994e-08    0.0006652595452677514        4.603098171262587     0.007518133295909626    -0.004285647828380709  -2.9786783472637575e-06       -30.61365888759217    -0.005336566932119067        0.597185125269043      0.22518688096341133       0.5169764797999584      0.40331761273743216      0.46924808566826837        375.0029296471083         9.35494278870905       384.35787243581734
                       45    -0.000156243976421191    7.372214494017258e-08    0.0006005588115813205        4.838197091781417     0.008058142223330723    -0.004177410180189448  -2.9114618501288133e-06       -30.61503605278167   -0.0031286775172656624       0.6957027684636192       0.2240909540653151       0.5425982402551977       0.4041244832903165       0.5325524356843152       373.26612133992876        8.137706485125607       381.40382782505435
                       46   -0.0001576713557928215    8.490290258030626e-08     0.000632909178424536        4.720647631522002     0.007788137759620175    -0.004231529004285079   -2.945070098696285e-06       -30.61434747018692    -0.004232622224692365       0.6464439468663312      0.22463891751436318       0.5297873600275781       0.4037210480138744       0.5009002606762909       370.01293038150754        8.677426998373171        378.6903573798807
                       47  -0.00015764442556419673    8.490290310350602e-08    0.0006329107759431051        4.720647631493833     0.007788137759412513    -0.004231529004076356  -2.9450700987139676e-06      -30.614347455268764    -0.004232622232648943       0.6464439470481982      0.22463891750448076       0.5297873600276649       0.4037210480144121       0.5009002617050076       370.00353539033654        8.677370408432415       378.68090579876895
                       48  -0.00015767137456154672    8.490290283479794e-08    0.0006329103469095779       4.7206476314465045     0.007788137759356071   -0.0042315290041905155   -2.945070098734405e-06      -30.614347458079415    -0.004232622236271803         0.64644394708178      0.22463891750986514        0.529787360026967       0.4037210480144843       0.5009002616490781        370.0129111780385         8.67742835751459        378.6903395355531
                       49  -0.00015003243049658497    8.490430510802642e-08    0.0006391177869878762        4.720647251921918     0.007788136400377099     -0.00423152847902738  -2.9450702913563814e-06       -30.61428360771571   -0.0042326814900298625       0.6464450592781521       0.2246388925430565       0.5297873570455739      0.40372105116946017       0.5009053429798582        368.6189535848991        8.668059626805398        377.2870132117045
                       50   -0.0001500289209531548    8.490438394945907e-08    0.0006391153350081042       4.7206472281951815     0.007788136318610649    -0.004231528450873498   -2.945070303122141e-06       -30.61428221315019    -0.004232688044580304       0.6464451272993177      0.22463889097783904       0.5297873568667516      0.40372105134763664       0.5009055640233795       368.61893369922973        8.668048204972182        377.2869819042019
                       51   -0.0001500372065053445    8.490874108089913e-08    0.0006389850239867962        4.720645915891936     0.007788131796967045    -0.004231526895098343  -2.9450709538859397e-06      -30.614205068094787    -0.004233050429139471       0.6464488886872084       0.2246388044743407       0.5297873469735522      0.40372106120046464       0.5009177875018151        368.6174376022518         8.66785136293964       377.28528896519146
                       52   -0.0001500353855612249    8.491434552024538e-08    0.0006391188197586331        4.720644224244355     0.007788125967490663    -0.004231524894072171   -2.945071794093502e-06      -30.614103678934384    -0.004233515074595787       0.6464537359437821      0.22463869307328097       0.5297873342161671       0.4037210739070871        0.500933596201989       368.61517911633507        8.667912906389097        377.2830920227242
                       53   -0.0001500328278311567     8.49042723097905e-08    0.0006391176484181048        4.720647197557007    0.0077881362178130915    -0.004231528508542884  -2.9450703368006896e-06       -30.61428082801465    -0.004232694514111128       0.6464451935059048      0.22463888876956495       0.5297873567347655       0.4037210514852962       0.5009055681433594       368.61892359326305        8.668058533756579       377.28698212701966
                       54  -0.00015232411984120368     8.76010951051878e-08    0.0006336134723033137       4.7195878461649325      0.00778450414795055    -0.004230633817464078  -2.9456668386398222e-06        -30.5530879502386     -0.00451695286867414       0.6493984442311187      0.22456835955669213       0.5297797488148982       0.4037286528542513       0.5097091090609256        368.0567479659864        8.617675154524651       376.67442312051105
                       55  -0.00015229715869196543    8.760109366091086e-08    0.0006336138429438651        4.719587845724498     0.007784504146402714   -0.0042306338182421235  -2.9456668391503476e-06      -30.553087926126377    -0.004516952968767313       0.6493984452749586      0.22456835951709433       0.5297797488132677       0.4037286528563685       0.5097091088327304       368.05486556798445        8.617618040114147        376.6724836080986
                       56  -0.00015232411924739008    8.760109338983364e-08    0.0006336134759616482        4.719587845677343      0.00778450414634732    -0.004230633818356605  -2.9456668391703694e-06       -30.55308792852812    -0.004516952971743739        0.649398445307463      0.22456835952251525       0.5297797488125688       0.4037286528564399       0.5097091087848868        368.0567474941205        8.617675150277053       376.67442264439757
                       57  -0.00015232395210563286     8.76008218117836e-08    0.0006336087480435242       4.7195877677403475      0.00778450389006376    -0.004230633959894966    -2.94566692373752e-06      -30.553084489134637    -0.004516969507468703       0.6493986176854571       0.2245683540658231       0.5297797484377745      0.40372865320698026       0.5097090644724833       368.05667861846507        8.617668305452803        376.6743469239179
                       58  -0.00014955865983207534    8.446586484504035e-08    0.0006343241251003127        4.718695818088493     0.007781571064026165   -0.0042322653913225644   -2.946637191652232e-06       -30.51340395371764    -0.004705584470939825       0.6513679610399981      0.22450584060575035       0.5297754847219258       0.4037326576525815       0.5092038919851998       367.58091732808356        8.599718330112848        376.1806356581964
                       59  -0.00014955453754800883     8.44659609371964e-08    0.0006343255040621055        4.718695791608281     0.007781570974141287    -0.004232265357076802  -2.9466372037137636e-06      -30.513402491359585    -0.004705591418267833       0.6513680439135399       0.2245058393849319       0.5297754843962752      0.40373265783675005       0.5092039416851684        367.5808965748616        8.599710894523207       376.18060746938477
                       60  -0.00014956160180300808    8.446983254495309e-08    0.0006343755698693346        4.718694723838577    0.0077815673503717625    -0.004232263977445618   -2.946637690091812e-06       -30.51334357744343   -0.0047058715199643185       0.6513713848622535      0.22450579020444056       0.5297754712645262      0.40373266526117274       0.5092059442160979       367.57971610369134        8.599771452481846       376.17948755617317
                       61   -0.0001495657225143991    8.449547677568937e-08    0.0006342407384512783        4.718687638415443     0.007781543306215681    -0.004232254844490974  -2.9466409213347224e-06      -30.512955757131554    -0.004707733540112003       0.6513935463720151       0.2245054635438136       0.5297753841779527      0.40373271449309617       0.5092191344793671        367.5725556889237        8.599554086205744       376.17210977512946
                       62   -0.0001495586884505954     8.44658527265946e-08    0.0006343241216566465        4.718695757210759     0.007781570861662422    -0.004232265414819202  -2.9466372397599897e-06       -30.51340101007469    -0.004705598604477338       0.6513681108282994      0.22450583741897256       0.5297754841139501      0.40373265798349534       0.5092039918628508       367.58088958000184        8.599717330703156       376.18060691070497
                       63  -0.00014337187119984511     8.26388442649349e-08    0.0006338783177446749        4.709517450093038     0.007751061209540964    -0.004235807906311666  -2.9538902755251483e-06       -30.06959833381843    -0.006836460341235016       0.6739511081443124      0.22402537834120897       0.5296838212372614      0.40378254857704704       0.5242621455675431       364.37286513019046        8.443258326867268       372.81612345705776
                       64  -0.00014977089364833328    8.446436377149667e-08    0.0006341147981015461         4.71868819735256     0.007781545750766446    -0.004232268335408766   -2.946643207901891e-06      -30.513038269777255    -0.004707350883046873        0.651386604325501       0.2245054485458456       0.5297754066025744        0.403732698829162       0.5092162002025784        367.5784216100077        8.599799627972322       376.17822123798004
                       65  -0.00014296350658322003    8.054026333518614e-08    0.0006330419874282039       4.6842326603106565     0.007666958643887545   -0.0042442796135665276   -2.973614389565068e-06      -28.841992560887412     -0.01273006271015052       0.7366764060062154      0.22270660734979952       0.5294295306528705       0.4039211520353251       0.5659176892550208        358.8182043763355        8.222751409233807        367.0409557855693
                       66   -0.0001429635063850384    8.054026322825416e-08    0.0006330419872618424        4.684232656201608     0.007666958622916434    -0.004244279614036704  -2.9736143951322096e-06      -28.841992513077173    -0.012730062985231674       0.7366764085332869      0.22270660760981575       0.5294295289200538       0.4039211519958872       0.5659176904626628        358.8182036543573        8.222751408804175        367.0409550631615
                       67  -0.00014296350618250663    8.054026324806838e-08    0.0006330419874496913        4.684232650870162     0.007666958591674258    -0.004244279612528061  -2.9736143988810254e-06       -28.84199246913936    -0.012730063176681246       0.7366764098804068      0.22270660705642925       0.5294295253508213       0.4039211518948698       0.5659176915294584        358.8182029006171        8.222751428899088        367.0409543295162
                       68  -0.00014296350590952564    8.054026347947735e-08    0.0006330419887427058        4.684232650060963     0.007666958580449615     -0.00424427960590626  -2.9736143850389595e-06      -28.841992400890682    -0.012730063226006796       0.7366764111279154      0.22270660735886066        0.529429523177135      0.40392115192880473       0.5659176940411488       358.81820254903965        8.222751417310597       367.04095396635023
                       69  -0.00014296350588206602    8.054026378213027e-08    0.0006330419886510142        4.684232651236605      0.00766695857662675    -0.004244279601349914  -2.9736143759197596e-06       -28.84199244436886    -0.012730063056561762       0.7366764103847949      0.22270660731815953       0.5294295251199687       0.4039211519225143       0.5659176896718385       358.81820259058736        8.222751430596489       367.04095402118384
                       70   -0.0001429635057736997    8.054026373897204e-08    0.0006330419892687346        4.684232649844321     0.007666958558916707    -0.004244279603851048  -2.9736143891673023e-06      -28.841992449987764    -0.012730062903691653       0.7366764081188766      0.22270660735019854       0.5294295283788045       0.4039211518106571       0.5659176900638077       358.81820263562395        8.222751432028657        367.0409540676526
                       71  -0.00010586055763227818    8.959158882347817e-08    0.0006840627784383999        4.088535702887381     0.003918467337914815   -0.0038295620920312003  -2.8192928466615564e-06      -21.023551721516785     -0.04150287320184894       1.0270085763446235      0.22221547253497143       0.1561427452417558        0.396850083829981       0.7312962346074832        362.3391413781963       15.068993223583853       377.40813460178015
                       72   -0.0001244120321077491    8.506592607933215e-08    0.0006585523829333019        4.386384181599019      0.00579271299090118    -0.004036920852798864  -2.8964536181133125e-06        -24.9327721412021     -0.02711646795599973       0.8818424911754192      0.22246103994238547      0.34278613794731316      0.40038561793265304        0.648606961931252        319.0178946030467        10.14749107473835        329.1653856777851
                       73  -0.00011513629487001364    8.732875745140505e-08     0.000671307580685851          4.2374599422432     0.004855590164407997    -0.003933241472415032  -2.8578732323874342e-06       -22.97816193135944     -0.03430967057892434       0.9544255337600214      0.22233825623867842      0.24946444159453446        0.398617850881317       0.6899515982693671        318.8358844447215       12.233646838743484         331.069531283465
                       74  -0.00011977416348888136     8.61973417653685e-08    0.0006649299818095764        4.311922061921109     0.005324151577654588   -0.0039850811626069476   -2.877163425250373e-06      -23.955467036280773     -0.03071306926746203       0.9181340124677202      0.22239964809053198       0.2961252897709238      0.39950173440698505       0.6692792801003096        315.9076907696517       11.096920129136514        327.0046108987882
                       75  -0.00011974758595039082    8.619734219582598e-08    0.0006649356982653249        4.311922061940859     0.005324151577700854    -0.003985081162417775   -2.877163425208357e-06      -23.955467000357867     -0.03071306920344834        0.918134012448703      0.22239964810364457       0.2961252897737113       0.3995017344070858       0.6692792806934955       315.88702274535694       11.096875519257624        326.9838982646146
                       76   -0.0001197743451673383     8.61973419246776e-08    0.0006649348454530926        4.311922061882995    0.0053241515776034235     -0.00398508116254848  -2.8771634252404997e-06       -23.95546700630036     -0.03071306921370623       0.9181340124642103      0.22239964810760504      0.29612528977308283      0.39950173440711567       0.6692792805672774       315.90704071340986       11.096926003009841        327.0039667164197
                       77  -0.00011977416355432878     8.61973420046426e-08    0.0006649299823483098        4.311922061858532     0.005324151577511738    -0.003985081162540187  -2.8771634252519596e-06      -23.955467038886816    -0.030713069267334903        0.918134012487898      0.22239964810227084      0.29612528977309993       0.3995017344070237       0.6692792797250284       315.90769067332485       11.096920131152503       327.00461080447735
                       78  -0.00010618977408746865    8.960928002284167e-08    0.0007266996800562246        4.311029846490243     0.005322115244765816    -0.003984128989859316    -2.87718590037575e-06      -23.992273233663177     -0.03071065916726209       0.9184215296589098       0.2225671301213625       0.2961563269777064      0.39950228680911865       0.6639361720078023        305.5046737167022       11.160358356119914        316.6650320728221
                       79  -0.00010621687082039413    8.960927399005364e-08    0.0007266990020096666        4.311029840727014     0.005322115230403412   -0.0039841289962804114  -2.8771859040485374e-06      -23.992273423489195     -0.03071065912174459       0.9184215288218254      0.22256713083252164      0.29615632715976914      0.39950228680839295        0.663936163536655        305.5043730091423       11.160407289162434        316.6647802983047
                       80  -0.00010618977242364615    8.960927424524222e-08    0.0007266997299515369        4.311029840750926     0.005322115230411671    -0.003984128996180324  -2.8771859040377703e-06      -23.992273419651188    -0.030710659113513176        0.918421528802392       0.2225671308327078      0.29615632716150075       0.3995022868083583       0.6639361635918375       305.50467216487624       11.160358397324178        316.6650305622004
                       81   -0.0001061872224475692    8.960536375192897e-08    0.0007266805194853267        4.311025946885836     0.005322105491808348    -0.003984133280599713  -2.8771883874668037e-06      -23.992399958887173    -0.030710623232773404       0.9184209480537875      0.22256761335550607       0.2961564518540632      0.39950228629297263         0.66393045045867       305.50368585894677       11.160323126113235          316.66400898506
                       82  -0.00010618977373065422    8.960928271307147e-08    0.0007266997064008348        4.311029833005974     0.005322115211738498    -0.003984128997346797  -2.8771859069206266e-06      -23.992273688135178    -0.030710659045767162       0.9184215277422771       0.2225671317869665       0.2961563274191811      0.39950228681015665       0.6639361635593373        305.5046714641667        11.16035838487884       316.66502984904554
                       83  -0.00010617285919265441    8.960940735841594e-08    0.0007267014980744126        4.311029185580915      0.00532211362512041    -0.003984129358650424  -2.8771862219190253e-06       -23.99229546974249     -0.03071065328284297       0.9184214329783962       0.2225672103255616       0.2961563486148303        0.399502286859765       0.6639358024060495       305.50476818697706       11.160329294071548       316.66509748104863
                       84  -0.00010477872911411363     9.08800149422966e-08    0.0007646146816214731        4.291528114428264     0.005274236817908335    -0.003996144029086833  -2.8869831724706107e-06       -24.64683385765491    -0.030534338827861992        0.915634228883895      0.22497689997492623       0.2967932549024463        0.399503332711161       0.6498909059417057       303.75038271253237       11.199577584171713        314.9499602967041
                       85  -0.00010477872906703781    9.088001497216616e-08    0.0007646146828885852        4.291528111117257     0.005274236809250971    -0.003996144030172687  -2.8869831749722513e-06       -24.64683388137796    -0.030534338822746098       0.9156342276271394      0.22497690001238127       0.2967932550985508       0.3995033327114181       0.6498909059702624        303.7503823308917        11.19957758747123       314.94995991836294
                       86  -0.00010477872900637362    9.088001516622225e-08    0.0007646146833151862        4.291528110361843     0.005274236807294285    -0.003996144026767152  -2.8869831716886807e-06       -24.64683387978114    -0.030534338803223465       0.9156342287010151      0.22497689996873355       0.2967932552791436       0.3995033327243841       0.6498909058719304        303.7503823291034       11.199577592770867       314.94995992187427
                       87  -0.00010477872824130284    9.088001625208398e-08    0.0007646146957601418        4.291528092473788     0.005274236751417328     -0.00399614401517749  -2.8869831719354396e-06       -24.64683395389739    -0.030534338504387696       0.9156342265164801      0.22497690006227955      0.29679325719333116       0.3995033328066532       0.6498909062976033        303.7503804182325       11.199577620724076        314.9499580389566
                       88  -0.00010477872874321167    9.088001520854997e-08    0.0007646146852872997        4.291528109458251     0.005274236788130069    -0.003996144024536538  -2.8869831791661427e-06      -24.646833862169927    -0.030534338785649137       0.9156342295945075      0.22497689989665118      0.29679325557925823       0.3995033327471796       0.6498909055109321       303.75038193965764        11.19957761219286        314.9499595518505
                       89  -0.00010477872840530805    9.088001553175233e-08    0.0007646146874316338       4.2915281088265536     0.005274236760947975    -0.003996144016508204  -2.8869831841590373e-06      -24.646833874749543     -0.03053433889023335       0.9156342288390811       0.2249768999996553      0.29679325572753296       0.3995033327834413       0.6498909061824669       303.75038139746766       11.199577636537908        314.9499590340056
                       90  -0.00010477872812468776    9.088001632285464e-08    0.0007646146951278746        4.291528098986246     0.005274236668164867    -0.003996143994596256  -2.8869831995778444e-06      -24.646833831214256     -0.03053433899188923       0.9156342309972421      0.22497690000573858      0.29679325582265476       0.3995033329191152       0.6498909072748633        303.7503793812448        11.19957773696627       314.94995711821105
                       91  -0.00010477872409251333    9.088002172441466e-08    0.0007646147491411615       4.2915280406393554     0.005274236117550123    -0.003996143867132156  -2.8869832790916215e-06      -24.646833794087115    -0.030534339582431305       0.9156342300333229      0.22497690000338214       0.2967932551697104       0.3995033335422591       0.6498909062749814       303.75036725434023       11.199578312647448        314.9499455669877
                       92   -7.382181515602689e-05    1.323461100663271e-07    0.0011764144162661914       3.8353938824309117                    0.001   -0.0030108844707761218   -3.551972347966006e-06      -24.303869761305233     -0.03501744492589007        0.927961183453675      0.22523179139186353        0.303484061447769       0.4046807562234268       0.6560112955527595       4896.5657613210415       18.137846684420303        4914.703608005461
                       93   -8.930027213507026e-05   1.1161306250431184e-07    0.0009705145489438322        4.063460998429588     0.003137118408954167   -0.0035035142499314775  -3.2194777602183084e-06      -24.475351809480074     -0.03277589187687603        0.921797706168785      0.22510434568339488      0.30013865817510765       0.4020920444672939       0.6529511007472326       289.41413202378465       14.038433821755994        303.4525658455406
                       94   -9.703950062459194e-05   1.0124653872330433e-07    0.0008675646152826527        4.177494556428925      0.00420567761343125    -0.003749829139509155  -3.0532304663444595e-06      -24.561092833567493     -0.03165511535236901       0.9187159675263401      0.22504062282916054      0.29846595653877694      0.40079768858922743       0.6514210033444687       281.60263864268063       12.461436124828856        294.0640747675095
                       95    -9.31698863798311e-05   1.0642980061380798e-07    0.0009190395821132424        4.120477777429256    0.0036713980111927093   -0.0036266716947203166   -3.136354113281384e-06      -24.518222321523783     -0.03221550361462252       0.9202568368475625      0.22507248425627774       0.2993023073569423      0.40144486652826067       0.6521860520458507       276.92267082331267       13.210542578758675       290.13321340207136
                       96   -9.314484399475373e-05   1.0642980180096891e-07    0.0009190510837105328        4.120477777457728    0.0036713980117868425    -0.003626671694112923   -3.136354112950061e-06      -24.518222243742994    -0.032215503442375365       0.9202568368068837      0.22507248425605791      0.29930230736133195       0.4014448665288288       0.6521860552313337       276.91405506157696        13.21051213927929       290.12456720085623
                       97   -9.317053664628294e-05    1.064298017066772e-07    0.0009190512109983242        4.120477777388033     0.003671398011689762    -0.003626671694169762   -3.136354112954131e-06      -24.518222243758586     -0.03221550344138725       0.9202568368100832      0.22507248425783027       0.2993023073612812      0.40144486652891054        0.652186055511442        276.9213158604337       13.210557259953614        290.1318731203873
                       98   -9.316988674703492e-05   1.0642980179313661e-07    0.0009190395822538135        4.120477777325459      0.00367139801125858    -0.003626671694203883   -3.136354113043093e-06      -24.518222326817245    -0.032215503614757335        0.920256836837386      0.22507248424522153      0.29930230736091523       0.4014448665285995        0.652186053522354        276.9226701666086       13.210542580402459       290.13321274701104
                       99   -9.317072103674357e-05   1.0642981499388421e-07     0.000919039554773746        4.120477775992949     0.003671398011780424    -0.003626671688518345  -3.1363541103798857e-06      -24.518222392074406     -0.03221550361557628       0.9202568366958161       0.2250724841035503       0.2993023074105997      0.40144486653254136       0.6521860707393659        276.9229022687068       13.210544017137684        290.1334462858445
                      100   -9.079178994215736e-05    1.120904971575802e-07    0.0009667744852126536        4.119979762878739    0.0036717159280407344   -0.0036241925751868804   -3.135209907180424e-06      -24.543297004532416     -0.03221544862877347        0.920207870112244      0.22501945858757233       0.2993213806546297      0.40144649420236317       0.6592817210140112         271.616357015946       13.266803114756506        284.8831601307025
                      101   -9.080126893152131e-05    1.120904474294488e-07    0.0009667742176795748        4.119979690695699    0.0036717158277609725   -0.0036241926401250784   -3.135209919672133e-06        -24.5432994260677     -0.03221544830292341       0.9202078581533162      0.22501945089953188       0.2993213828586475      0.40144649425570544       0.6592819698056465       271.61632453649474       13.266818790422484        284.8831433269172
                      102   -9.079162067863466e-05   1.1209008013734848e-07     0.000966774879117367        4.119979156563554    0.0036717150858993474    -0.003624193120394263  -3.1352100119989518e-06      -24.543317331934052    -0.032215445851450454       0.9202077696136333      0.22501939398368467       0.2993213991754804      0.40144649465054844       0.6592838117003748       271.61621992244824        13.26679943185561        284.8830193543038
                      103   -9.078182975406695e-05   1.1208604858819805e-07    0.0009665328196651988        4.119973096432634     0.003671706685000128    -0.003624198503657465  -3.1352110336468746e-06      -24.543522425445072     -0.03221542167713547       0.9202067899913402       0.2250187496543854        0.299321584334057      0.40144649914645725       0.6593043661875804        271.6152415563662       13.266461774744183        284.8817033311104
                      104   -9.028447274439416e-05    1.109441656870535e-07    0.0009653602611849135        4.118311070453426    0.0036693983634906377   -0.0036256924167938375  -3.1354981233006966e-06      -24.599261306784413    -0.032207841328753664       0.9199315315950218      0.22484167074366823       0.2993723539145453       0.4014477278570014       0.6650322081539395        271.4354241790817        13.25406676632777       284.68949094540943
                      105   -9.028447277254741e-05   1.1094416580142391e-07    0.0009653602612639839        4.118311066095857    0.0036693983616148257   -0.0036256924165610606   -3.135498121210574e-06      -24.599261305613457     -0.03220784132865344       0.9199315318169121      0.22484167058184615       0.2993723559185655       0.4014477279276344       0.6650322077811497        271.4354238480076       13.254066764566128        284.6894906125737
                      106   -9.028447266253439e-05   1.1094416579885973e-07    0.0009653602616167079         4.11831106130373    0.0036693983616429213   -0.0036256924147397215   -3.135498114140479e-06       -24.59926130303641    -0.032207841295472314       0.9199315316276309      0.22484167093338153      0.29937235790920386       0.4014477280679792       0.6650322087736473        271.4354236748429       13.254066745309817       284.68949042015277
                      107   -9.028447260865629e-05   1.1094416581566169e-07    0.0009653602618207718        4.118311065837061     0.003669398363866521   -0.0036256924139260794   -3.135498116321716e-06       -24.59926129553247    -0.032207841290274326       0.9199315311519516      0.22484167065444072       0.2993723542303588       0.4014477279392244       0.6650322084724474       271.43542396910857        13.25406676550398       284.68949073461255
                      108   -9.028447259001936e-05   1.1094416582192041e-07    0.0009653602619847209        4.118311063361699     0.003669398360893624   -0.0036256924152247277   -3.135498123269479e-06      -24.599261289849412     -0.03220784129637086       0.9199315309349858       0.2248416707666578      0.29937235302843057       0.4014477278703486       0.6650322076323336        271.4354239493574       13.254066778321695       284.68949072767913
                      109   -9.028447245522818e-05   1.1094416571724853e-07    0.0009653602613332254        4.118311067292313    0.0036693983611231175   -0.0036256924134066104  -3.1354981246659477e-06      -24.599261304485992    -0.032207841335766596       0.9199315314521006      0.22484167076121714       0.2993723536913225      0.40144772792896144       0.6650322081875917        271.4354240599324       13.254066773476877        284.6894908334093
                      110   -9.028447245467668e-05   1.1094416561966334e-07    0.0009653602617808335       4.1183110678787145     0.003669398361464399   -0.0036256924132589533   -3.135498129090587e-06      -24.599261292232377     -0.03220784132371004       0.9199315319566297      0.22484167074194028       0.2993723540861569       0.4014477280747528        0.665032208041664        271.4354240631302       13.254066772772964       284.68949083590314
aborted minimisation     
Minimisation aborted as it proceeded too slow               
 finished