                   sim_nr                 advtheta                     advq                   advCO2               deltatheta               gammatheta                   deltaq                   gammaq                 deltaCO2                 gammaCO2                  sca_sto                    alpha                    FracH                       wg                      R10                     data               background                    Costf
                        1   -0.0009171992323762601   1.5609743343986922e-07   -0.0015150208879372872        3.504126776331872     0.006456141947072068   -0.0019124802737733892   -3.776672101682013e-09       -68.31445383385847    -0.023628101140216722       0.9277842325134505      0.31460992162242074       0.6671660850855905      0.46457040713657644       0.4585158711841333       46094.158977491315                      0.0       46094.158977491315
                        2   -0.0009171745966420554   1.5609743306892644e-07    -0.001515014363028873       3.5041267764215207    0.0064561419473405076    -0.001912480273905451   -3.776672132577167e-09        -68.3144537856803    -0.023628101033516202       0.9277842324681649      0.31460992161596857       0.6671660850862049       0.4645704071365855       0.4585158721451803         46092.9762651441   1.9688711696490633e-09        46092.97626514607
                        3   -0.0009171994844007098    1.560974331231357e-07   -0.0015150152106844193       3.5041267763782513     0.006456141947136961   -0.0019124802738481044   -3.776672090024589e-09       -68.31445379816195     -0.02362810110438828       0.9277842324752694       0.3146099216188994       0.6671660850853967      0.46457040713665404      0.45851587251806425       46094.102862530235    2.062333602939184e-12       46094.102862530235
                        4   -0.0009171992322096853   1.5609743326254716e-07    -0.001515020887415277        3.504126776339337     0.006456141946978201   -0.0019124802738219725   -3.776672111744098e-09        -68.3144538386195    -0.023628101189122265       0.9277842324994494       0.3146099216126667       0.6671660850854977      0.46457040713661374       0.4585158716516764        46094.15896783722      5.3443630701046e-18        46094.15896783722
                        5   -0.0009172008859618287   1.5609731365918684e-07   -0.0015150205867667012        3.504126781512584    0.0064561418836759105   -0.0019124803063174016   -3.776678647934831e-09       -68.31445707943827    -0.023628134463281675       0.9277842230822679      0.31460991500486896       0.6671660850213981       0.4645704071621203      0.45851618866877963        46094.23235383976   1.1288147693381939e-11       46094.232353839776
                        6   0.00013958332862454347  -2.4778422587966535e-07     0.003025618405335009        3.521155217158484      0.00624248910811657   -0.0020231222386533185   -2.667020655969516e-08       -79.13317262321405     -0.13495365252932393       0.8958871277540006       0.2924005432226494       0.6669547761459858       0.4646553767563315       1.5237579241021448        7452.049997313028       31.974388900670913       7484.0243862136995
                        7   -0.0003888079518758583  -4.5843396219897935e-08    0.0007552987586988608        3.512640996745178     0.006349315527594318    -0.001967801256213354  -1.5223439330688585e-08       -73.72381322853626     -0.07929087683477033       0.9118356801337257       0.3035052324225351       0.6670604306157881        0.464612891946454       0.9911368976431394       10838.296586665527        7.993597225167733       10846.290183890695
                        8  -0.00012461231162565754  -1.4681381104978164e-07    0.0018904585820169353       3.5168981069518312     0.006295902317855444    -0.001995461747433336  -2.0946822945191878e-08       -76.42849292587516     -0.10712226468204714       0.9038614039438633      0.29795288782259227       0.6670076033808869       0.4646341343513927       1.2574474108726417       4010.1179828531003       17.985593756627384       4028.1035766097275
                        9    -0.000124612309670327   -1.468138110965584e-07    0.0018904585921775382        3.516898106989256     0.006295902317747201    -0.001995461747404404   -2.094682293183986e-08       -76.42849293183741     -0.10712226476487946        0.903861403961906       0.2979528878004444       0.6670076033803878      0.46463413435149414       1.2574474111331266        4010.117951450694       17.985593790959157        4028.103545241653
                       10  -0.00012461231218944538  -1.4681380973711457e-07    0.0018904585845662702       3.5168981069405225     0.006295902318425634   -0.0019954617470287054  -2.0946822857534652e-08       -76.42849289498422     -0.10712226440275019       0.9038614040772113       0.2979528878620465       0.6670076033808674       0.4646341343512256       1.2574474074523172        4010.117957930319       17.985593638535725       4028.1035515688545
                       11  -0.00012461231153578325    -1.46813811091361e-07    0.0018904585819023672       3.5168981069453524      0.00629590231783905    -0.001995461747454087   -2.094682295082322e-08       -76.42849292572588     -0.10712226468180483       0.9038614039401882      0.29795288781092283        0.667007603380684      0.46463413435136075        1.257447410609049        4010.117981920564       17.985593752440085       4028.1035756730043
                       12   -8.802517648236479e-06   -3.026593161549832e-08      0.00262687004537583       3.5117767336995644     0.006343375038753253    -0.001964293045922298  -1.4829556773013845e-08       -72.94101601575791     -0.07809731488355297       0.9173890120559716      0.29111585997717165       0.6667989340707846        0.464591208373027       0.6309838540576429       1307.3930044993758        7.494639384465505       1314.8876438838413
                       13   -8.827494969775875e-06  -3.0265932271729896e-08     0.002626876354321126       3.5117767337821437     0.006343375038863857     -0.00196429304605837  -1.4829556786103783e-08       -72.94101597255373     -0.07809731483862434       0.9173890119707206       0.2911158597749876       0.6667989340636603      0.46459120837309203       0.6309838557327101       1307.3503498470516        7.494495372117342        1314.844845219169
                       14   -8.803010673234693e-06   -3.026593211893828e-08     0.002626878547047903       3.5117767338561436     0.006343375038977625     -0.00196429304596351  -1.4829556763075277e-08       -72.94101595826284     -0.07809731482012519       0.9173890119457708      0.29111585975271725       0.6667989340636314      0.46459120837309625       0.6309838561773056       1307.3887453514863        7.494640540151242       1314.8833858916375
                       15   -8.802517765155215e-06  -3.0265931691933726e-08     0.002626870045909646        3.511776733714322     0.006343375038671276   -0.0019642930459442586  -1.4829556798690246e-08       -72.94101601038048     -0.07809731488704658       0.9173890119395751       0.2911158597510565       0.6667989340645855       0.4645912083728464       0.6309838543837838        1307.392998463659         7.49463938682163       1314.8876378504806
                       16    -8.79374430056768e-06  -3.0265996034328816e-08    0.0026268711603345397        3.511776746434275    0.0063433749685259675    -0.001964293064257294  -1.4829578698012762e-08       -72.94101139150342     -0.07809731786939457       0.9173889123155061       0.2911156661141492       0.6667989287509686       0.4645912082182154       0.6309841321848015         1307.40181023067        7.494693943538319       1314.8965041742083
                       17    -7.69742107279062e-05    -5.03930539334306e-08    0.0029882028032396668       3.5156645029966818       0.0063218072981628   -0.0019700728027709554  -2.1586349890415643e-08       -71.52435553367444     -0.07901506154181068       0.8867546797141976      0.23160432260891406       0.6651673245213018      0.46454369786747013       0.7168657879828251        443.1885531358926         8.47919959969283       451.66775273558545
                       18   -7.694891066462506e-05   -5.039303194149364e-08    0.0029881983253105203       3.5156645043874257     0.006321807297723117    -0.001970072792050108  -2.1586347760309592e-08       -71.52435539585389     -0.07901506177611738       0.8867546809866995       0.2316043223734761        0.665167324407416      0.46454369786659455        0.716865754141188        443.1863932952028        8.479334834592818        451.6657281297956
                       19   -7.697384685217328e-05  -5.0393030146415676e-08     0.002988196365061199       3.5156645044437522     0.006321807297563025   -0.0019700727911910036   -2.158634759856163e-08       -71.52435539368085      -0.0790150618122378       0.8867546811163769       0.2316043223539465       0.6651673243964495      0.46454369786651334       0.7168657508174556       443.18837101793025         8.47919802965608        451.6675690475863
                       20   -7.697422189223554e-05   -5.039301991235778e-08     0.002988202893018875         3.51566450523874     0.006321807297713878    -0.001970072786035246  -2.1586346522004968e-08       -71.52435526961042     -0.07901506183928071       0.8867546817761478      0.23160432226380273       0.6651673243399865      0.46454369786638905       0.7168657359072323       443.18845571721704        8.479199277443344        451.6676549946604
                       21   -7.697346773433459e-05  -5.0393055035131414e-08     0.002988202862985711       3.5156645040930123     0.006321807296350088   -0.0019700728020373252  -2.1586350315911636e-08       -71.52435534393396     -0.07901506176468248       0.8867546792239913        0.231604322368195       0.6651673244095992      0.46454369786505856       0.7168657706091315        443.1884871370941        8.479203607940414        451.6676907450345
                       22   -8.302875657620855e-05   -2.419552292663009e-08     0.003045286364636928       3.5173910294997026     0.006321460650314692    -0.001957185587452853    -1.89927373525751e-08         -71.321051929379     -0.07924429590597258       0.8883422844063065       0.2313384882440957       0.6650276804798327       0.4645428644325056       0.6767596765176425       405.69271231306686        8.259254747704858        413.9519670607717
                       23   -8.302875657004258e-05   -2.419552305128941e-08     0.003045286364567226       3.5173910302035374     0.006321460648968837   -0.0019571855877278444    -1.89927380332741e-08       -71.32105191356943     -0.07924429595216355       0.8883422839553239      0.23133848808148252       0.6650276803799083        0.464542864430261       0.6767596748784328        405.6927115634642        8.259254748796046        413.9519663122602
                       24   -8.302875658662816e-05  -2.4195522944387076e-08     0.003045286365766733        3.517391031416556    0.0063214606488516435    -0.001957185586980991  -1.8992738161747194e-08       -71.32105187510173     -0.07924429592821737       0.8883422830676124       0.2313384881790324       0.6650276802757027      0.46454286442943044       0.6767596753499046        405.6927115244405        8.259254747671424        413.9519662721119
                       25   -8.302875670581115e-05  -2.4195522858336576e-08    0.0030452863648850483        3.517391031976219     0.006321460645451969   -0.0019571855860667634   -1.899273887676252e-08       -71.32105187169667      -0.0792442960851544       0.8883422815570186      0.23133848829556997       0.6650276801276473       0.4645428644262868        0.676759675049829        405.6927112588497          8.2592547644376       413.95196602328735
                       26   -8.302875670115895e-05  -2.4195522859305158e-08     0.003045286364812614       3.5173910298940494    0.0063214606477487185   -0.0019571855872768367  -1.8992737987902582e-08       -71.32105190952598     -0.07924429596276787       0.8883422841830495       0.2313384881775355       0.6650276804091351      0.46454286443330306       0.6767596768583175       405.69271210424137        8.259254756999724        413.9519668612411
                       27  -0.00010354406214371087  -1.6811355598006526e-08     0.003124222173700454        3.889370892860421     0.005588324426904827   -0.0017895419161385341  -2.5928406802026486e-07      -61.717981201585104     -0.10291592596582723        0.514812740579933       0.2271470850257129        0.614085468725789       0.4637630439349001      0.45962597926997084        384.4747317753735       14.231038150644551        398.7057699260181
                       28    -9.32864093599596e-05  -2.0503439262318202e-08    0.0030847542691686916        3.703380961180062     0.005954892538609759   -0.0018733637517956935  -1.3913840268641998e-07       -66.51951656548205      -0.0910801109358999       0.7015775124931196       0.2292427866349043       0.6395565746028109      0.46415295418370284       0.5681928278938075       346.61916918834396       10.319746650146522       356.93891583849046
                       29   -9.841523575183529e-05  -1.8657397430162152e-08    0.0031044882214345732       3.7963759270202417    0.0057716084827572935   -0.0018314528339671138  -1.9921123535334242e-07       -64.11874888353358     -0.09699801845086357       0.6081951265365262       0.2281949358303086          0.6268210216643      0.46395799905930146       0.5139094035818896       346.73581615058237       12.044042450638491       358.77985860122084
                       30    -9.58508225558975e-05  -1.9580418346240283e-08    0.0030946212453016324       3.7498784441001516     0.005863250510683527   -0.0018524082928814039  -1.6917481901988117e-07       -65.31913272450781     -0.09403906469338175       0.6548863195148229      0.22871886123260643       0.6331887981335554      0.46405547662150215       0.5410511157378481       343.13283843525744       11.124057062953247       354.25689549821067
                       31   -9.585082265353934e-05   -1.958041837833902e-08    0.0030946212462750577        3.749878446123386     0.005863250507814987   -0.0018524082927173474    -1.69174820308026e-07        -65.3191326648427     -0.09403906474194519       0.6548863196158308       0.2287188612516231       0.6331887979159732      0.46405547662113833       0.5410511145522978       343.13283767610073       11.124057068870059        354.2568947449708
                       32   -9.585082266745041e-05  -1.9580418349541382e-08    0.0030946212452992194        3.749878445102903     0.005863250505806198   -0.0018524082926430323  -1.6917482030845251e-07       -65.31913269377002      -0.0940390648017622        0.654886319560668      0.22871886122138568       0.6331887979653765       0.4640554766213468       0.5410511149771535       343.13283813652333       11.124057079114348       354.25689521563766
                       33   -9.585082258839494e-05  -1.9580418321868816e-08      0.00309462124537012       3.7498784450543683     0.005863250506429113   -0.0018524082922206594  -1.6917481985930212e-07       -65.31913269337227     -0.09403906476677086       0.6548863194153183      0.22871886122968732       0.6331887979896167      0.46405547662292773       0.5410511158174973        343.1328382532307        11.12405707660249        354.2568953298332
                       34   -9.585082242207453e-05  -1.9580418403713374e-08     0.003094621244696271       3.7498784438574857     0.005863250503546144   -0.0018524082927267264  -1.6917481993458234e-07       -65.31913270941905     -0.09403906473238521       0.6548863215790228      0.22871886122061194        0.633188798064866       0.4640554766291705       0.5410511171558987        343.1328380572344       11.124057055456886       354.25689511269127
                       35    -9.58508224474517e-05  -1.9580418363993458e-08    0.0030946212453127624        3.749878444015315     0.005863250506821184   -0.0018524082932938567  -1.6917481982639315e-07       -65.31913270708812     -0.09403906470292386       0.6548863195878343      0.22871886122772458        0.633188798031396      0.46405547662252783       0.5410511157948319       343.13283832189404       11.124057065389094        354.2568953872831
                       36   -9.585082235790386e-05  -1.9580418124038977e-08     0.003094621245927073       3.7498784428887997     0.005863250499253385   -0.0018524082945851161  -1.6917482110663167e-07       -65.31913268055438     -0.09403906467425116       0.6548863197220647      0.22871886124132146       0.6331887978505839       0.4640554766247488       0.5410511157793882         343.132838124749       11.124057061207115        354.2568951859561
                       37   -9.585082239180643e-05  -1.9580417899370264e-08    0.0030946212469231227       3.7498784401514045     0.005863250479341297   -0.0018524082982459664   -1.691748249027056e-07        -65.3191325997071     -0.09403906458604896       0.6548863199501356       0.2287188612598632       0.6331887973385828      0.46405547663130114        0.541051116127317       343.13283760856405       11.124057049217601       354.25689465778163
                       38   -4.751639135663942e-05    4.373192315932094e-08     0.003309600934526749       3.4050642516447476                    0.001     -0.00245363325906132  -1.0910474129977894e-06       -44.24243059703164     -0.09383950077722548       0.7641180428094354      0.23111540227623129       0.5072382593827091       0.4655963367563262       0.5877504643366285        6552.635537918463       15.513108854252073        6568.148646772715
                       39   -7.168360695626846e-05   1.2075752406540433e-08    0.0032021110899141908       3.5774713478724496     0.003431625255341763    -0.002153020775971362   -6.301111160088353e-07      -54.780781660769726     -0.09393928273530361       0.7095021811621292      0.22991713175441889       0.5702135287581322      0.46482590668891416       0.5644007900372383       329.10146534201857       12.291160540402311        341.3926258824209
                       40   -8.376721475608292e-05   -3.752332969849925e-09     0.003148366167607912       3.6636748959863006     0.004647437883012645    -0.002002714534426383  -3.9964296751435823e-07       -60.04995719263877     -0.09398917371434268       0.6821942503384759      0.22931799649351264       0.6017011634458438       0.4644406916552082       0.5527259528875428        309.1748608009738       11.450753197127696        320.6256139981015
                       41   -7.772541085617575e-05     4.16170971834536e-09     0.003175238628761051       3.6205731219293753    0.0040395315691772035   -0.0020778676551988723   -5.148770417615967e-07      -57.415369426704245     -0.09396422822482314       0.6958482157503025      0.22961756412396575        0.585957346101988       0.4646332991720612       0.5585633714623901        303.9534066993859       11.806742967627484       315.76014966701337
                       42   -8.074631280612934e-05   2.0468837424761176e-10    0.0031618023981844815        3.642124008957838    0.0043434847260949245    -0.002040291094812628  -4.5726000463797745e-07       -58.73266330967151     -0.09397670096958291       0.6890212330443892      0.22946778030873918       0.5938292547739159       0.4645369954136347       0.5556446621749673       304.48240166126624        11.61269460709321       316.09509626835944
                       43   -7.923586183115254e-05     2.18319904629638e-09    0.0031685205134727667       3.6313485654436066     0.004191508147636064     -0.00205907937500575   -4.860685231997871e-07       -58.07401636818788     -0.09397046459720303       0.6924347243973461      0.22954267221635247        0.589893300437952      0.46458514729284794       0.5571040168186787       303.54383483372106        11.70570541853925        315.2495402522603
                       44    -7.92358608229009e-05   2.1832000922800024e-09     0.003168520517908303       3.6313485620057895     0.004191508080827074   -0.0020590793831744975   -4.860685357469033e-07       -58.07401599889249     -0.09397046438533135       0.6924347293138493      0.22954267230741945       0.5898932984634335        0.464585147323149       0.5571040178137343       303.54383101200614       11.705705408198206        315.2495364202043
                       45   -7.923586203523907e-05   2.1831989647715765e-09     0.003168520513309962        3.631348566975309     0.004191508157995988   -0.0020590793734967788   -4.860685214271596e-07       -58.07401638955636     -0.09397046460925061        0.692434723720037      0.22954267218112273       0.5898933005875804      0.46458514728956735       0.5571040164340859        303.5438346077036       11.705705417629819       315.24954002533343
                       46   -6.535568714746156e-05   1.8825682228209652e-08    0.0032422444578395306       3.5984200155648374     0.003217284462165032    -0.002174024578206818   -6.720140165919299e-07       -52.07048442599529     -0.09052247553379858       0.7655939432282537      0.23050701247057515       0.5584035271699794       0.4650514332629804       0.5676470348110465        262.1368330204184       11.800209801541403       273.93704282195984
                       47   -6.535568704861897e-05    1.882568242759655e-08    0.0032422444584746953       3.5984200152888333    0.0032172844543690623   -0.0021740245788076187   -6.720140177436287e-07       -52.07048436683096     -0.09052247549498439       0.7655939437394876      0.23050701244985294        0.558403526832217      0.46505143326819415       0.5676470353141232       262.13683276387167        11.80020980534643        273.9370425692181
                       48   -6.535568705749533e-05   1.8825682531293075e-08    0.0032422444589215887       3.5984200147673278     0.003217284444478734   -0.0021740245800527477    -6.72014019840607e-07       -52.07048432495144      -0.0905224755288086       0.7655939440126909       0.2305070124490179       0.5584035265593142       0.4650514332705389       0.5676470349482683        262.1368328325447       11.800209818961964       273.93704265150666
                       49   -6.031355078925122e-05    2.982789031758491e-08     0.003278089650051491       3.5806067262182366     0.002747214097632648    -0.002213551552315549   -7.458036859686711e-07      -48.729852466168595     -0.08874985650332946        0.793853980033173      0.22943150884574454        0.539101094375351       0.4653366221761057       0.5911180795488988        255.5087701374145       12.161205455043357       267.66997559245783
                       50  -6.0313550645290964e-05    2.982789025949031e-08    0.0032780896494434297       3.5806067251711293     0.002747214105891743   -0.0022135515514839455   -7.458036827367278e-07       -48.72985248215493     -0.08874985631791994       0.7938539886790137       0.2294315088079103        0.539101094411999      0.46533662218448174       0.5911180814485277       255.50876919954345       12.161205388602825       267.66997458814626
                       51   -6.031355078619594e-05    2.982789034462284e-08    0.0032780896500293542        3.580606725834989    0.0027472140963530666    -0.002213551552541549    -7.45803686169334e-07       -48.72985245894337      -0.0887498565017367       0.7938539805619578      0.22943150883404306       0.5391010942652903       0.4653366221775609       0.5911180796987905       255.50877011552345       12.161205455073445        267.6699755705969
                       52  -6.0313550751145634e-05    2.982789035710895e-08     0.003278089649761572       3.5806067250157354     0.002747214096780447    -0.002213551552720328   -7.458036858465875e-07       -48.72985245630761     -0.08874985647980851       0.7938539805903633      0.22943150881107927       0.5391010940794988      0.46533662218060895       0.5911180802821399       255.50877007965113        12.16120545411844       267.66997553376956
                       53   -6.031355075021615e-05   2.9827890302861996e-08    0.0032780896498201735        3.580606725745362     0.002747214098045146   -0.0022135515525956097   -7.458036860119224e-07      -48.729852464436966     -0.08874985651133561        0.793853980236036       0.2294315088505019       0.5391010942080072       0.4653366221774463       0.5911180796686883       255.50877010686855       12.161205455976484         267.669975562845
                       54  -6.0313550644886665e-05    2.982789038891059e-08    0.0032780896496345043       3.5806067250775815    0.0027472140964968743   -0.0022135515527594565   -7.458036859104069e-07      -48.729852434466146     -0.08874985651565956       0.7938539809115355      0.22943150886093044       0.5391010937416408      0.46533662218186844       0.5911180799228273       255.50876999818362       12.161205459113852        267.6699754572975
                       55   -6.031354917176361e-05   2.9827891342854554e-08    0.0032780896456359085       3.5806067130039634    0.0027472140727280887    -0.002213551558649232   -7.458036886621815e-07      -48.729852033447685     -0.08874985684329222       0.7938539826556152      0.22943150905444498        0.539101086291738        0.465336622241164       0.5911180822821978        255.5087693268215       12.161205574914405        267.6699749017359
                       56   -6.031355081045355e-05     2.98278903118649e-08     0.003278089649659062         3.58060672563322    0.0027472140985304403     -0.00221355155255121   -7.458036858580458e-07       -48.72985244585397     -0.08874985652985419       0.7938539799708972       0.2294315088380987       0.5391010939255931       0.4653366221791449       0.5911180794870461         255.508770069367       12.161205460535035       267.66997552990205
                       57  -3.8262282592483655e-05   3.4659163610513875e-08    0.0031227324886829604       3.2316986553594758     0.002753130102892916   -0.0023801002557218773   -7.524974012612692e-07        -42.0517855986101     -0.09522844480567659        0.928766787151065      0.22989566144619644      0.36595831347539326       0.4667711613559307       0.6698332542341987        238.8946942012421       14.562983110457287       253.45767731169937
                       58  -3.8262282607093496e-05   3.4659163517118116e-08    0.0031227324882591337        3.231698655569488    0.0027531301084564056     -0.00238010025475719   -7.524973999416554e-07      -42.051785635322695     -0.09522844479066792       0.9287667874770811      0.22989566143868279       0.3659583137844603       0.4667711613552127       0.6698332542060577       238.89469415519216        14.56298309733568       253.45767725252784
                       59   -3.826228248971441e-05   3.4659163647727844e-08      0.00312273248785709       3.2316986539853825     0.002753130103105568   -0.0023801002557889625   -7.524974012158858e-07       -42.05178557295328     -0.09522844484258536       0.9287667881029495      0.22989566142656603       0.3659583128793914       0.4667711613638952       0.6698332543060941       238.89469412752223       14.562983123448417       253.45767725097065
                       60   -3.826228258003051e-05     3.46591636008001e-08    0.0031227324885111274       3.2316986552099842     0.002753130102847383    -0.002380100255709658   -7.524974014979443e-07       -42.05178559230903     -0.09522844481407675       0.9287667873263783       0.2298956614434213      0.36595831341220564       0.4667711613581938       0.6698332543341898        238.8946941897505       14.562983113415049       253.45767730316555
                       61   -3.826228261884419e-05    3.465916360043376e-08     0.003122732488588907       3.2316986557341223    0.0027531301031502343    -0.002380100254993436   -7.524974014546228e-07       -42.05178560256016     -0.09522844480985365       0.9287667871759862       0.2298956614491189         0.36595831371912       0.4667711613576236       0.6698332543086387         238.894694186993       14.562983108866865       253.45767729585987
                       62  -3.8262282571613414e-05    3.465916366653346e-08    0.0031227324884794063       3.2316986549846516     0.002753130099811341   -0.0023801002555841272   -7.524974023739169e-07      -42.051785569030386     -0.09522844483414607       0.9287667872916308      0.22989566145083157       0.3659583132884965      0.46677116136151947       0.6698332543375187        238.8946941909251       14.562983122113097        253.4576773130382
                       63  -3.4443043520996156e-05    3.225771839494651e-08     0.003053693788231003       3.1856536251957612     0.002787270124054356    -0.002329753353945882   -8.140026752026953e-07       -40.31811208517183     -0.09833199486681053       0.9967027425816186      0.22891557299067467       0.3524255491815129      0.46760748717480377       0.6996362798878177        235.3429323357258       15.537379624319978        250.8803119600458
                       64   -3.444304350256233e-05    3.225771837397503e-08      0.00305369378788357       3.1856536249450715    0.0027872701242734436   -0.0023297533536966023   -8.140026755878196e-07          -40.31811207599     -0.09833199488059585       0.9967027428767992      0.22891557299177684      0.35242554912741203      0.46760748717913675       0.6996362799950635       235.34293232578625       15.537379628953126       250.88031195473937
                       65  -3.4443043516002103e-05    3.225771838659413e-08     0.003053693788023513        3.185653625000414    0.0027872701241563403   -0.0023297533537010337   -8.140026754406506e-07       -40.31811208083578     -0.09833199487334761       0.9967027426429493      0.22891557299175308      0.35242554915918967      0.46760748717703804       0.6996362799032596       235.34293233042766       15.537379626093434        250.8803119565211
                       66   -3.444304350217614e-05    3.225771837572521e-08    0.0030536937878440323        3.185653624799637    0.0027872701244525825    -0.002329753353222585   -8.140026756274255e-07        -40.3181120751813     -0.09833199487337588       0.9967027425254373      0.22891557299931184      0.35242554915894453        0.467607487179533        0.699636279872653       235.34293232352545        15.53737962583888       250.88031194936434
                       67  -3.4443043472752845e-05     3.22577183023495e-08      0.00305369378698099       3.1856536238346163     0.002787270125403184   -0.0023297533519335348   -8.140026768121055e-07      -40.318112050945096     -0.09833199488645292        0.996702742426312      0.22891557298882642      0.35242554913405133       0.4676074871906282       0.6996362798375007       235.34293229691386        15.53737962961301       250.88031192652687
                       68    -3.44430434456775e-05   3.2257718262159694e-08    0.0030536937856345697        3.185653622309963      0.00278727012703882   -0.0023297533490153183   -8.140026778784785e-07       -40.31811201193937     -0.09833199490494343       0.9967027424167116      0.22891557297021412       0.3524255491440387       0.4676074872088556       0.6996362797227018        235.3429322562898       15.537379634194531       250.88031189048434
                       69   -3.444304355183249e-05    3.225771835381565e-08     0.003053693787536943        3.185653624208511     0.002787270124901601     -0.00232975335251613   -8.140026759836768e-07       -40.31811206462043     -0.09833199486974809       0.9967027424233108        0.228915572994008       0.3524255493809372       0.4676074871849533       0.6996362798015605       235.34293231343526       15.537379623486396       250.88031193692166
                       70  -3.4443043493256626e-05    3.225771836840685e-08    0.0030536937877259783        3.185653624527413    0.0027872701246925624    -0.002329753352904313   -8.140026757708063e-07        -40.3181120687595     -0.09833199486802052       0.9967027425111166       0.2289155729941756      0.35242554943351434      0.46760748718306244       0.6996362799347349        235.3429323193877       15.537379623862657       250.88031194325035
                       71  -1.4687836732205865e-05  -1.0629160223125267e-08     0.002334401333404791       2.3795801085924824    0.0035738626644132836   -0.0010554609205171055  -1.6360055317456238e-06        -20.3697783102643      -0.1089958562696619       0.9396610148270417      0.22921206632470095       0.3649155184099321       0.4770041549031567       0.6703746845321863       222.70945810104774        19.94490096863216        242.6543590696799
                       72   -2.456544012660101e-05   1.0814279085910727e-08    0.0026940475608178975        2.782616866894122    0.0031805663942338193   -0.0016926071372314938  -1.2250041034741596e-06       -30.34394519771807     -0.10366392556823623       0.9681818787043301       0.2290638196576878       0.3586705337957225       0.4723058210389802        0.685005482210002        226.3059447376844       17.291210046663647       243.59715478434805
                       73  -1.9626638429403546e-05    9.255943139283575e-11     0.002514224447111344       2.5810984877433025     0.003377214529323552   -0.0013740340288742998  -1.4305048176098916e-06       -25.35686175399119     -0.10632989091894907       0.9539214467656858       0.2291379429911944      0.36179302610282726       0.4746549879710684       0.6776900833710942        223.6487346578749       18.505572945194796        242.1543076030697
                       74   -1.962663834730071e-05    9.255928035966148e-11    0.0025142244445879613        2.581098484724137    0.0033772145320245927     -0.00137403402452329  -1.4305048206249003e-06      -25.356861687943145     -0.10632989095084144       0.9539214463830448       0.2291379429860932      0.36179302640348576       0.4746549880034585       0.6776900831085211       223.64873461583977       18.505572960022523        242.1543075758623
                       75  -1.9626638385956746e-05    9.255940254204654e-11    0.0025142244467124017        2.581098487002575    0.0033772145300465656   -0.0013740340279058843   -1.430504818112262e-06       -25.35686174236375     -0.10632989090970092        0.953921446443591       0.2291379429964484       0.3617930264345168      0.47465498797749217        0.677690083172803       223.64873464776386        18.50557294235225        242.1543075901161
                       76  -1.9626638436017504e-05    9.255947443968541e-11    0.0025142244476387622        2.581098488156967     0.003377214528775976   -0.0013740340298621864   -1.430504816910958e-06      -25.356861770374433     -0.10632989090626707       0.9539214467793373      0.22913794298959947      0.36179302621005616       0.4746549879647668       0.6776900834018349        223.6487346574709       18.505572939500592       242.15430759697148
                       77   -1.962663841289234e-05     9.25594092626177e-11    0.0025142244465275443        2.581098486892138    0.0033772145299921837   -0.0013740340280303097  -1.4305048181320361e-06      -25.356861739065238     -0.10632989092320116       0.9539214468179107      0.22913794299076684      0.36179302611703656       0.4746549879798693       0.6776900834300399       223.64873464861807       18.505572948965593       242.15430759758368
                       78   -1.962663841731816e-05    9.255942620242961e-11     0.002514224446943068       2.5810984872404754    0.0033772145295642587   -0.0013740340290052018   -1.430504817737941e-06      -25.356861751414467     -0.10632989091279778       0.9539214468943615       0.2291379429910656      0.36179302599121976       0.4746549879750489       0.6776900833880903       223.64873465009356       18.505572945673453       242.15430759576702
                       79  -1.9626638383896328e-05    9.255942143257533e-11    0.0025142244467066953       2.5810984871417455    0.0033772145297367197    -0.001374034028463519  -1.4305048179704248e-06      -25.356861745461952      -0.1063298909203081       0.9539214468198822      0.22913794299053847      0.36179302592853724       0.4746549879774769       0.6776900834114974       223.64873464932847       18.505572948724424        242.1543075980529
                       80  -1.9626638417755528e-05     9.25594281033833e-11    0.0025142244470184477       2.5810984876805136    0.0033772145293362353   -0.0013740340289204887  -1.4305048177214037e-06      -25.356861752483322     -0.10632989092167341       0.9539214468591415      0.22913794299373383      0.36179302607239094      0.47465498797261796       0.6776900834292396       223.64873465594027       18.505572946566552       242.15430760250683
                       81   -6.937047930643332e-06   -8.605870822962093e-09     0.002297611589386719        2.237188818037164    0.0036290729565057345   -0.0010929930459956168  -1.6425376867697345e-06      -20.262087194905234     -0.10653313313218662       0.9559814301940737      0.22913399510497906      0.37176455287257704       0.4780175934148889        0.678535121992077       220.23330561812432       19.640675026976123       239.87398064510043
                       82   -6.937047850180461e-06   -8.605870879930565e-09    0.0022976115878062483        2.237188815471904     0.003629072958316773    -0.001092993044007293   -1.642537688271956e-06       -20.26208715917821      -0.1065331331304225       0.9559814301868297      0.22913399510473145      0.37176455284870585      0.47801759343980604       0.6785351219885722        220.2333056018853       19.640675035949798       239.87398063783507
                       83  -6.9370478973314375e-06   -8.605870832317149e-09     0.002297611589000988       2.2371888172932115    0.0036290729570442066   -0.0010929930456141188  -1.6425376870830312e-06       -20.26208718619414     -0.10653313312287044       0.9559814302024432        0.229133995107079       0.3717645528952074       0.4780175934225699       0.6785351219999551       220.23330561588494       19.640675027419658        239.8739806433046
                       84  -2.6759576583086078e-06  -1.1363774593363198e-08     0.002218802881626427        2.107129087575092     0.003721134534112688   -0.0009957358704040012    -1.71647381101922e-06      -18.480746117623507     -0.10628343993855756       0.9558047249191388      0.22916097013538966      0.37109216971507397       0.4792891758977835       0.6785193627708201        219.6053829582658       20.074206227776052       239.67958918604185
                       85  -2.6759576512517527e-06  -1.1363774600380231e-08    0.0022188028813905363         2.10712908725519      0.00372113453434945   -0.0009957358701457731   -1.716473811240887e-06       -18.48074611287132     -0.10628343993693277       0.9558047249131361      0.22916097013481576      0.37109216970945613      0.47928917590163006       0.6785193627651562        219.6053829568932        20.07420622876367       239.67958918565688
                       86  -2.6759576387196766e-06  -1.1363774610346844e-08     0.002218802881015681        2.107129086886411    0.0037211345347133154    -0.000995735869758694  -1.7164738115865718e-06      -18.480746105201877     -0.10628343993123225        0.955804724901208      0.22916097013480377      0.37109216972869175      0.47928917590816494       0.6785193627619988       219.60538295541477       20.074206229429794       239.67958918484456
                       87   -2.675957671349283e-06  -1.1363774591946536e-08    0.0022188028813401837       2.1071290877427042    0.0037211345341408913   -0.0009957358703248202   -1.716473811280124e-06       -18.48074611582777     -0.10628343992899018       0.9558047248644324       0.2291609701337686      0.37109216977328485       0.4792891759029602       0.6785193627436907        219.6053829581978        20.07420622560739       239.67958918380518
                       88  -2.6759576544908067e-06  -1.1363774593918005e-08     0.002218802881165939       2.1071290875497297    0.0037211345342739403   -0.0009957358702302895  -1.7164738114333615e-06       -18.48074611367373     -0.10628343992559448       0.9558047248520047      0.22916097013969638      0.37109216965109987      0.47928917590595754       0.6785193627343125       219.60538295710288       20.074206226337115          239.67958918344
                       89  -2.6759576449672832e-06  -1.1363774596052528e-08     0.002218802881144838       2.1071290873979924     0.003721134534311871   -0.0009957358703196826   -1.716473811464283e-06       -18.48074611362203     -0.10628343992383857       0.9558047249141726      0.22916097013885967      0.37109216978600645      0.47928917590664927       0.6785193627369432        219.6053829581637       20.074206225419594        239.6795891835833
                       90  -2.6759576581629994e-06  -1.1363774580204118e-08     0.002218802881256041        2.107129087655907    0.0037211345341003413   -0.0009957358705645035   -1.716473811269495e-06      -18.480746118357338     -0.10628343991768419       0.9558047249036881      0.22916097013502312         0.37109216972699       0.4792891759056721        0.678519362782084       219.60538295924073       20.074206223679607       239.67958918292032
                       91   -2.675957750168721e-06   -1.136377444958719e-08     0.002218802879568353        2.107129089825068    0.0037211345329017237    -0.000995735873007669  -1.7164738121034484e-06      -18.480746144663087     -0.10628343976101733        0.955804725057267       0.2291609701333253       0.3710921695860036      0.47928917594835574       0.6785193627422172       219.60538297215945        20.07420618787987        239.6795891600393
aborted minimisation     
Minimisation aborted as it proceeded too slow                
 restart
                       92   -2.675957750168721e-06   -1.136377444958719e-08     0.002218802879568353        2.107129089825068    0.0037211345329017237    -0.000995735873007669  -1.7164738121034484e-06      -18.480746144663087     -0.10628343976101733        0.955804725057267       0.2291609701333253       0.3710921695860036      0.47928917594835574       0.6785193627422172       219.60538297215945        20.07420618787987        239.6795891600393
                       93   -2.700689991756604e-06  -1.1363774207041212e-08    0.0022187923532825805       2.1071290898951034    0.0037211345320895747   -0.0009957358731262802   -1.716473812276844e-06      -18.480746165808025     -0.10628343965860168       0.9558047250166903       0.2291609701132425      0.37109216958572233      0.47928917595042414       0.6785193617690384       219.60519763417054        20.07405506973155       239.67925270390208
                       94   -2.675154289614537e-06   -1.136377409543001e-08     0.002218793725974035       2.1071290900010053     0.003721134532404461   -0.0009957358730603228  -1.7164738122279972e-06       -18.48074614921619     -0.10628343959149616       0.9558047250220547      0.22916097011388753       0.3710921695863779        0.479289175950697       0.6785193619632297       219.60534498495124       20.074206976399328       239.67955196135057
                       95   -2.675957699233077e-06  -1.1363774537611913e-08    0.0022188028696379153        2.107129090121686    0.0037211345333888904   -0.0009957358731600189  -1.7164738120993268e-06       -18.48074608508338     -0.10628343941956712       0.9558047250831321       0.2291609701377211      0.37109216958595126      0.47928917595074005       0.6785193631338977         219.605382969233        20.07420613191843       239.67958910115144
                       96  -2.7656637788928974e-06  -1.1370138410371475e-08    0.0022180770322727094       2.1071505651362172    0.0037211698043957096   -0.0009957468992556687  -1.7164735119248883e-06       -18.47643256801019     -0.10625871811663358       0.9558065990629705      0.22916128832600335      0.37109216578586046       0.4792893485793395       0.6785476976884457       219.60478769723568        20.06959869470837       239.67438639194404
                       97  -2.5904704982769247e-06  -1.3201699635198327e-08    0.0020095515957596725       2.1133229429811142    0.0037313071756627687   -0.0009989171339002802  -1.7163877518140956e-06      -17.236636878671735     -0.09915342835959774       0.9563448282544191      0.22925275706168674       0.3710910762658439       0.4793389646311361       0.6866978289348609       220.09440403638214        18.96130734310722       239.05571137948937
                       98  -2.5904704924604722e-06  -1.3201699603302454e-08    0.0020095515826240866        2.113322943390183     0.003731307176410496   -0.0009989171321412985  -1.7163877503529193e-06       -17.23663680055388     -0.09915342790749468       0.9563448288450715       0.2292527570498593      0.37109107625856397       0.4793389646366798       0.6866978290302237       220.09440402560696        18.96130727453748       239.05571130014445
                       99  -2.5904705004061486e-06  -1.3201699690158906e-08     0.002009551591382469       2.1133229430548073    0.0037313071760342346   -0.0009989171346034185  -1.7163877517423216e-06       -17.23663685049701     -0.09915342819492604       0.9563448286932197       0.2292527570636222       0.3710910762544356       0.4793389646348863       0.6866978287210665       220.09440403507287        18.96130731701044        239.0557113520833
                      100  -2.5904705025368854e-06   -1.320169962259977e-08    0.0020095515951698137        2.113322942861318    0.0037313071757269414   -0.0009989171341221231    -1.71638775168063e-06       -17.23663687496001     -0.09915342832998944       0.9563448281639089      0.22925275705197343       0.3710910762461893        0.479338964633041       0.6866978288870671        220.0944040366546       18.961307338332237       239.05571137498683
                      101   -2.590470522190041e-06  -1.3201699541350252e-08    0.0020095515922823716        2.113322942230859     0.003731307176009658   -0.0009989171349882669  -1.7163877509825017e-06      -17.236636857657412     -0.09915342818484763       0.9563448276993378      0.22925275709523216      0.37109107615397574       0.4793389646434223       0.6866978286747134        220.0944040414148       18.961307313417844       239.05571135483265
                      102    -2.59047050792944e-06   -1.320169958706568e-08    0.0020095515940098977        2.113322942403805    0.0037313071755453453   -0.0009989171346907809  -1.7163877520984303e-06      -17.236636872553177     -0.09915342828052678       0.9563448279726408      0.22925275707504905       0.3710910762223376       0.4793389646384979       0.6866978286903151       220.09440403796324        18.96130732925347        239.0557113672167
                      103   -3.335589173509337e-06  -1.0589000055556325e-08    0.0016877091898638672        2.092021672742624     0.003753013382071774   -0.0010290645566011735  -1.6796501734830398e-06      -15.327693933600267     -0.08617102293459242       0.9501837287978261      0.22910271904780388       0.3672273114111201       0.4798609609554804       0.6748843917377281        220.9200259607697        17.08981545856379        238.0098414193335
                      104  -3.3355891629161578e-06  -1.0589000054877428e-08     0.001687709189665902       2.0920216727296106     0.003753013382071741   -0.0010290645565902848   -1.679650173597285e-06      -15.327693933200099     -0.08617102292578485       0.9501837288169119      0.22910271904722976      0.36722731142735565      0.47986096095806774       0.6748843917479226        220.9200259606709         17.0898154574812        238.0098414181521
                      105  -3.3355891690054272e-06  -1.0589000044886886e-08    0.0016877091897580824        2.092021672593374     0.003753013382050697    -0.001029064556688615  -1.6796501737255927e-06      -15.327693934411013     -0.08617102292091416       0.9501837287858079      0.22910271904964666       0.3672273114259869       0.4798609609623244        0.674884391720167        220.9200259610597       17.089815456651642       238.00984141771136
                      106  -3.3355891711233827e-06  -1.0589000030054916e-08     0.001687709189494211       2.0920216724039626     0.003753013381939143    -0.001029064556537291  -1.6796501740521765e-06      -15.327693936387385     -0.08617102290676494       0.9501837287552417      0.22910271904902385       0.3672273114437834       0.4798609609722406       0.6748843917460761         220.920025960828        17.08981545487753       238.00984141570555
                      107  -3.3355891747597155e-06  -1.0589000051296384e-08    0.0016877091896072057        2.092021672710768     0.003753013382051188   -0.0010290645563862627  -1.6796501737206221e-06      -15.327693933688517     -0.08617102291804071       0.9501837287977652       0.2291027190474063       0.3672273114247419       0.4798609609647627       0.6748843918041665       220.92002596102515        17.08981545673609       238.00984141776124
                      108   -9.702261549162782e-07   -8.474402181735051e-09    0.0016233729766951992        2.063236296519899    0.0037466393711297445    -0.001028227051401291  -1.7494496718883938e-06      -15.422713216308384     -0.08181989570132672        0.951062622155399      0.22923155025954506      0.37301562402524846       0.4818271438682426       0.6771381471458753        221.1886351520397       16.552651571019677       237.74128672305937
                      109     -9.7022615638878e-07   -8.474402182500769e-09    0.0016233729764970814       2.0632362964545963      0.00374663937108075   -0.0010282270514252836  -1.7494496723347446e-06      -15.422713217087528     -0.08181989568928427       0.9510626221830929      0.22923155025755187       0.3730156240362354       0.4818271438761845         0.67713814712826       221.18863515220738        16.55265156965255       237.74128672185992
                      110   -9.702261580017983e-07   -8.474402181468447e-09    0.0016233729764665028       2.0632362965347353    0.0037466393711199216    -0.001028227051321263  -1.7494496722623817e-06      -15.422713216247166      -0.0818198956847313       0.9510626221898737      0.22923155025802877       0.3730156240269984       0.4818271438779894       0.6771381471378408       221.18863515297352        16.55265156914749         237.741286722121
                      111   -9.702261633120298e-07    -8.47440217744377e-09     0.001623372976576229       2.0632362965970192      0.00374663937107555   -0.0010282270511099132   -1.749449672428563e-06      -15.422713218311799     -0.08181989568943723       0.9510626221793439      0.22923155025742437      0.37301562401658067       0.4818271438836792       0.6771381471510294       221.18863515194184       16.552651569739247        237.7412867216811
                      112   -9.702261728142755e-07   -8.474402187581696e-09    0.0016233729766848169        2.063236296798397     0.003746639370992245   -0.0010282270508870006  -1.7494496733791186e-06      -15.422713221930827      -0.0818198956858369       0.9510626221476932       0.2292315502594648       0.3730156239927839       0.4818271439030629       0.6771381471947127       221.18863515017105        16.55265156971436        237.7412867198854
                      113    -9.70226153886279e-07   -8.474402185489736e-09    0.0016233729767038483        2.063236296773951     0.003746639371066695   -0.0010282270511374682  -1.7494496726002142e-06      -15.422713219275794      -0.0818198956972744       0.9510626221747549      0.22923155026376577       0.3730156240006405      0.48182714388683096       0.6771381471308109       221.18863515081648         16.5526515705157        237.7412867213322
                      114    -9.70226152374975e-07   -8.474402179187176e-09      0.00162337297649535       2.0632362965664077    0.0037466393711252472   -0.0010282270514427837    -1.74944967196348e-06      -15.422713215959211     -0.08181989569222627       0.9510626221444931      0.22923155025823894       0.3730156240233019       0.4818271438743286       0.6771381471425482        221.1886351529147       16.552651569852472        237.7412867227672
                      115  -2.6706179407254847e-06    -8.45249932009011e-09    0.0015748324829546164        2.109971149466709    0.0037263841956631447   -0.0009522919608083512   -1.979961308825586e-06      -16.147628422801464     -0.07740104993895525       0.9552972612783188      0.22907480027325475       0.3685918490294877      0.48806298639213935       0.6783413025668654       221.35977749461915       16.108808445730663        237.4685859403498
                      116  -2.6706179505877324e-06   -8.452499320325373e-09    0.0015748324833496313        2.109971149546549     0.003726384195644609   -0.0009522919608160048   -1.979961308791518e-06      -16.147628425054307     -0.07740104995261236       0.9552972612873445      0.22907480027492957       0.3685918490273697      0.48806298639602164       0.6783413025675671       221.35977749288608        16.10880844694881        237.4685859398349
                      117   -2.670617956491542e-06   -8.452499318276612e-09    0.0015748324834625137       2.1099711495263467     0.003726384195621494    -0.000952291960920173  -1.9799613086403844e-06       -16.14762842606798     -0.07740104996089206       0.9552972612798496       0.2290748002746608      0.36859184903077874       0.4880629863965987       0.6783413025595593       221.35977749215732       16.108808447549173        237.4685859397065
                      118   -2.670617946007711e-06   -8.452499315137508e-09    0.0015748324829069375       2.1099711495849185    0.0037263841956389834   -0.0009522919608987122   -1.979961308832912e-06       -16.14762842384294     -0.07740104993495789       0.9552972612692412      0.22907480027312838       0.3685918490306349      0.48806298640475654       0.6783413025649407       221.35977749505216        16.10880844486111       237.46858593991328
                      119  -2.6706179985638073e-06   -8.452499269222817e-09     0.001574832482860449       2.1099711509052983    0.0037263841953612802    -0.000952291962808972   -1.979961308452658e-06      -16.147628436077397     -0.07740104991398263       0.9552972611454043      0.22907480027142918       0.3685918490717012       0.4880629865431638       0.6783413025027842       221.35977749750194        16.10880843680766        237.4685859343096
                      120    -2.67061794609828e-06   -8.452499297368451e-09    0.0015748324838274837        2.109971149974798    0.0037263841955279854   -0.0009522919615806841   -1.979961308123917e-06      -16.147628431039916     -0.07740104996971711       0.9552972612615229      0.22907480027331795       0.3685918490513378      0.48806298643765544       0.6783413024988549        221.3597774917629       16.108808446276125       237.46858593803904
                      121   -2.670617942499228e-06    -8.45249931104041e-09    0.0015748324831068735        2.109971149555709    0.0037263841955669473   -0.0009522919609521082   -1.979961308903777e-06      -16.147628425755173     -0.07740104993959473       0.9552972612485326      0.22907480027414154       0.3685918490259612      0.48806298641342793       0.6783413025548812       221.35977749446977        16.10880844527226         237.468585939742
                      122   -2.670617950265632e-06   -8.452499264841962e-09    0.0015748324830538742       2.1099711500760976    0.0037263841951492164   -0.0009522919614595469   -1.979961309652476e-06      -16.147628435423535     -0.07740104989750858       0.9552972611358443      0.22907480027745186         0.36859184900468      0.48806298652867686       0.6783413025093026       221.35977749796922        16.10880843862308        237.4685859365923
                      123  -1.0531450640282204e-05   1.2550106334368113e-09    0.0016438976664802062       2.3149607661660037    0.0036579908007969546   -0.0011895555676368706  -1.9599964109574413e-06      -18.888544853442784     -0.07553267395368254       0.9336500437609103      0.22928216205918425      0.37112745553681065       0.5130074382050283       0.6670652833460959       221.90276334553636       15.093726975965204       236.99649032150157
                      124  -1.0531450667455593e-05   1.2550106586542527e-09    0.0016438976663372693       2.3149607666059255     0.003657990800601498   -0.0011895555682246064   -1.959996411062023e-06      -18.888544858767695     -0.07553267393518988       0.9336500437404045        0.229282162056397        0.371127455550055       0.5130074382720302        0.667065283305253       221.90276334817096       15.093726972355178       236.99649032052614
                      125   -1.053145065573485e-05   1.2550106514368967e-09    0.0016438976665142232       2.3149607664777365    0.0036579908006659214   -0.0011895555679971195  -1.9599964108908917e-06       -18.88854485662014     -0.07553267394464343       0.9336500437575004       0.2292821620566608       0.3711274555528666       0.5130074382502664       0.6670652833297641        221.9027633468916       15.093726973936134       236.99649032082772
                      126  -1.0531450639630954e-05    1.255010634694867e-09    0.0016438976665097197       2.3149607661240568    0.0036579908007573405   -0.0011895555676377965  -1.9599964109548753e-06      -18.888544853106296     -0.07553267395492858       0.9336500437596789      0.22928216205813826       0.3711274555461397        0.513007438207265       0.6670652833559547        221.9027633450292       15.093726976253144       236.99649032128235
                      127  -1.0531450638040706e-05   1.2550106426250012e-09     0.001643897666502015       2.3149607661810276    0.0036579908006621753   -0.0011895555677181153   -1.959996410964328e-06      -18.888544853742573     -0.07553267395266945       0.9336500437665833       0.2292821620597691        0.371127455556948       0.5130074382240742       0.6670652833457753       221.90276334527368       15.093726975797242       236.99649032107092
                      128  -1.0531450640569956e-05   1.2550106530547296e-09    0.0016438976666194225       2.3149607663332055    0.0036579908004419695   -0.0011895555681098397  -1.9599964111592486e-06       -18.88854485548007     -0.07553267395129717       0.9336500437495534      0.22928216206207003      0.37112745557075383       0.5130074382629356       0.6670652833344386        221.9027633451773       15.093726975388174       236.99649032056547
                      129   -1.053145064432911e-05   1.2550106442172113e-09    0.0016438976664967329        2.314960766296336    0.0036579908006408157    -0.001189555567804126  -1.9599964110206643e-06      -18.888544854551416      -0.0755326739504519       0.9336500437365793      0.22928216205943736      0.37112745552767346        0.513007438233603       0.6670652833342885       221.90276334571277       15.093726975468886       236.99649032118165
                      130  -1.0531450618372167e-05   1.2550106191295778e-09      0.00164389766660459        2.314960765716045      0.00365799080067143   -0.0011895555671519262  -1.9599964110651157e-06       -18.88854484658525     -0.07553267396892821        0.933650043807926        0.229282162057936       0.3711274555003004        0.513007438175487       0.6670652833509711       221.90276334075108       15.093726979996648       236.99649032074774
                      131  -1.1710000763208359e-05    7.620286509615298e-09    0.0016648084851698802        2.360341638526171    0.0035507735010849714   -0.0012793031520287525  -1.9975917106435108e-06       -19.22672375659541     -0.07433512345642222       0.9276017214836352      0.22915581549048997      0.37236969619118804       0.5296861932685444       0.6623674911770969          221.85161355591       14.982037720364847       236.83365127627485
                      132  -1.1710000764261912e-05    7.620286506340245e-09    0.0016648084850561904       2.3603416385439524    0.0035507735011557134   -0.0012793031519856243  -1.9975917106358854e-06      -19.226723756402453      -0.0743351234529206       0.9276017214972407      0.22915581549033182        0.372369696190639       0.5296861932651216       0.6623674911835593       221.85161355626911       14.982037719913896       236.83365127618302
                      133  -1.1710000766600179e-05    7.620286511442983e-09     0.001664808485157289       2.3603416386337486    0.0035507735009960763   -0.0012793031521384076  -1.9975917106763176e-06      -19.226723756700892     -0.07433512345563989        0.927601721505317      0.22915581549031228       0.3723696961878489       0.5296861932965772       0.6623674911949733       221.85161355556662       14.982037720447881        236.8336512760145
aborted minimisation     
Minimisation aborted as it proceeded too slow               
 finished