                   sim_nr                 advtheta                     advq                   advCO2               deltatheta               gammatheta                   deltaq                   gammaq                 deltaCO2                 gammaCO2                  sca_sto                    alpha                    FracH                       wg                      R10                     data               background                    Costf
                        1   0.00029386329575499954   1.3786430410813027e-06   -0.0032085431951971114        2.400487616007001     0.004870358556453552    0.0011375657535747266  -1.0241445904448512e-06     -0.45004127642435776      0.04380814841483744       0.8576385577990397      0.09677402594460571       0.5173373909688992      0.38877094117330463      0.17975756848565844        136912.5593740264                      0.0        136912.5593740264
                        2    0.0002938379004525728   1.3786430274440711e-06   -0.0032085327934516226       2.4004876158628146     0.004870358555432195    0.0011375657460874413  -1.0241445947868998e-06      -0.4500411888762124       0.0438081487409291       0.8576385576254812       0.0967740260315007       0.5173373909752054       0.3887709411731153       0.1797575711197208       136912.26518152017    2.095778226087895e-09       136912.26518152226
                        3   0.00029386349400908077   1.3786430248124734e-06    -0.003208531654790275         2.40048761591082     0.004870358555517731    0.0011375657446150687   -1.024144595769608e-06      -0.4500411786425314     0.043808148788000725       0.8576385576072394      0.09677402604047264       0.5173373909769449       0.3887709411730663      0.17975757146410398        136912.5120729338    7.799727089220109e-12        136912.5120729338
                        4   0.00029386328897969277    1.378643026065275e-06    -0.003208543193965942       2.4004876159692943    0.0048703585561950535      0.00113756574533566  -1.0241445951790244e-06      -0.4500412750070911     0.043808148418403095       0.8576385576773193      0.09677402603967439       0.5173373909760606      0.38877094117310235      0.17975757012206373       136912.55661539096    9.328715901671251e-16       136912.55661539096
                        5    0.0002938300042929751   1.3786408449576088e-06     -0.00320854261366833       2.4004876103477057     0.004870358517812998    0.0011375645488299962  -1.0241452822001393e-06     -0.45004106788355536     0.043808148886484974       0.8576385397105992      0.09677403993632877        0.517337392018658       0.3887709411433586      0.17975780952867382        136911.8363670341   3.6077607243616103e-09        136911.8363670377
                        6  -0.00043242860051380963  -1.0035057710762411e-08    -0.001527726999223744        2.396992590244304     0.004846361555432696    0.0003756151749083596  -1.4619845738372349e-06      -0.3059084688717069      0.04418789552037337       0.8463731440927604      0.10556517776240548       0.5179997119145522       0.3887522313231325      0.33125917721377274        7045.104876836423        8.578056321105132        7053.682933157528
                        7  -0.00043242859860214404  -1.0035057426943058e-08   -0.0015277269995842883        2.396992590330418     0.004846361555613299   0.00037561517524780036  -1.4619845736339887e-06      -0.3059084664955883      0.04418789552505363       0.8463731440274436      0.10556517782551178       0.5179997119160485       0.3887522313231129       0.3312591781471461        7045.104840718758        8.578056312591244        7053.682897031349
                        8  -0.00043242859953414515  -1.0035060181375194e-08   -0.0015277269954600521       2.3969925903363722     0.004846361555532353    0.0003756151737787106  -1.4619845744061225e-06      -0.3059084644999733      0.04418789552554526       0.8463731439458326      0.10556517792093756       0.5179997119181832       0.3887522313230548      0.33125917920930803        7045.104833800698        8.578056347065976        7053.682890147764
                        9  -0.00043242860055235486  -1.0035057708736096e-08      -0.0015277269999808       2.3969925902347327     0.004846361555380129    0.0003756151748771825   -1.461984573810578e-06     -0.30590847070622756       0.0441878955138454       0.8463731440786806      0.10556517783713448       0.5179997119148059      0.38875223132316084      0.33125917753735035        7045.104873379486        8.578056322347576        7053.682929701834
                       10    -0.000432428600731562  -1.0035057110451526e-08   -0.0015277269907207388       2.3969925901347033     0.004846361554762679   0.00037561517489232484  -1.4619845734901337e-06      -0.3059084564314556      0.04418789554463903       0.8463731439735696       0.1055651783853836       0.5179997119163332       0.3887522313233065      0.33125917955465045        7045.104849288162        8.578056327354037        7053.682905615516
                       11   -8.066824854393543e-05   -6.240855303743825e-08    -0.001439791226638662       2.4054355335561013     0.004816254169960964   0.00035333907987936217  -1.4228069485518947e-06     -0.19207464887244097      0.04236525310125146       0.8120831531404376      0.20392706180555037       0.5187080607566882       0.3887713044201583        0.925371211362692        860.7580567857323       14.917720634233234        875.6757774199655
                       12    -8.06682482266113e-05   -6.240855341738187e-08   -0.0014397912284484571       2.4054355335554174    0.0048162541699776846     0.000353339079741064   -1.422806948622401e-06     -0.19207465325553602      0.04236525309204455       0.8120831532325723       0.2039270619699703       0.5187080607565709       0.3887713044201368       0.9253712098122335         860.758049883237       14.917720614435698        875.6757704976727
                       13   -8.066824835337632e-05   -6.240855300593667e-08   -0.0014397912226204639          2.4054355335416    0.0048162541699433275    0.0003533390798685525   -1.422806948587162e-06     -0.19207464137630936     0.042365253119096405        0.812083153246423       0.2039270619536852        0.518708060756011       0.3887713044201102       0.9253712094235151        860.7580516832469        14.91772060514523        875.6757722883921
                       14   -8.066824863718766e-05   -6.240855285349065e-08   -0.0014397912269591912        2.405435533548193     0.004816254169976946    0.0003533390799627436  -1.4228069485325196e-06     -0.19207464917911182      0.04236525310233774       0.8120831531690968       0.2039270617580709       0.5187080607559511      0.38877130442014374       0.9253712108190246        860.7580565153694       14.917720622568574         875.675777137938
                       15  -4.1193585686807074e-05   -8.557144176521648e-08     -0.00127875466658582        2.403881173115714     0.004816867945300787     0.000343712652993214  -1.4310491159267596e-06     0.032549872638261465     0.043076096941111086       0.8298516007101682      0.22846772195746162       0.5186139019340648      0.38876493941455414       0.6112191711277903        347.3747109983461       11.539917769658368       358.91462876800443
                       16  -4.1219451210985946e-05    -8.55714420548829e-08    -0.001278747351313689       2.4038811726366642     0.004816867944040148    0.0003437126510925833  -1.4310491160827352e-06      0.03254990670513748      0.04307609693378425       0.8298516005001249       0.2284677219998046        0.518613901915258      0.38876493941433704       0.6112191718600641       347.37185889710724       11.539975568448098       358.91183446555533
                       17  -4.1193300910485355e-05   -8.557144190739858e-08    -0.001278748159858839       2.4038811726676954     0.004816867944089501   0.00034371265107126914  -1.4310491160671026e-06     0.032549899850655976     0.043076096913355545       0.8298516004920293       0.2284677219986132       0.5186139019149897        0.388764939414286       0.6112191716902764       347.37455459132764        11.53991860679593        358.9144731981236
                       18  -4.1193585577062504e-05   -8.557144199384316e-08   -0.0012787546635334701        2.403881172724785     0.004816867944331405   0.00034371265115423506  -1.4310491160361929e-06      0.03254985320036038      0.04307609681341605       0.8298516005974397      0.22846772200163665       0.5186139019159053      0.38876493941439905        0.611219170753099       347.37471083838807       11.539917770878848        358.9146286092669
                       19  -4.1194835094301475e-05   -8.557144935232458e-08   -0.0012787544851338545       2.4038811544874665     0.004816867899220666   0.00034371256681004056   -1.431049120579352e-06       0.0325489448410187      0.04307609084336823       0.8298515953253307       0.2284677240362836       0.5186139010647927       0.3887649394074534       0.6112191547872712       347.37457354301506       11.539920541640935         358.914494084656
                       20   -4.170785697969097e-05   -8.857419880298966e-08   -0.0012290495243334003       2.3987459167548555     0.004804133966087868   0.00031955618024653745  -1.4324866045777287e-06     -0.22271405550047396      0.04139886495562285       0.8283706643313427      0.22904799049025143       0.5183753607765401       0.3887629018720723       0.6062988358117831        346.0721313432013       11.566259913113893        357.6383912563152
                       21   -4.170042311094942e-05   -8.857406154990683e-08   -0.0012290491794813528        2.398745901719331     0.004804133933550377   0.00031955617307113655  -1.4324865840278084e-06     -0.22271488492972127      0.04139885942292823       0.8283706593661821       0.2290479910300513       0.5183753599027354       0.3887629018786694       0.6062988876217217        346.0720855844835       11.566243060294461       357.63832864477797
                       22   -4.170812442621678e-05    -8.85724153700997e-08    -0.001229042624853132       2.3987457211154446    0.0048041335427612955    0.0003195560866158827  -1.4324863375505157e-06     -0.22272481999503654     0.041398793076862485       0.8283705998053605       0.2290479975210693       0.5183753494152974       0.3887629019579909       0.6062995097318717        346.0713721430445       11.566252113300925        357.6376242563455
                       23   -4.172075889140488e-05   -8.854767103276017e-08   -0.0012293065985315974       2.3987429947553487     0.004804127644914594   0.00031955472768476536  -1.4324826331139931e-06       -0.222877489085784     0.041397785304837356       0.8283697043953435      0.22904809570765128       0.5183751911187668       0.3887629031519786       0.6063088271973145       346.06103305571816       11.566081066516027       357.62711412223416
                       24   -4.170789409365148e-05   -8.857419507812458e-08   -0.0012290494177328473       2.3987458979752008     0.004804133919260372   0.00031955609897564954   -1.432486607559162e-06      -0.2227149693889399      0.04139885878497198       0.8283706567668414        0.229047990960005       0.5183753598858316       0.3887629018668444       0.6062988622160228       346.07212436379314       11.566260319421714       357.63838468321484
                       25  -4.1503193209362814e-05   -8.841639845530589e-08    -0.001224582356155782       2.3979503303872347     0.004802150150672532     0.000316113183284661  -1.4326129120794166e-06     -0.26143079221845145      0.04113744792097052       0.8280502006899115      0.22906789096092123       0.5183376264598653      0.38876268039222395       0.6074173820939848       345.78538802989846        11.57969619828162        357.3650842281801
                       26  -4.1707142296417636e-05   -8.857408134594264e-08   -0.0012290169386366965       2.3987453962412237     0.004804132665204588    0.0003195539352790683  -1.4324866855417537e-06      -0.2227392478899684      0.04139869455291829       0.8283704868337605      0.22904800213232418       0.5183753361074129      0.38876290172747735       0.6062990622062792         346.071944758294       11.566269141439154       357.63821389973316
                       27   -4.119453076020628e-05   -8.035360884743144e-08    -0.001118140147409909       2.3790380989051094     0.004755151410379103   0.00023612902332835237   -1.434878707088023e-06      -1.1849700783655173      0.03490417616153747        0.820470309624094      0.22954614328366604       0.5174354800828652      0.38875776262847767       0.6349508900401934        341.3719895300974       11.935464875374134        353.3074544054715
                       28   -4.119453074464071e-05   -8.035360857842965e-08   -0.0011181401439496856       2.3790380955851136     0.004755151404502413   0.00023612901872535865   -1.434878707403349e-06       -1.184970109224305      0.03490417595094292       0.8204703099602095      0.22954614315396996       0.5174354793274146       0.3887577626247746       0.6349508903182395       341.37198910308535        11.93546487919021       353.30745398227555
                       29   -4.119453052341902e-05   -8.035360622407532e-08     -0.00111814011426991       2.3790380635817705     0.004755151347300886   0.00023612897637944274  -1.4348787096505204e-06      -1.1849703727907808      0.03490417414032738       0.8204703140767322      0.22954614391324984       0.5174354719310824      0.38875776260202566       0.6349508914972661        341.3719850226413       11.935464948842798        353.3074499714841
                       30  -4.1194530413018614e-05   -8.035360830411719e-08   -0.0011181401415917835       2.3790380956061057     0.004755151399671745   0.00023612901711735486    -1.43487870487236e-06       -1.184970115491097      0.03490417586277609       0.8204703104674402      0.22954614328802822       0.5174354792707117        0.388757762630458       0.6349508900900318       341.37198888240096       11.935464879180092       353.30745376158103
                       31   -4.119452964017117e-05   -8.035360751497513e-08   -0.0011181401287987968       2.3790380905951887      0.00475515137698406   0.00023612899707325173  -1.4348787199214446e-06      -1.1849701997564455     0.034904175196324445       0.8204703110484082       0.2295461433242369        0.517435478685328       0.3887577626232428       0.6349508912334043        341.3719878189036       11.935464911143178        353.3074527300468
                       32   -4.119453024707719e-05   -8.035360816665369e-08   -0.0011181401381762973       2.3790380983671175     0.004755151400054771    0.0002361290110621813  -1.4348787139164486e-06      -1.1849701632896967      0.03490417557929301       0.8204703107091031      0.22954614324212214       0.5174354799503124       0.3887577627000136       0.6349508907896588       341.37198885703083       11.935464894160324       353.30745375119113
                       33    3.631369674225813e-05    5.139436369172547e-08    0.0005437886261966799       1.4254247465809384     0.001864346369269694   -0.0019321867853169259  -1.8788589939347465e-06      -13.399087788763753    -0.056733921133456426       1.0028194347090549      0.22975796407465332       0.3117256849815999      0.38980172728682955       0.7175501571270404       3760.5472740989007        27.98775942669042        3788.535033525591
                       34  -2.4404170089741017e-06  -1.4479622577852878e-08  -0.00028717576060661434        1.902231422743024    0.0033097488898243986   -0.0008480288809942868  -1.6568688505113848e-06       -7.292028933564635    -0.010914872485959473       0.9116448721665744       0.2296520536791597       0.4145805825322326       0.3892797449576536       0.6762505235836169        381.9044136530759        16.60173014006304        398.5061437931389
                       35   -2.181747388459019e-05   -4.741661571264205e-08   -0.0007026579540082619        2.140634760824067      0.00403245015010175  -0.00030594992883296716  -1.5458737787997038e-06       -4.238499505965076        0.011994651837789       0.8660575908953341      0.22959909848141286       0.4660080313075489       0.3890187537930656       0.6556007068119056       308.69992091899934       13.428627004976278        322.1285479239756
                       36   -2.181787682183165e-05  -4.7416614347601235e-08   -0.0007026307117007683       2.1406347606983864     0.004032450149640818   -0.0003059499287683423  -1.5458737786167902e-06       -4.238499302184412     0.011994652291848096       0.8660575910309207      0.22959909847618998        0.466008031298408       0.3890187537933467       0.6556007043265977       308.69581172594815       13.428635619990125        322.1244473459383
                       37    -2.18065100879849e-05   -4.741661416527337e-08   -0.0007026532957919102       2.1406347607388256     0.004032450149883194  -0.00030594992875255253  -1.5458737785406802e-06       -4.238499475287321     0.011994651836015897       0.8660575913153776      0.22959909847827992      0.46600803129723256      0.38901875379345824        0.655600700293804        308.6992678439794       13.428605838930888       322.12787368291026
                       38  -2.1364614706584687e-05   -4.741364422802668e-08   -0.0006464094364409334        2.140634493902163     0.004032449182118923   -0.0003059497873209539  -1.5458733746062044e-06       -4.238079235399044     0.011995580107511047       0.8660579170645775      0.22959908743668062       0.4660080114144822       0.3890187544135642       0.6555948656936579       304.45166183477875       13.443961152181956        317.8956229869607
                       39  -2.1365508001081708e-05  -4.7413573532022416e-08   -0.0006464096565083556        2.140634489017751     0.004032449171750674   -0.0003059497855092752  -1.5458733622178156e-06       -4.238079478321451     0.011995575561112151        0.866057939918603      0.22959908739883805        0.466008010898396      0.38901875443425504       0.6555945195260167        304.4515916080507       13.443958926830694        317.8955505348814
                       40   -2.134104865378426e-05   -4.735203752371575e-08   -0.0006465817558476208        2.140630239077357    0.0040324401496157295   -0.0003059482079072522   -1.545862579331623e-06       -4.238290767360945     0.011991618692635354       0.8660778311682091       0.2295990543437328       0.4660075617149181      0.38901877244215194       0.6552932222410046       304.39293830475935       13.440390601530863        317.8333289062902
                       41  -2.1367543878970778e-05  -4.7389532325566536e-08   -0.0006459740786649302        2.140632821377837     0.004032445622710695   -0.0003059492070133661   -1.545869153275843e-06       -4.238158398544399     0.011994034563174064       0.8660657177272677      0.22959907437283267       0.4660078348858918       0.3890187614860925        0.655476688536754        304.4284172450856        13.44273507400499        317.8711523190906
                       42   -2.136378083540349e-05   -4.741368077494857e-08    -0.000646409259250197        2.140634486373872     0.004032449158215651  -0.00030594984619474385  -1.5458733851360587e-06       -4.238079441064328     0.011995574752250396       0.8660579236972994       0.2295990874117943        0.466008010869094      0.38901875443093326       0.6555947490276957        304.4516516733091       13.443959039492558        317.8956107128016
                       43  -2.1938076235160158e-05   -4.349589018982983e-08   -0.0006297043886645975       2.1403597623648682     0.004031862517431832  -0.00030587305661538444  -1.5451886176372423e-06       -4.251455460078146     0.011741054324094002       0.8673315654925842       0.2295969604367072       0.4659790816780566      0.38901991228794774       0.6362955597158448        302.6480633934144       13.232503681394693        315.8805670748091
                       44  -2.1938076263738372e-05   -4.349589013348922e-08   -0.0006297043879535196       2.1403597606800293     0.004031862511115942   -0.0003058730615517074   -1.545188622174688e-06        -4.25145546107027     0.011741054300622528       0.8673315656858769      0.22959696043977296       0.4659790812294672       0.3890199123022249       0.6362955587598913        302.6480631667529       13.232503680096313        315.8805668468492
                       45  -2.1938076212712077e-05   -4.349589006917126e-08   -0.0006297043885272091        2.140359761295568     0.004031862514173113  -0.00030587305839058535   -1.545188615608651e-06       -4.251455460149551     0.011741054306307487       0.8673315654039317      0.22959696046307065       0.4659790810822779       0.3890199123188114       0.6362955597659781        302.6480633112551       13.232503685015244        315.8805669962703
                       46  -2.1938075953040616e-05   -4.349588914150882e-08    -0.000629704387627641       2.1403597538837693     0.004031862491193182  -0.00030587307354008414  -1.5451885997977658e-06      -4.2514554612996225     0.011741054156837655       0.8673315650502478      0.22959695943899452        0.465979076483835      0.38901991259628377       0.6362955603444531       302.64806270772976       13.232503683487064        315.8805663912168
                       47  -2.0691886235015857e-05   -3.544445791283039e-08   -0.0006146535981754854       2.0589211257319944    0.0037720295098692368   -0.0004650093694944952  -1.4611837150064612e-06       -4.266049858171224     0.010394405652644108       0.8640628412821625       0.2296341178865596       0.4245948500219015      0.39113170558288585       0.6306758995467803        299.1295260239689       13.447355779252835       312.57688180322174
                       48   -2.066455931449369e-05    -3.54444578444185e-08   -0.0006146536002120582         2.05892112577557    0.0037720295100016786   -0.0004650093696414861  -1.4611837149976478e-06       -4.266049858823756     0.010394405611663472       0.8640628413656062       0.2296341178898571      0.42459485002275593      0.39113170558328064        0.630675899590087       299.12092139895077       13.447300083152657        312.5682214821034
                       49   -2.069188429063072e-05  -3.5444458013294424e-08   -0.0006146533692635487       2.0589211257192765     0.003772029509883072  -0.00046500936973176864    -1.46118371502338e-06        -4.26604985712757     0.010394405616656818       0.8640628413727869       0.2296341178934596      0.42459485002198555      0.39113170558332205       0.6306758996523465       299.12952532377216       13.447355848726144        312.5768811724983
                       50  -1.4159193239499622e-05   -3.544489641262673e-08   -0.0006136177276074607       2.0589210785550813    0.0037720296041232233    -0.000465010478798646  -1.4611837895001476e-06       -4.266045289003584      0.01039423294329142       0.8640632714884211      0.22963414991228503       0.4245948506062405       0.3911317076520746       0.6306763878176262        298.1045808026754       13.434511457653135        311.5390922603285
                       51  -1.4150588833998696e-05   -3.544494783403608e-08   -0.0006136230360113109       2.0589210723491336    0.0037720296126210733   -0.0004650105985979944   -1.461183797875672e-06       -4.266045697941476     0.010394212279813006        0.864063318359972       0.2296341534133287       0.4245948506490238      0.39113170787237084        0.630676425271667       298.10458161313875       13.434495282829381       311.53907689596815
                       52  -1.4161358586809445e-05   -3.544538828418105e-08   -0.0006136646462310547       2.0589210190730283    0.0037720296849379914   -0.0004650116238784685  -1.4611838696145295e-06      -4.2660491676794265     0.010394035560092926       0.8640637193942906      0.22963418337935987       0.4245948510126785      0.39113170975738093        0.630676746318449        298.1044220005899        13.43452647174271        311.5389484723326
                       53   -1.415887132560342e-05   -3.544609988821733e-08   -0.0006136073954495155       2.0589209326464264    0.0037720298010580876  -0.00046501328420677797  -1.4611839856830985e-06         -4.2660538249525      0.01039375181918048       0.8640643680499154      0.22963423190617185       0.4245948516012478      0.39113171281143855       0.6306772823948918         298.104172204748       13.434574415373794        311.5387466201218
                       54  -1.4160229587644943e-05  -3.5444867602987434e-08   -0.0006136152069224948       2.0589210462524883    0.0037720296884149176   -0.0004650110249393905  -1.4611837648703774e-06      -4.2660476063412585     0.010394109070046162       0.8640635620923547      0.22963416958247929      0.42459485059154817         0.39113170900309       0.6306765850990113        298.1044917709462       13.434526223064953       311.53901799401115
                       55  -1.4107782384636101e-05  -3.5360862996353656e-08   -0.0006063189556541355       2.0588272039657225    0.0037722746324656197   -0.0004665976420617816  -1.4611121396786146e-06       -4.272780783508432     0.010034203492231282       0.8649078972048909      0.22969131803795217      0.42459480774969005       0.3911356342965107       0.6312497336819991       297.85292042344764       13.471463093816208       311.32438351726387
                       56   -1.415859761784541e-05  -3.5444872715536425e-08   -0.0006136276276195933        2.058921030291076    0.0037720296344883157  -0.00046501120151394874  -1.4611837785712927e-06       -4.266050334538204     0.010394072077869583       0.8640636231023193       0.2296341370207472       0.4245948486346262      0.39113170928306595       0.6306761275805082       298.10448517547417        13.43451680902002        311.5390019844942
                       57  -1.1797535356945321e-05   -3.280308691985756e-08   -0.0001573509243398088       2.0529827243228045     0.003787145104061763   -0.0005660734012584765  -1.4572714560834654e-06       -4.688532391569963    -0.012219416659521136       0.9170458477150292      0.23322950727222855       0.4245939296238559       0.3913781447556237        0.666856638250283        288.2190020868879       16.417407676280078         304.636409763168
                       58  -1.1805957161146173e-05  -3.2803087016628955e-08   -0.0001573768264461887       2.0529827239781016     0.003787145102237095   -0.0005660734030319351  -1.4572714565234696e-06        -4.68853264340618    -0.012219417508490857       0.9170458482080077      0.23322950639921589      0.42459392957860964       0.3913781447563043        0.666856622327475        288.2182835432968       16.417415169948235       304.63569871324506
                       59  -1.1778700627826583e-05  -3.2803087033792383e-08   -0.0001574597256558249        2.052982722879228    0.0037871450960576952      -0.0005660734091989   -1.457271458028589e-06         -4.6885334696393    -0.012219420350058012        0.917045849897113      0.23322950326436717      0.42459392941789026       0.3913781447587335       0.6668565664674801       288.21654213368686        16.41733173202639       304.63387386571327
                       60  -1.1797535437220571e-05  -3.2803087089050483e-08  -0.00015735090764864602        2.052982724045817     0.003787145102597811   -0.0005660734030306198  -1.4572714564730783e-06       -4.688532444090672    -0.012219416981710016       0.9170458480497776      0.23322950640449236       0.4245939295784598       0.3913781447564879       0.6668566256557646        288.2190001021273       16.417407567432274        304.6364076695596
                       61  -1.1804991393387601e-05   -3.280308995786468e-08  -0.00015735061002324557       2.0529827167879997     0.003787145064217146   -0.0005660734489515281   -1.457271466384818e-06       -4.688533823127185    -0.012219425503357292       0.9170458553783016      0.23322948380773456       0.4245939283794562       0.3913781447800515       0.6668563217907764        288.2188725246639       16.417419709342333        304.6362922340062
                       62  -1.2172010513652467e-05  -3.3058162455331676e-08  -0.00014150472081481342        2.052564992962406     0.003784937257879273   -0.0005687458794322617   -1.457859024817433e-06       -4.767808520961434    -0.012705487953508877       0.9175506947345968      0.23192090963608783      0.42452546958017223       0.3913794479834459       0.6478626858794367       286.68633966707614       16.254973943599744        302.9413136106759
                       63  -1.2172010509982876e-05  -3.3058162247637926e-08     -0.00014150472096967        2.052564992819323     0.003784937257033532   -0.0005687458801206122  -1.4578590248068392e-06         -4.7678085212805    -0.012705487956873388       0.9175506942033729       0.2319209094536023      0.42452546953650017        0.391379447985018       0.6478626863917762         286.686339423042        16.25497394236701       302.94131336540903
                       64  -1.2172010520050398e-05   -3.305816290709945e-08   -0.0001415047210291307        2.052564992660211     0.003784937256269427   -0.0005687458828375573  -1.4578590259083685e-06       -4.767808521601237    -0.012705487959376593       0.9175506943405449      0.23192090955931616        0.424525469524739      0.39137944798602253       0.6478626863512176        286.6863395356579       16.254973954230714        302.9413134898886
                       65   -1.214252562901165e-05   -3.160001306151279e-08   -0.0001438871115400013        2.050118939748567     0.003770893467350516   -0.0005850994096331439  -1.4602941547002957e-06       -4.773183015477416    -0.012760095866029872       0.9101797627551784      0.22952654435274736       0.4238653648413749       0.3914045759742682        0.655187170346677        285.0469434832121       16.267147563566507        301.3140910467786
                       66  -1.2142525634883472e-05   -3.160001305091831e-08  -0.00014388711155072361       2.0501189396166986    0.0037708934667323273   -0.0005850994098884289  -1.4602941547073462e-06       -4.773183016423457     -0.01276009587412602       0.9101797627429888      0.22952654435646436       0.4238653648042162      0.39140457597656786       0.6551871703782002        285.0469434735844       16.267147565410873        301.3140910389953
                       67   -1.214252563477581e-05   -3.160001302288978e-08   -0.0001438871111966492       2.0501189395346557    0.0037708934662316757   -0.0005850994101153262  -1.4602941544590052e-06       -4.773183014050086    -0.012760095878652483       0.9101797627422752      0.22952654435411743      0.42386536474065134       0.3914045759809784       0.6551871703219989       285.04694346744566       16.267147565580636        301.3140910330263
                       68  -1.2142525588356996e-05   -3.160001298856356e-08    -0.000143887111098319       2.0501189397648076    0.0037708934664179277   -0.0005850994103276685  -1.4602941541808138e-06       -4.773183014802193    -0.012760095893516343       0.9101797627963912       0.2295265443550878      0.42386536467783487       0.3914045759871699       0.6551871703621961       285.04694345900555       16.267147567766933        301.3140910267725
                       69  -1.2142525514356186e-05  -3.1600012961525844e-08   -0.0001438871103250708       2.0501189399273745    0.0037708934652628022   -0.0005850994124534881  -1.4602941546630445e-06       -4.773183012383704    -0.012760095930821003       0.9101797628826833      0.22952654435728237      0.42386536445722833       0.3914045760074779        0.655187170411275        285.0469434245829       16.267147575654775        301.3140910002377
                       70    -1.21425256310905e-05  -3.1600013035803433e-08  -0.00014388711116615884        2.050118939848029     0.003770893467328805    -0.000585099410352821  -1.4602941546186955e-06       -4.773183014987541    -0.012760095887663275       0.9101797629548996      0.22952654435238834      0.42386536474001896       0.3914045759884901       0.6551871704492438        285.0469434656126       16.267147568380537        301.3140910339932
                       71  -1.2142525637353014e-05   -3.160001305230067e-08  -0.00014388711123643032       2.0501189399067403    0.0037708934673354854   -0.0005850994097483709   -1.460294154890153e-06       -4.773183016276489     -0.01276009587924027       0.9101797627441333      0.22952654434399034       0.4238653647911559       0.3914045759829476       0.6551871703829137        285.0469434755614       16.267147565610916       301.31409104117233
                       72  -5.1760136748535326e-06   -6.539894626729991e-09   0.00015529132804046296        2.086881862598638     0.003437764300208981    -0.001117402611782419  -1.3920026683645457e-06      -4.3582004292551435     -0.02897174273182499       0.9861604542778966       0.2291118668517395       0.3379287030153663      0.40088455782592725       0.6981374426226612       276.19746959133573       20.010414918833984        296.2078845101697
                       73  -5.1760136754239855e-06   -6.539894640004903e-09    0.0001552913280906741       2.0868818628375103    0.0034377643012455704   -0.0011174026113038756  -1.3920026683840728e-06        -4.35820042777169    -0.028971742719560233       0.9861604543740186      0.22911186686800866       0.3379287030489861       0.4008845578255548        0.698137442566332       276.19746956991605        20.01041491608158        296.2078844859976
                       74   -5.176013689517638e-06   -6.539894639867684e-09   0.00015529132810071424       2.0868818627049057    0.0034377643001631203   -0.0011174026117085451  -1.3920026687477367e-06       -4.358200430231905    -0.028971742735413107       0.9861604543107538      0.22911186686715582      0.33792870301700045      0.40088455782993115       0.6981374425712659        276.1974695843304       20.010414919517277        296.2078845038477
                       75   -5.176013685516336e-06   -6.539894617709726e-09    0.0001552913284263574        2.086881862857724     0.003437764300114836   -0.0011174026119080726  -1.3920026687624445e-06       -4.358200430405343    -0.028971742748836966       0.9861604542197151       0.2291118668550673       0.3379287029586998       0.4008845578390801       0.6981374426462805       276.19746958254007        20.01041492222257       296.20788450476266
                       76    -5.17601371901802e-06  -6.5398945773435235e-09    0.0001552913296567135       2.0868818637642184     0.003437764300078451   -0.0011174026118125062  -1.3920026699025352e-06       -4.358200435949679    -0.028971742803632884       0.9861604541828302       0.2291118668520251      0.33792870282857274       0.4008845578810563       0.6981374425104718       276.19746955774013       20.010414929961755        296.2078844877019
                       77   -5.176013754042033e-06   -6.539894646356592e-09   0.00015529132974495714        2.086881863893905    0.0034377643003784446   -0.0011174026112697724   -1.392002671284771e-06        -4.35820043856393    -0.028971742786875317       0.9861604540315896      0.22911186683421136       0.3379287030173109       0.4008845578810353       0.6981374423772397        276.1974695564092       20.010414924135606        296.2078844805448
                       78   -5.176013687350914e-06   -6.539894627056311e-09   0.00015529132863934198         2.08688186292952    0.0034377643001681545   -0.0011174026114647534  -1.3920026692869504e-06       -4.358200433980662    -0.028971742752664238       0.9861604543203395       0.2291118668512963      0.33792870308237966        0.400884557849903       0.6981374426618085       276.19746957703336       20.010414922627383       296.20788449966074
                       79   -5.176013670957615e-06   -6.539894477552666e-09   0.00015529133120421347        2.086881863194492    0.0034377642982364167   -0.0011174026141441134   -1.392002669777953e-06       -4.358200436807389    -0.028971742861486884        0.986160454754627      0.22911186685034357       0.3379287027112745       0.4008845579319248       0.6981374428379468        276.1974695383377         20.0104149488933         296.207884487231
                       80   -1.829702744419624e-05    6.136913551910362e-09    0.0008217481997288608       2.4335779791884127    0.0033062317566779137   -0.0011378419213487225  -2.1225992976942677e-06       -7.580205610366692     -0.05463348626903127       1.0077621573657085      0.22947000429125966       0.3208238072399437       0.4246166558581543       0.7056145449728612       267.03050549287485       25.752057034502325        292.7825625273772
                       81  -1.1736520559524886e-05  -2.0149053740970854e-10    0.0004885197638846614       2.2602299208935253    0.0033719980284434474   -0.0011276222665655706  -1.7573009830294066e-06       -5.969203019810918    -0.041802614500428124       0.9969613058218025      0.22929093557149957        0.329376255127655       0.4127506068420408       0.7018759937977617        270.0825469676268       22.631175796683483       292.71372276431026
                       82  -1.5016774001860563e-05    2.967711507250433e-09    0.0006551339818067609       2.3469039500409687    0.0033391148925606805   -0.0011327320939571465  -1.9399501403618373e-06       -6.774704315088805      -0.0482180503847297       1.0023617315937556      0.22938046993137962       0.3251000311837994      0.41868363135009756       0.7037452693853119       268.07715056884433        24.12910137059674        292.2062519394411
                       83  -1.5016774047417328e-05     2.96771147651436e-09    0.0006551339824851167        2.346903950157045    0.0033391148926715407   -0.0011327320926608564   -1.939950142120251e-06       -6.774704325654116    -0.048218050404704026       1.0023617313872177      0.22938046994408806       0.3251000313934806      0.41868363138106857       0.7037452692390538        268.0771505512766       24.129101371717024        292.2062519229936
                       84  -1.5016774022533479e-05    2.967711454216006e-09    0.0006551339822179212       2.3469039497478708     0.003339114893820592   -0.0011327320918716203  -1.9399501417348573e-06       -6.774704326106057     -0.04821805037451194        1.002361731137717      0.22938046994177086      0.32510003153564726      0.41868363136848874       0.7037452691772943       268.07715055693654       24.129101361561123        292.2062519184977
                       85  -1.5016773991820525e-05   2.9677115964961535e-09    0.0006551339852747438         2.34690394987477     0.003339114892135766   -0.0011327320942557044   -1.939950143052607e-06       -6.774704334665922     -0.04821805049921219       1.0023617311957336          0.2293804699252      0.32510003122339637      0.41868363146713955       0.7037452692449628        268.0771505129403       24.129101393356986       292.20625190629727
                       86  -1.5016773965379382e-05    2.967711604322738e-09    0.0006551339841970607        2.346903949248004     0.003339114892712663   -0.0011327320948110392  -1.9399501410106086e-06       -6.774704326597882     -0.04821805046179154       1.0023617316259013       0.2293804699270694      0.32510003118868275       0.4186836314285707       0.7037452691061548        268.0771505250731       24.129101384938796        292.2062519100119
                       87  -1.5016774006050462e-05   2.9677115269424665e-09    0.0006551339824694483       2.3469039497658777    0.0033391148927536503   -0.0011327320946764089   -1.939950140520492e-06        -6.77470431742899      -0.0482180504087154       1.0023617316436466      0.22938046993564543       0.3251000311787118       0.4186836313737862       0.7037452693981487        268.0771505565143        24.12910137709199        292.2062519336063
                       88   -1.573801303682206e-05   1.3695842557278357e-08    0.0012385358001925934       2.2687156561784487    0.0033881171531565278    -0.001063982282382705   -2.439040886635737e-06      -10.701601858831387      -0.0659734650796949        0.923825320731863       0.2298651108898463      0.35917177296461744      0.43895084466052425       0.6596564067782484       261.53813031234836        27.79956446887636       289.33769478122474
                       89   -1.537739351934131e-05    8.331777032264289e-09    0.0009468348909996774       2.3078098031097083    0.0033636160228586046    -0.001098357188169926   -2.189495513498787e-06       -8.738153086960097    -0.057095757732212295       0.9630935261628091      0.22962279041061295       0.3421359020742084       0.4288172380053109       0.6817008380817802       263.75590547702086       25.811123607720706        289.5670290847416
                       90  -1.5557703278081686e-05   1.1013809794771429e-08    0.0010926853455961354       2.2882627296440785     0.003375866588007566   -0.0010811697352763156  -2.3142682000672615e-06        -9.71987747289574      -0.0615346114059536       0.9434594234473361      0.22974395065022962       0.3506538375194129       0.4338840413329176       0.6706786224300147        262.3223339229472       26.767041710294578        289.0893756332418
                       91  -1.5557703262176115e-05   1.1013809826648878e-08    0.0010926853490435175        2.288262729157164    0.0033758665903604766   -0.0010811697334715562  -2.3142682026699362e-06       -9.719877499431185     -0.06153461147951204       0.9434594227325606      0.22974395066040004       0.3506538379935027       0.4338840414519309       0.6706786220493672        262.3223338770354       26.767041721515128       289.08937559855053
                       92  -1.5557703288825208e-05    1.101380987027044e-08    0.0010926853483194535       2.2882627298015006     0.003375866587970274   -0.0010811697356694315  -2.3142682019123898e-06       -9.719877487781092     -0.06153461150295055       0.9434594233310851      0.22974395065066894       0.3506538375565871      0.43388404142998593       0.6706786223649797       262.32233389369367       26.767041735001996        289.0893756286957
                       93   -1.555770329104755e-05    1.101380980565072e-08    0.0010926853462111573       2.2882627296721396    0.0033758665882398144    -0.001081169735614758  -2.3142682003999464e-06       -9.719877476413764     -0.06153461142996416       0.9434594234633422       0.2297439506514554       0.3506538375617593      0.43388404135850206       0.6706786224462968        262.3223339138171       26.767041716964066       289.08937563078115
                       94  -1.5557703286696377e-05   1.1013809797708939e-08    0.0010926853454425048        2.288262729848383    0.0033758665883853005   -0.0010811697356434401   -2.314268199496695e-06       -9.719877472415114    -0.061534611412267994       0.9434594235804634      0.22974395064942052      0.35065383753336665       0.4338840413370922       0.6706786225042407       262.32233391743307         26.7670417126859         289.089375630119
                       95  -1.5557703274993173e-05   1.1013809789376887e-08      0.00109268534565316        2.288262729645224    0.0033758665882941824    -0.001081169735309525  -2.3142682000181226e-06       -9.719877474348987    -0.061534611409364524       0.9434594233779832      0.22974395064850178      0.35065383754436963       0.4338840413396173       0.6706786224220753        262.3223339213994       26.767041710727277       289.08937563212663
                       96   -1.715287761352985e-05   1.4927409744569767e-08    0.0012820788782538202       2.3011272557550404     0.003456560377121532    -0.001126040534456318  -2.4103049352893382e-06      -10.941244172643886     -0.06858475301873351       0.9347792285785408      0.22983058264053566        0.363149210031796      0.44167321912499014       0.6686325304013474        260.0257578420182       28.609803700007006       288.63556154202524
                       97   -1.715287762028031e-05   1.4927409750232818e-08     0.001282078878489158       2.3011272556905213    0.0034565603771710184   -0.0011260405345186826  -2.4103049353480427e-06      -10.941244174764844      -0.0685847530302302       0.9347792285798378      0.22983058264038397        0.363149210033198       0.4416732191378146       0.6686325303678373       260.02575783793645        28.60980370282699       288.63556154076343
                       98  -1.7152877612211298e-05    1.492740973495065e-08    0.0012820788778755664       2.3011272557433413     0.003456560376999397   -0.0011260405343814406   -2.410304934976677e-06      -10.941244169978049     -0.06858475300385969        0.934779228594937      0.22983058264053513      0.36314920997831657      0.44167321911146745       0.6686325303821334        260.0257578457601       28.609803695778595       288.63556154153866
                       99   -1.715287761708381e-05   1.4927409746122167e-08    0.0012820788784795182        2.301127255764821     0.003456560377220705   -0.0011260405345601611  -2.4103049352840405e-06      -10.941244174084874     -0.06858475302743594       0.9347792285315777      0.22983058264054357       0.3631492100161525      0.44167321913795127        0.668632530382351       260.02575783945707        28.60980370221342        288.6355615416705
                      100  -1.7152877614244448e-05   1.4927409748507835e-08    0.0012820788785159014        2.301127255813566    0.0034565603772483576   -0.0011260405345147825  -2.4103049351813165e-06      -10.941244174414228     -0.06858475302955669       0.9347792285407706      0.22983058264055722        0.363149210028583      0.44167321914203556       0.6686325303745857        260.0257578391342        28.60980370252593       288.63556154166014
                      101  -1.7152877612676963e-05   1.4927409741593293e-08    0.0012820788782756196        2.301127255779002    0.0034565603771128705   -0.0011260405344991678  -2.4103049351216583e-06       -10.94124417275589     -0.06858475302009256        0.934779228564975      0.22983058264071748       0.3631492100431344        0.441673219131892       0.6686325303898002        260.0257578416275        28.60980370015846         288.635561541786
                      102  -1.7152877610374984e-05   1.4927409715452162e-08     0.001282078877652978        2.301127255826688     0.003456560376791087   -0.0011260405344063302   -2.410304933756632e-06       -10.94124416825798      -0.0685847529978697       0.9347792285102876      0.22983058264104067       0.3631492100450952       0.4416732191364624        0.668632530374774        260.0257578477029        28.60980369313217       288.63556154083506
                      103  -1.7152877634450615e-05   1.4927409714669716e-08     0.001282078878538942       2.3011272557739235     0.003456560376918886     -0.00112604053471593    -2.41030493273387e-06      -10.941244174364229     -0.06858475303610204       0.9347792283823493      0.22983058264025688      0.36314921017114643      0.44167321922055175       0.6686325303232374       260.02575783631573        28.60980370207293        288.6355615383887
                      104  -1.7560089363885393e-05   1.0065343219029887e-08     0.001255078053356294       2.3189625174400694    0.0034236478340027602   -0.0011520865826657328   -2.102646991988365e-06      -10.706922582675409      -0.0682164643183385       0.9124412645412256      0.22993419415894956      0.36850543337523206      0.44952460274661704       0.6552768425391591        260.2162072906712       28.223350066445388        288.4395573571166
                      105   -1.756008936855646e-05   1.0065343211120293e-08    0.0012550780535371163        2.318962517483781    0.0034236478340514175   -0.0011520865827642872  -2.1026469914339078e-06      -10.706922583319162     -0.06821646432396294       0.9124412645391113      0.22993419415807198       0.3685054333789233       0.4495246027756979        0.655276842505125        260.2162072883691        28.22335006759238        288.4395573559615
                      106  -1.7560089369079697e-05   1.0065343219039204e-08    0.0012550780536758751        2.318962517417973    0.0034236478340818315   -0.0011520865827562286  -2.1026469918797347e-06      -10.706922584838644     -0.06821646433043824       0.9124412645289377      0.22993419415737143      0.36850543338265773      0.44952460277442957       0.6552768425372815        260.2162072868524        28.22335006976669        288.4395573566191
aborted minimisation     
Minimisation aborted as it proceeded too slow                
 restart
                      107   -1.756008936855646e-05   1.0065343211120293e-08    0.0012550780535371163        2.318962517483781    0.0034236478340514175   -0.0011520865827642872  -2.1026469914339078e-06      -10.706922583319162     -0.06821646432396294       0.9124412645391113      0.22993419415807198       0.3685054333789233       0.4495246027756979        0.655276842505125        260.2162072883691        28.22335006759238        288.4395573559615
                      108  -1.7563060781903857e-05    1.006534205881519e-08     0.001255104815333856       2.3189625175983064     0.003423647836026623   -0.0011520865822934848  -2.1026469909883252e-06      -10.706922434773247     -0.06821646366741453       0.9124412652111022      0.22993419411980248      0.36850543337557673      0.44952460278160306       0.6552768440180916       260.21599233322127       28.223369681872846        288.4393620150941
                      109  -1.7534832697322514e-05    1.006534173556857e-08    0.0012551120169331314        2.318962517534408    0.0034236478364694234   -0.0011520865814351976  -2.1026469906912547e-06      -10.706922447862494     -0.06821646344577556       0.9124412659082095      0.22993419402886053      0.36850543337333974      0.44952460278775946       0.6552768427109656           260.2160352716        28.22331635399438        288.4393516255944
                      110  -1.7718089034394483e-05   1.0065218377401619e-08     0.001257975539815364        2.318962529349173    0.0034236480474055036   -0.0011520865276646159   -2.102646942191739e-06      -10.706906799598327       -0.068216392986215       0.9124413402069567       0.2299341895598337       0.3685054330090559      0.44952460344080625       0.6552769966449157        260.2038523924293       28.225143707833166        288.4289961002625
                      111  -1.7718174658645296e-05   1.0065192891997333e-08    0.0012579755321963783       2.3189625118563564    0.0034236480220621963   -0.0011520864585330736  -2.1026469264216947e-06       -10.70691272945847     -0.06821638796907298        0.912441398832275      0.22993418092660575      0.36850543276886566       0.4495246039555787        0.655276808334456       260.20385325579576        28.22514085678942        288.4289941125852
                      112   -1.577287358302629e-05    9.688152823428994e-09    0.0012584896621829515       2.3187037047510284    0.0034232731183090528    -0.001151063563803942   -2.102413573670536e-06      -10.794645517398038     -0.06814214057504707       0.9133088069383257      0.22980644628522656      0.36850187895984826      0.44953222051761355       0.6524908442919948        260.3601046796471       28.176924138833712       288.53702881848085
                      113   -1.774687379502457e-05   1.0038817439120726e-08    0.0012588623818890335        2.318944389719901    0.0034236218357767915   -0.0011520147501621854  -2.1026305480085426e-06       -10.71305319276663     -0.06821116642552921       0.9125021621788083      0.22992523468631693        0.368505183644672        0.449525137687912       0.6550820758711389        260.2050394985152       28.222524395625356        288.4275638941406
                      114   -1.774054366756519e-05   1.0065243755769527e-08    0.0012579755580848979       2.3189624757458525    0.0034236479815329323   -0.0011520862321359416   -2.102646861227194e-06      -10.706926170177983     -0.06821637650545687       0.9124415086878799      0.22993416450607906       0.3685054320838623       0.4495246051948271       0.6552769321884337        260.2038203364376       28.225183966493688        288.4290043029313
                      115  -1.7701999819330645e-05     9.93970030020173e-09    0.0012594710367986141       2.3188763310926426    0.0034235232851449523   -0.0011517457004873786  -2.1025691562892164e-06      -10.736122770699499     -0.06819162897826735       0.9127302745351897      0.22989164382846666      0.36850424890469136       0.4495271408578247       0.6543497530461391       260.21308993371423       28.211008474190088        288.4240984079043
                      116   -1.770199981825224e-05    9.939700304766602e-09    0.0012594710368953519        2.318876331049676     0.003423523285132836   -0.0011517456997489804  -2.1025691554395745e-06      -10.736122772953957     -0.06819162897639632       0.9127302746259465       0.2298916438171345       0.3685042487389626       0.4495271412643721        0.654349753007744        260.2130899239498        28.21100847470647       288.42409839865627
                      117  -1.7701999821736184e-05    9.939700224653803e-09    0.0012594710366818326        2.318876330789432    0.0034235232848909784   -0.0011517457003531336  -2.1025691576054382e-06      -10.736122771276179     -0.06819162898017957       0.9127302746365473      0.22989164380717164       0.3685042484372042      0.44952714245116643       0.6543497532061755        260.2130898905594       28.211008487410155       288.42409837796953
aborted minimisation     
Minimisation aborted as it proceeded too slow               
 finished