                   sim_nr                 advtheta                     advq                   advCO2               deltatheta               gammatheta                   deltaq                   gammaq                 deltaCO2                 gammaCO2                  sca_sto                    alpha                    FracH                       wg                      R10                     data               background                    Costf
                        1  -0.00036794744801880026    7.793707555663182e-07   -0.0024583284748885153         4.35742069729028      0.00384123267261068    -0.006447651001849619   -1.618712504513108e-07      -31.355032390930642     0.005923841825891005       0.9821003791828292       0.3957390456469104     0.012814004847529481       0.4760513113888081     0.002602622362736756        43437.48525003331                      0.0        43437.48525003331
                        2  -0.00036792267070765914    7.793707524839809e-07   -0.0024583138332684375        4.357420697294011     0.003841232672383301   -0.0064476510033521315  -1.6187125117285197e-07        -31.3550322813608     0.005923842095782803       0.9821003790113467      0.39573904558544337     0.012814004850672023       0.4760513113887359    0.0026026255970235113        43436.95306527946   2.0014334436465833e-09        43436.95306528146
                        3  -0.00036794777766357105    7.793707520298825e-07   -0.0024583097059251106         4.35742069722131     0.003841232672146611    -0.006447651003546654  -1.6187125114724685e-07      -31.355032255204147     0.005923842118734473       0.9821003789576879        0.395739045570175     0.012814004850729366       0.4760513113887554     0.002602626859085966       43437.314190156445   2.0643450637894347e-11        43437.31419015647
                        4  -0.00036794744911343164    7.793707528857233e-07   -0.0024583284748299545        4.357420697227535    0.0038412326722730913    -0.006447651003150788   -1.618712509759354e-07       -31.35503239388036     0.005923841781007009       0.9821003790791962      0.39573904558625606     0.012814004849928562       0.4760513113887544    0.0026026239162666442        43437.48507979235    5.727851244608741e-17        43437.48507979235
                        5  -0.00036795250703093254    7.793705014476114e-07    -0.002458328465996084        4.357420691315936    0.0038412326404842602    -0.006447651125110766  -1.6187129994406852e-07      -31.355032679038718    0.0059238374639820875       0.9821003692552965      0.39573903983981484     0.012814005076052348       0.4760513113837201     0.002602770873312288        43437.54801305248    8.340833193934668e-11        43437.54801305256
                        6   -0.0003917295585700068   3.5078793311571555e-07    0.0010750705474740756        4.347391863937364     0.003787255261532338    -0.006655682293475636   -2.457501049369169e-07      -31.800452805281644   -0.0011866018535788133       0.9655139586042463       0.3860416554964009     0.013197600760302797        0.476042728706514       0.2514504343238224        9693.088933740226        2.087402454731617        9695.176336194958
                        7   -0.0003917295562540596   3.5078793030974824e-07    0.0010750705500415076        4.347391863912018    0.0037872552612532957    -0.006655682294568066   -2.457501053732252e-07       -31.80045282015993   -0.0011866019171716024       0.9655139584869745      0.38604165539068414     0.013197600763352468      0.47604272870643016       0.2514504358400389        9693.088852557645        2.087402473026002         9695.17625503067
                        8  -0.00039172955642334664   3.5078793367655047e-07     0.001075070539350514         4.34739186396363    0.0037872552615699434    -0.006655682293205531  -2.4575010482648085e-07       -31.80045280727235   -0.0011866018452550307       0.9655139585659394      0.38604165542586744     0.013197600760938288       0.4760427287064743      0.25145043472113215        9693.088902569147       2.0874024517287033        9695.176305020876
                        9  -5.2539534868874444e-05    1.582731249703827e-07    0.0007254141349744918        4.347117582482392    0.0037668552038785975    -0.006727056935939257   -2.740798348737626e-07        -33.1642350005947    -0.005852719792548928       0.9532019626642652      0.37245547687438996     0.013492855868965647       0.4760330765745674       0.4038647098315904        4772.351812340396        4.195292250430926        4776.547104590826
                       10   -5.253953294177816e-05   1.5827312367424696e-07    0.0007254141393017808        4.347117582462023    0.0037668552036512074    -0.006727056936700095  -2.7407983517316086e-07       -33.16423501053194    -0.005852719841480564       0.9532019625243859      0.37245547669563966     0.013492855871888643       0.4760330765744955        0.403864711871015        4772.351793297266        4.195292281785606        4776.547085579052
                       11  -5.2539534761299796e-05    1.582731250174697e-07    0.0007254141329554767        4.347117582480967    0.0037668552038366623    -0.006727056936028949  -2.7407983492321817e-07       -33.16423500409493    -0.005852719800885306       0.9532019626259696      0.37245547675795354     0.013492855869929765      0.47603307657456984      0.40386471059147233       4772.3518050246175        4.195292257328669        4776.547097281946
                       12   -5.253953723778648e-05   1.5827312593547765e-07    0.0007254141408836253        4.347117582457925     0.003766855203678944    -0.006727056936424729   -2.740798351357285e-07      -33.164235008827006   -0.0058527198340922746       0.9532019625317445       0.3724554763261364     0.013492855873076748      0.47603307657465976      0.40386471308735583         4772.35177598974        4.195292276800306        4776.547068266541
                       13  -5.2539534710946954e-05   1.5827312526102364e-07    0.0007254141362490504        4.347117582490948    0.0037668552038754733    -0.006727056935923539   -2.740798348845519e-07       -33.16423499909862    -0.005852719790227694       0.9532019626987847       0.3724554767993977     0.013492855869864928      0.47603307657458427       0.4038647091603398        4772.351808681201        4.195292244312211        4776.547100925513
                       14   -4.408926197578685e-05    2.485248554848333e-07    0.0008433965917673579        4.345625200087951     0.003721758499840343    -0.006837147234139338  -3.3253399504659964e-07        -35.4164759412364    -0.014466907293739305       0.9279967278771717      0.25619862737370225     0.014564952899866812      0.47604104787571216       0.9145908622254231        972.1262620160534       13.651381218424525        985.7776432344779
                       15   -4.408926991138928e-05   2.4852485310007364e-07    0.0008433965979558998        4.345625200040046     0.003721758499459279    -0.006837147235290099   -3.325339955394087e-07       -35.41647595535546    -0.014466907358797517       0.9279967277609307      0.25619862660676457     0.014564952905252782       0.4760410478756767       0.9145908616814751        972.1262208773371       13.651381226317618        985.7776021036548
                       16  -4.4089260430840336e-05    2.485248540086984e-07    0.0008433965926562623        4.345625200074192     0.003721758499773269    -0.006837147234373664   -3.325339951232466e-07      -35.416475943197405    -0.014466907305701361        0.927996727923682      0.25619862706013286     0.014564952900165573      0.47604104787567675       0.9145908579949822        972.1262459054054       13.651381150638983        985.7776270560444
                       17  -4.4089262153446714e-05   2.4852485577945125e-07    0.0008433965942231257        4.345625200096938     0.003721758499859424    -0.006837147234064769  -3.3253399502815613e-07       -35.41647593810799     -0.01446690728803951       0.9279967279078001       0.2561986272819732      0.01456495290042753       0.4760410478757416       0.9145908610593567        972.1262602334181       13.651381196531684        985.7776414299498
                       18   -7.335727937413968e-05    1.927995364735163e-07    0.0011168224571978173        4.345329832369599    0.0037171057398193066    -0.006851131051696899  -3.3863543217268087e-07       -35.38939447805338    -0.015099067763771203       0.9309313381441813      0.23047334086274068     0.014668030712631952       0.4760415729576755       0.6642662599160989        412.8635988585165       10.337212834718876        423.2008116932354
                       19   -7.338432794104033e-05   1.9279953693128826e-07    0.0011168107992600715        4.345329832780352    0.0037171057388261835   -0.0068511310494526545  -3.3863543258177714e-07       -35.38939451150239    -0.015099068044938282       0.9309313395641226       0.2304733408987963     0.014668030796378628       0.4760415729605459       0.6642662555882497        412.8596596347132       10.337156345767195        423.1968159804804
                       20   -7.335672376474958e-05   1.9279953729633426e-07    0.0011168106347205012        4.345329832914203     0.003717105738831933    -0.006851131048973883    -3.38635432596227e-07      -35.389394505739766    -0.015099068066269202       0.9309313397493837       0.2304733409011921     0.014668030808995147      0.47604157296094524       0.6642662551968721       412.86303572101167       10.337208963766905       423.20024468477857
                       21    -7.33572795480656e-05   1.9279953701385364e-07    0.0011168224590201816        4.345329832903168    0.0037171057391932145    -0.006851131049334321   -3.386354325147969e-07        -35.3893944298285    -0.015099067893012956       0.9309313395089782      0.23047334090651972     0.014668030797035159       0.4760415729606699       0.6642662574412057        412.8635980643484       10.337212797995809        423.2008108623442
                       22   -7.336109955726145e-05   1.9279957836714075e-07    0.0011168225011825008        4.345329876611983    0.0037171056871358205    -0.006851130856684064  -3.3863546118611513e-07       -35.38939046767648    -0.015099078517104191        0.930931451086378      0.23047334447561516     0.014668037736039141      0.47604157320643703       0.6642660610647217          412.86305916602       10.337202588026038       423.20026175404604
                       23   -7.715269878371317e-05    1.968125769677064e-07    0.0011109313684752138        4.349292475993066     0.003712455299492698    -0.006833584526423252  -3.4117640862039275e-07       -35.03136878996485    -0.016059188745994223       0.9410675782761999      0.23079846208020327     0.015294885723099283       0.4760638118403797       0.6458830437602554       409.36748062888046       10.058504834158253        419.4259854630387
                       24   -7.715093916811123e-05    1.968124566096715e-07    0.0011109310732685166        4.349292494747249    0.0037124552416875328    -0.006833584487278968    -3.41176451373323e-07        -35.0313665355964    -0.016059194893329756       0.9410676146740071      0.23079846274373783      0.01529488982754068      0.47606381196622105       0.6458832670430779        409.3673908121262       10.058511876848723       419.42590268897493
                       25   -7.714533272453454e-05   1.9677791113199398e-07    0.0011108353220108769        4.349297876057474     0.003712438650078544    -0.006833573254698041  -3.4118872162467745e-07       -35.03071962080554     -0.01606095928895911       0.9410780610674727      0.23079865323511745     0.015296067773872213       0.4760638480826507       0.6459473453185236       409.34268184162465       10.059587557288225        419.4022693989129
                       26   -7.715530529635105e-05   1.9680939537828815e-07    0.0011110737327258628        4.349293006454027    0.0037124537207357073    -0.006833583347149139   -3.411775692108586e-07       -35.03130495912278    -0.016059357999862266       0.9410686108276611       0.2307984812547623     0.015295000112944268       0.4760638153695774       0.6458891242482334        409.3651309255535       10.058662846303273       419.42379377185677
                       27   -7.479077312209253e-05   1.8980842703403975e-07    0.0010972431800801152        4.350384862302413    0.0037090894153617585    -0.006831301641407164  -3.4366537332353827e-07       -34.90004526694365     -0.01641717733081493       0.9431882569707175       0.2308371458270295     0.015533938906487854      0.47607114215641516       0.6588817817305204       406.73521657116515       10.283665684656942        417.0188822558221
                       28   -7.479077284641331e-05   1.8980842629647946e-07    0.0010972431784801438        4.350384868501831     0.003709089410643203    -0.006831301634388958  -3.4366537675165816e-07       -34.90004524444109      -0.0164171774087758       0.9431882623109509       0.2308371462012182      0.01553394288171317       0.4760711422989343       0.6588817834663443        406.7352131889533       10.283665696588663         417.018878885542
                       29    -7.47907720903189e-05   1.8980842397068136e-07    0.0010972431730297532        4.350384897211675     0.003709089380783602    -0.006831301599035034  -3.4366539589631844e-07       -34.90004515931453    -0.016417177741839643       0.9431882854650582      0.23083714221795437       0.0155339627717348      0.47607114298818953       0.6588817907406259        406.7351979365234       10.283665925733201        417.0188638622566
                       30   -7.479077357081123e-05   1.8980842741221244e-07    0.0010972431810967616        4.350384865194279      0.00370908940384456    -0.006831301633745304  -3.4366537804453077e-07       -34.90004525464569     -0.01641717732437818       0.9431882559796103      0.23083714577574202     0.015533942304508552       0.4760711422617039       0.6588817840240822       406.73521477052526       10.283665718177058       417.01888048870234
                       31    -7.47907741531875e-05   1.8980842787247235e-07    0.0010972431815045695       4.3503848612156135     0.003709089382870799    -0.006831301633803596  -3.4366539309870895e-07       -34.90004528060777    -0.016417177382264676       0.9431882551255117      0.23083714586138185      0.01553394358916732      0.47607114224602093       0.6588817810427265        406.7352144462027       10.283665675504821        417.0188801217075
                       32   -7.479077335088532e-05    1.898084274189582e-07    0.0010972431820752463        4.350384866231273    0.0037090893978293333    -0.006831301636673116  -3.4366539026172885e-07      -34.900045246186416     -0.01641717728909908       0.9431882548306281       0.2308371458281814     0.015533940878123542      0.47607114216622554        0.658881780016511       406.73521567537773       10.283665660133193        417.0188813355109
                       33   -7.479077298042102e-05   1.8980842729370872e-07    0.0010972431805096952        4.350384868951078     0.003709089395911605     -0.00683130163153986   -3.436653888859304e-07       -34.90004526330125    -0.016417177416500686        0.943188254146069      0.23083714580554943     0.015533940064933194       0.4760711421545203       0.6588817806893683        406.7352157328099        10.28366567748556        417.0188814102954
                       34   -7.479077297679247e-05    1.898084270421359e-07    0.0010972431804109947        4.350384867649742    0.0037090893974560694   -0.0068313016311564185  -3.4366538775593726e-07       -34.90004525192014    -0.016417177422756207       0.9431882553845425      0.23083714684982337      0.01553393925714952       0.4760711421750051       0.6588817815961683        406.7352156629924       10.283665655574382        417.0188813185668
                       35  -0.00010423020495152111   2.2146433988160655e-07       0.0012310278139809        5.003985207467483    0.0011451622132882516    -0.005762533564227584  -2.3625634197270258e-06        -32.8296514481928    -0.019310477368624058       0.8487151273882672       0.2306992533542872      0.44311366174220146      0.48479869585734203       0.6114218782060696        860.4165765206924       14.238021942555314        874.6545984632477
                       36   -8.951048903680682e-05   2.0563638345782315e-07    0.0011641354970305076        4.677185034884948    0.0024271258143250055    -0.006296917602817373   -1.353114396525282e-06       -33.86484835756822    -0.017863827349719495       0.8959516921794923      0.23076819959065836      0.22932380032434463       0.4804349190068786       0.6351518299682946       323.42471911643435       11.148174782639241       334.57289389907356
                       37   -8.948529521745475e-05   2.0563638617760783e-07     0.001164149149513571        4.677185035284242     0.002427125816188534    -0.006296917600547699  -1.3531143957253207e-06      -33.864848248134436    -0.017863827168098565       0.8959516927126432      0.23076819962681422       0.2293238003418629       0.4804349190083374       0.6351518319111227       323.41771091255276       11.148225941847937        334.5659368544007
                       38    -8.95113475226204e-05   2.0563638647703673e-07     0.001164150313926005         4.67718503528592    0.0024271258163398304   -0.0062969176002234915  -1.3531143956232077e-06       -33.86484823784305     -0.01786382716004816       0.8959516928347475      0.23076819963567388      0.22932380034496613      0.48043491900864166       0.6351518321078196       323.42318304820054       11.148179420728734        334.5713624689293
                       39   -8.951049000324236e-05   2.0563638621254328e-07    0.0011641354992497238        4.677185035135287    0.0024271258154867203    -0.006296917600636491  -1.3531143958474554e-06       -33.86484834853813    -0.017863827401367657       0.8959516927405959       0.2307681996134067      0.22932380034152727      0.48043491900815616         0.63515182999961       323.42471669024434       11.148174771930503        334.5728914621748
                       40   -8.951177275912385e-05    2.056363991625812e-07    0.0011641354674395451        4.677185036434194    0.0024271258213231593   -0.0062969175896025525  -1.3531143926557034e-06       -33.86484829637757    -0.017863827699331987       0.8959516957921181      0.23076819972485785       0.2293238004426309       0.4804349190151705       0.6351518302531529       323.42498600700975       11.148172400836842       334.57315840784656
                       41   -9.002568731537446e-05    2.150313835900536e-07    0.0012136968746185991        4.678039206408616    0.0024310900280824395    -0.006289478985768494  -1.3508022139407575e-06       -33.83373827657923    -0.018039283921618337       0.8978655138650644      0.23084583979031212      0.22938241018916206      0.48043927728049474       0.6352646125753854        316.5589841083802        11.13477650563205        327.6937606140122
                       42   -9.000279489059963e-05   2.1503135210193922e-07    0.0012136969969417572        4.678039222912345     0.002431090072875587    -0.006289478890993612   -1.350802221499302e-06       -33.83373686430363     -0.01803929187863921       0.8978655712905235      0.23084584023810267      0.22938241310989738      0.48043927742135656       0.6352646301526912         316.558909998326       11.134818408798562        327.6937284071245
                       43   -9.002564711216093e-05   2.1503133390276867e-07    0.0012136959771698345        4.678039232175553     0.002431090098018657   -0.0062894788374678046  -1.3508022258564619e-06       -33.83373607196178     -0.01803929640692265       0.8978656038443507       0.2308458404939709      0.22938241476462595       0.4804392775011957       0.6352646399892246       316.55895770532504        11.13477717348993       327.69373487881495
                       44   -9.002102434638344e-05   2.1500813520415847e-07    0.0012137438666514665        4.678051268718823     0.002431122781041203    -0.006289409575407446  -1.3508077842731621e-06       -33.83270311761258    -0.018045118879093505        0.897907623250932      0.23084616964846993      0.22938455147437925      0.48043938057559615       0.6352775122609664        316.5464845353537       11.135261675494114       327.68174621084785
                       45   -9.002448280651354e-05   2.1503132915866843e-07     0.001213697361512868        4.678039408726673     0.002431090633430932    -0.006289477707234167  -1.3508022278373384e-06      -33.833722242555595    -0.018039375574262405       0.8978661957019787      0.23084584521413384      0.22938244440024325        0.480439278965633       0.6352649050931429        316.5587946980482       11.134786071784633        327.6935807698328
                       46   -8.479587432063605e-05   2.0426462439911313e-07    0.0012259032557841794        4.684021367813504     0.002447460548853077    -0.006254795321424814  -1.3533839934329178e-06       -33.32345475831566    -0.020919140956385102       0.9186938241122544      0.23100917143577454      0.23044049271463102      0.48049039792139475       0.6418338287466208        313.3093204537676       11.392721964161264       324.70204241792885
                       47   -8.482442617906263e-05   2.0426462730494246e-07    0.0012259017735214554        4.684021367995778    0.0024474605499522177    -0.006254795318822759  -1.3533839927625403e-06      -33.323454761684864     -0.02091914103794915       0.9186938247599015      0.23100917144128558      0.23044049274192613       0.4804903979231103       0.6418338296994257         313.305420924645       11.392668955905172        324.6980898805501
                       48   -8.479585885678943e-05   2.0426462759351028e-07    0.0012259027858454131        4.684021368069993    0.0024474605501558786    -0.006254795318659716   -1.353383992700376e-06       -33.32345475417961     -0.02091914102163161       0.9186938247577572      0.23100917143979663       0.2304404927426304      0.48049039792311926       0.6418338298243773        313.3093176517841       11.392721798547775        324.7020394503319
                       49    -8.74752720177769e-05   2.0428128358432067e-07    0.0012233505529425192        4.684022700504949    0.0024474673348191768    -0.006254780892706658  -1.3533801727473659e-06      -33.323433877325634     -0.02091948337127805       0.9186971963315389      0.23100919259045577      0.23044063891135486       0.4804904069292581       0.6418394467156583        313.1157307147956       11.386774542125256        324.5025052569208
                       50   -8.747602495552009e-05    2.042813710763511e-07    0.0012233734444248535        4.684022707857194     0.002447467372444662   -0.0062547808162869735  -1.3533801522851016e-06       -33.32343349982686    -0.020919484578792044       0.9186972141709864      0.23100919274499349      0.23044063968765838        0.480490406977603       0.6418394817078878        313.1155797712087       11.386783071502359         324.502362842711
                       51   -8.747720798898148e-05   2.0428142212116494e-07    0.0012233506683021395        4.684022711826935    0.0024474673924950383    -0.006254780772247929  -1.3533801407484938e-06      -33.323433545384596     -0.02091948587511746       0.9186972244840905      0.23100919278871193       0.2304406401349976       0.4804904070048688       0.6418394966716203        313.1156517009462        11.38677133342524        324.5024230343715
                       52   -8.747955798329971e-05   2.0429927317686525e-07     0.001223360359862282        4.684024171059223      0.00244747482439258    -0.006254765251273036  -1.3533760177599416e-06       -33.32339081447114    -0.020919808563358813       0.9187008516430981       0.2310092182958488      0.23044079779753557      0.48049041674637893       0.6418459319690824        313.1050804344401       11.386804775431639        324.4918852098717
                       53   -8.747525963322182e-05   2.0428128053740806e-07    0.0012233505575949366        4.684022703375726     0.002447467345572633    -0.006254780862427669  -1.3533801744125844e-06       -33.32343365537706    -0.020919485054090595       0.9186972102766893      0.23100919211973925      0.23044063979395502       0.4804904069681831       0.6418394647991654       313.11572741678646       11.386774926740717       324.50250234352717
                       54   -8.764635515147348e-05    2.040425311202233e-07    0.0012236757345162083        4.684247633381936    0.0024483098996764393    -0.006252408425832221  -1.3535106526069998e-06      -33.306043684171364    -0.021051338713870597       0.9197898536340388      0.23097231027555715       0.2305097940127046       0.4804934568534791       0.6432563234838957        312.8645873026432       11.414882170254495        324.2794694728977
                       55    -8.74750832988279e-05   2.0428125652048108e-07    0.0012233503509914388        4.684022726700636    0.0024474674399662458    -0.006254780586615439  -1.3533801901385466e-06       -33.32343189353109    -0.020919499455980685       0.9186973444576925       0.2310091884817283       0.2304406478458501       0.4804904073168189       0.6418394389961009        313.1157040145529       11.386775630756318        324.5024796453092
                       56    -8.71288184407645e-05   2.0405337459836773e-07    0.0012351455962890446        4.690736495014413     0.002473408402995751    -0.006183522233018879   -1.355539602126185e-06      -32.829796342584196    -0.024675660992559245       0.9503615382712884       0.2300048544261612      0.23241326188367578       0.4805783081006141       0.6808359128434356       307.22537227144454       12.199181034969254       319.42455330641377
                       57   -8.715728708615631e-05   2.0405337434980654e-07    0.0012351470520333267        4.690736494934749      0.00247340840316312    -0.006183522232156252   -1.355539602223482e-06       -32.82979633549866    -0.024675660984416332       0.9503615390179048       0.2300048544448537       0.2324132619127724      0.48057830810170965        0.680835906131275       307.22198927886734       12.199129750505804       319.42111902937313
                       58   -8.712889958995522e-05   2.0405337463451592e-07    0.0012351480236408455        4.690736495008409    0.0024734084033651398    -0.006183522231989723   -1.355539602164814e-06       -32.82979632837813     -0.02467566096877614       0.9503615390219198      0.23000485444354293      0.23241326191367512       0.4805783081017269       0.6808359062018896        307.2253457581701       12.199181817045442        319.4245275752155
                       59   -8.967590457957888e-05   2.0405341509327948e-07    0.0012394003624009377       4.6907364780541005     0.002473409045892415    -0.006183520408302809  -1.3555396761093453e-06       -32.82977156294859     -0.02467561982241461       0.9503628790946466      0.23000488559321544      0.23241331540752141      0.48057831008750723       0.6808240403309096        307.0603151726875       12.196194451074957        319.2565096237625
                       60   -8.967537616822829e-05   2.0405342094328797e-07    0.0012393948664131335        4.690736476660703    0.0024734090600876417    -0.006183520349684296  -1.3555396791234697e-06       -32.82977179772496    -0.024675620822937585       0.9503629214763203      0.23000488638081112      0.23241331709799617       0.4805783101478839        0.680823646530774        307.0602615839812       12.196187118816164       319.25644870279734
                       61   -8.979640906833737e-05    2.040536740497786e-07    0.0012392783525718618       4.6907364157484235    0.0024734096918471674    -0.006183517763170043  -1.3555398117743824e-06       -32.82978124414116    -0.024675662922401906       0.9503647922399976      0.23000492133654704      0.23241339172877323       0.4805783128156139       0.6808062831326396        307.0585813612309       12.195657078495902        319.2542384397268
                       62   -8.971293383711607e-05   2.0405810270338308e-07    0.0012353844945907906        4.690735359523603    0.0024734204768048487   -0.0061834732762714355  -1.3555420984998297e-06      -32.829957412741145    -0.024676417736000208       0.9503969581618532       0.2300055195080708      0.23241467475444638       0.4805783586447904       0.6805074476764901       307.04245418225037       12.189640073514422       319.23209425576476
                       63   -8.971293379144812e-05   2.0405810272532928e-07    0.0012353844990837144        4.690735359530289     0.002473420478361921    -0.006183473258907273  -1.3555420998621848e-06      -32.829957410424385    -0.024676417730636873       0.9503969844589732      0.23000551970714264       0.2324146764256984       0.4805783587072272       0.6805074460793685       307.04245005623534       12.189640028530217       319.23209008476556
                       64   -8.971293383231831e-05   2.0405810150609312e-07     0.001235384496641981        4.690735357701803    0.0024734204744767258    -0.006183473278131935   -1.355542124330734e-06       -32.82995741287454    -0.024676417738364417       0.9503969633731353      0.23000551926805662      0.23241467651041364      0.48057835868441723       0.6805074475572521          307.04245327534       12.189640103817357       319.23209337915733
                       65   -8.963372252167334e-05   2.0131076474209844e-07    0.0012468442573733652        4.686515195153568    0.0024703356058256767    -0.006161910845376463  -1.4175508959078512e-06       -32.82681386452694    -0.024673912913989484        1.001694886630091      0.22974494778575638       0.2389830570423765      0.48076343631446206       0.6778499672142608        302.6903819203718       12.236738430221255       314.92712035059304
                       66   -8.960537789640908e-05   2.0131076563942757e-07    0.0012468421217816474        4.686515195060764     0.002470335606174951     -0.00616191084262587  -1.4175508959815285e-06       -32.82681388756764     -0.02467391300080913       1.0016948866119453      0.22974494783265204       0.2389830570987883       0.4807634363162411        0.677849973486409        302.6890563763094       12.236788735831041       314.92584511214045
                       67   -8.963362388256165e-05   2.0131076535502736e-07    0.0012468411754590846        4.686515194985429       0.0024703356059804    -0.006161910842757118  -1.4175508960427436e-06       -32.82681389458267    -0.024673913016449348       1.0016948866126365      0.22974494783467705      0.23898305709877182       0.4807634363162527       0.6778499734482963       302.69036760928896        12.23673739001207       314.92710499930104
                       68   -8.866198078337739e-05   2.0131117901007025e-07    0.0012448375130846966        4.686515086433166     0.002470335714340254    -0.006161909109801853   -1.417550983105722e-06        -32.8268335059299    -0.024673980137020816       1.0016948750706702      0.22974498005685115      0.23898309431969167      0.48076343749767525       0.6778540890761331       302.66379783024666       12.237701990505427       314.90149982075206
                       69   -8.866199502379228e-05   2.0131120908588934e-07     0.001244841822412828        4.686515078130443     0.002470335731346306    -0.006161908960814384  -1.4175509898185692e-06       -32.82683391655323    -0.024673983078820447       1.0016948738107763      0.22974498309711036       0.2389830975454298       0.4807634376029492       0.6778544721000435       302.66376791997413       12.237709572342954        314.9014774923171
                       70   -8.878300763173427e-05   2.0131289356775428e-07      0.00124490491004689        4.686514611984373     0.002470336673514837    -0.006161900627159808  -1.4175513669116397e-06       -32.82685817889664    -0.024674150507835186       1.0016948039412523      0.22974515291648617       0.2389832779914351      0.48076344348892586       0.6778758639838651        302.6627677347143       12.237839952339508        314.9006076870538
                       71   -8.887904765889228e-05    2.013266792564085e-07    0.0012467474135281309        4.686510805470617     0.002470344460813418    -0.006161832344640107  -1.4175544446774226e-06       -32.82704733540606    -0.024675500908919783       1.0016942269676445      0.22974654612168832      0.23898475639108058      0.48076349173519906       0.6780513835388096         302.654663158042        12.24109679522677        314.8957599532688
                       72   -8.887904766048389e-05   2.0132667941470435e-07    0.0012467474135247824        4.686510804854285    0.0024703444610774767    -0.006161832321973585  -1.4175544478806362e-06      -32.827047336959595    -0.024675500915754687       1.0016942267619793      0.22974654632055935      0.23898475954322734         0.48076349183631       0.6780513841754034       302.65466249053907       12.241096818800422        314.8957593093395
                       73   -8.887904768521595e-05   2.0132667794379924e-07     0.001246747413177636       4.6865108006129095    0.0024703444578883836    -0.006161832290123846  -1.4175545010619672e-06       -32.82704734274539     -0.02467550093813317       1.0016942185322797      0.22974654621279395       0.2389847688338002       0.4807634920750345        0.678051385722835         302.654661056324       12.241096931777072        314.8957579881011
                       74   -8.887904840773001e-05   2.0132667742584304e-07    0.0012467474189960187        4.686510797994937     0.002470344457899498    -0.006161832277892169  -1.4175545139933776e-06        -32.8270473440726    -0.024675500943573674       1.0016942386756442       0.2297465455748379       0.2389847708839059      0.48076349214146213       0.6780513844167615       302.65466085660063       12.241096968904642       314.89575782550526
                       75   -8.887904778392009e-05   2.0132667888415044e-07    0.0012467474143736034       4.6865108025852065    0.0024703444614065538    -0.006161832328505209  -1.4175544522162311e-06       -32.82704733647603     -0.02467550091145934       1.0016942252592245      0.22974654610553014       0.2389847568967578      0.48076349175108746        0.678051382671585       302.65466294105624       12.241096791944328       314.89575973300055
aborted minimisation     
Minimisation aborted as it proceeded too slow                
 restart
                       76   -8.887904840773001e-05   2.0132667742584304e-07    0.0012467474189960187        4.686510797994937     0.002470344457899498    -0.006161832277892169  -1.4175545139933776e-06        -32.8270473440726    -0.024675500943573674       1.0016942386756442       0.2297465455748379       0.2389847708839059      0.48076349214146213       0.6780513844167615       302.65466085660063       12.241096968904642       314.89575782550526
                       77   -8.885560717770818e-05   2.0132668074456577e-07    0.0012467315374292368        4.686510797152292    0.0024703444588104204    -0.006161832264013511  -1.4175545146989645e-06       -32.82704750042849    -0.024675501498149705       1.0016942386234662      0.22974654582857368       0.2389847711824689      0.48076349215089187       0.6780514164102627       302.65439604350655       12.241133083500273       314.89552912700685
                       78   -8.887903642589553e-05   2.0132668191902015e-07    0.0012467240496058913        4.686510796674628     0.002470344459048631     -0.00616183225769141   -1.417554515097303e-06       -32.82704757417068     -0.02467550175885773       1.0016942385984602      0.22974654595108868      0.23898477132200424       0.4807634921553307        0.678051431474552        302.6545568940354       12.241087754509639       314.89564464854504
                       79     -8.8879049533134e-05    2.013266801122038e-07    0.0012467474049072107        4.686510797195112     0.002470344459438688    -0.006161832263893143  -1.4175545146708725e-06      -32.827047386218965     -0.02467550123805992       1.0016942385983099      0.22974654585872434      0.23898477118908384      0.48076349215138003        0.678051419582343        302.6546583750822       12.241097492639245       314.89575586772145
                       80   -8.887706077188948e-05   2.0132667598994157e-07     0.001246747484650406       4.6865107961779096    0.0024703444587806985    -0.006161832256755873  -1.4175545166408132e-06       -32.82704742708434    -0.024675501412774706       1.0016942400729583      0.22974654595756544      0.23898477142228292      0.48076349215767267       0.6780514090727934        302.6546417753776        12.24110099383439         314.895742769212
                       81   -8.889817095561277e-05   2.0191184777254806e-07    0.0012416887491935788        4.686336557652139    0.0024706796311509344    -0.006158782935855246  -1.4177021121450491e-06        -32.8362424639854     -0.02473968093816293        1.001677407736149      0.22980837998875422       0.2390512467360083       0.4807656524848918       0.6857108044120608       302.32164988846563       12.355395440336803        314.6770453288024
                       82   -8.891176165572887e-05   2.0191176370120217e-07    0.0012416885535320899        4.686336529165935     0.002470679623441028    -0.006158782692880735   -1.417702162520988e-06      -32.836243670149216    -0.024739686669492892       1.0016774422829435      0.22980838384558666      0.23905125387777376        0.480765652686643       0.6857107420740789       302.32166925984683       12.355370537226063        314.6770397970729
                       83   -8.889807781718094e-05    2.019114827563467e-07    0.0012416901125928595       4.6863364339202676    0.0024706795980499394    -0.006158781878794539  -1.4177023311043857e-06      -32.836247693463356     -0.02473970582744188       1.0016775579808683      0.22980839675982542      0.23905127779752378       0.4807656533623505       0.6857105335892397        302.3216159626637        12.35539512354727         314.677011086211
                       84    -8.88646500091652e-05   2.0186585340524178e-07     0.001241277629010344       4.6863208991565415    0.0024706754692269553    -0.006158649021185276   -1.417729786861002e-06       -32.83690872597037    -0.024742841250914017       1.0016964297808648      0.22981050231717157      0.23905517858333447       0.4807657635718921       0.6856765662657702        302.3179283097328       12.355146453170684       314.67307476290347
                       85   -8.889834838912721e-05    2.019118095257111e-07     0.001241689238811427        4.686336473619879     0.002470679673244643   -0.0061587820020210645   -1.417702223050362e-06       -32.83624651537994     -0.02473969978444791       1.0016775253860926      0.22980839295528654       0.2390512703256359       0.4807656531823779       0.6857107565380263       302.32163097739186       12.355395977393927        314.6770269547858
                       86    -8.80508819527732e-05   2.0054541269266417e-07    0.0012594382224320932        4.683333911963024    0.0024721838239349222    -0.006125414754637275  -1.4216649696134144e-06       -32.98100647325658    -0.025413097846566764       1.0058813060877252      0.23027170142168044      0.23989415911154288       0.4807905753021224       0.6840004050528847         301.774784243754       12.388888513235749        314.1636727569898
                       87   -8.892122029693889e-05    2.019103238722631e-07    0.0012414905948737252        4.686333370069197     0.002470681145149981    -0.006158747887279978   -1.417706309873901e-06       -32.83639715386257    -0.024740389584056412       1.0016817449293203         0.22980884232357      0.23905213369763645       0.4807656786671932       0.6857100806062792       302.32112877318923       12.355311190275785         314.676439963465
                       88   -8.831524129034774e-05   1.9686287236222598e-07    0.0012888788379187767         4.67803380237896    0.0024744471305673445    -0.006067825339421413   -1.428888985559369e-06       -33.23353664981769    -0.026590034043060217       1.0132066585325847       0.2310798505612705      0.24136686793293566       0.4808339508744377        0.680160766379478       301.31139795127143       12.441550365262945        313.7529483165344
                       89    -8.83152412754449e-05   1.9686287223328237e-07    0.0012888788390028822        4.678033801647635    0.0024744471304578176   -0.0060678253363839725  -1.4288889871333596e-06       -33.23353665950591     -0.02659003408646701        1.013206658229795      0.23107985052709928      0.24136687296154508       0.4808339510132968       0.6801607666446241        301.3113974193437       12.441550401253284       313.75294782059694
                       90   -8.831524128173841e-05   1.9686287219131993e-07    0.0012888788398911946        4.678033801607443     0.002474447131062813    -0.006067825333372046   -1.428888985239159e-06      -33.233536666777056    -0.026590034119982002       1.0132066582053205      0.23107985056475644       0.2413668682062089      0.48083395094684866       0.6801607663898173       301.31139784571144       12.441550374144366        313.7529482198558
                       91    -8.83152412717071e-05   1.9686287124836643e-07    0.0012888788485730732       4.6780337968465755    0.0024744471312228636    -0.006067825311118678  -1.4288889913123809e-06       -33.23353674337313    -0.026590034461108282        1.013206656906427      0.23107985055074098       0.2413668683617579      0.48083395102415993       0.6801607657625031        301.3113974984038        12.44155040379188        313.7529479021957
                       92   -8.831524123668148e-05   1.9686287162357704e-07     0.001288878845334716        4.678033797960259     0.002474447132999941     -0.00606782532108326  -1.4288889879152754e-06       -33.23353669941303    -0.026590034268183096       1.0132066576515406      0.23107985050971136       0.2413668683105039      0.48083395102015464        0.680160765721876        301.3113976530914       12.441550383789707        313.7529480368811
                       93   -8.831524121737687e-05   1.9686287206771602e-07     0.001288878841359273        4.678033797765407    0.0024744471323748726   -0.0060678253290783616  -1.4288889848950365e-06       -33.23353667829506     -0.02659003414376491       1.0132066576105763      0.23107985054639762      0.24136686850075495       0.4808339508998444       0.6801607657176589        301.3113977580436        12.44155036762088        313.7529481256645
                       94   -8.831524093935656e-05   1.9686287114587735e-07    0.0012888788508055413        4.678033786676825     0.002474447136982305    -0.006067825304489952  -1.4288889873760767e-06       -33.23353675081538    -0.026590034412463267       1.0132066544116456      0.23107985071322956      0.24136686936955942      0.48083395100251475       0.6801607650633272       301.31139732044454       12.441550383139901        313.7529477035844
                       95    -8.83152410970174e-05   1.9686287207358362e-07    0.0012888788405980899        4.678033799505956    0.0024744471320483977   -0.0060678253318309375  -1.4288889881096783e-06       -33.23353667469669     -0.02659003413513993       1.0132066583227612      0.23107985056309926      0.24136686785574107      0.48083395103473026       0.6801607662404976        301.3113978333567       12.441550373764922        313.7529482071216
                       96   -3.391403629392559e-05   -5.588087749618528e-09    0.0033419470808709875       2.8332253071465887     0.003252676246357949  -0.00040283643457867996  -2.1944661292550486e-06       -50.23689545182937     -0.09478232121182784       0.6523826981233622      0.23034132091298365       0.4445481981731747       0.5348179672306789       0.5056318875507442       499.41733782672605         36.8847049287937        536.3020427555198
                       97   -6.111463879213667e-05    9.563739230630373e-08    0.0023154129593948823       3.7556295547627743     0.002863561688462647   -0.0032353308870000466  -1.8116775574072087e-06      -41.735216050823524     -0.06068617762744402       0.8327946783279736      0.23071058573712708       0.3429575330530552       0.5078259590525583       0.5928963269651106          274.64044407018       19.969655559845116       294.61009963002516
                       98   -7.471494004124221e-05   1.4625013233426475e-07    0.0018021458986568295        4.216831678570867    0.0026690044095149957     -0.00465157811321073  -1.6202832714832888e-06       -37.48437635032061     -0.04363810583525213       0.9230006684302792      0.23089521814919878       0.2921622004929954      0.49432995496349796       0.6365285466722952       278.79216569542814       15.032234940758245        293.8244006361864
                       99   -6.791478941668943e-05   1.2094376232028424e-07     0.002058779429025856       3.9862306166668207    0.0027662830489888213    -0.003943454500105388  -1.7159804144452489e-06       -39.60979620057207    -0.052162141731348075       0.8778976733791264      0.23080290194316294       0.3175598667730253       0.5010779570080282       0.6147124368187029       272.70956931193746       17.207603244852734        289.9171725567902
                      100   -6.791108677631489e-05    1.209437598460364e-07    0.0020588068415847644        3.986230616939098     0.002766283051078425    -0.003943454500525169  -1.7159804144376467e-06       -39.60979597461557       -0.052162141254582       0.8778976735618182       0.2308029019640003      0.31755986678664405       0.5010779570092903        0.614712443461018        272.7061597441779        17.20762473942962        289.9137844836075
                      101   -6.795708130403809e-05   1.2094374812253736e-07    0.0020589195508567463       3.9862306178661053      0.00276628305921051    -0.003943454502710943   -1.715980414714407e-06      -39.609795030526094     -0.05216213931192598        0.877897674368177        0.230802902030013      0.31755986685121784        0.501077957014949       0.6147124728191864        272.6933107635955       17.207594138269112        289.9009049018646
                      102    -6.79147889519497e-05   1.2094376093876736e-07     0.002058779425016625        3.986230616584766      0.00276628304878139    -0.003943454500332447   -1.715980414745945e-06       -39.60979617868361     -0.05216214175330438       0.8778976734453434      0.23080290190526995        0.317559866787476       0.5010779570086551       0.6147124396256505        272.7095688032075       17.207603291156076        289.9171720943636
                      103   -6.941756466418076e-05   1.1802062918459257e-07     0.002099307259480704        3.986057732648352    0.0027658485134606312   -0.0039439349863827885  -1.7166156723528946e-06       -39.56315031416243     -0.05220767527576875       0.8780378930882764      0.23072288667206875       0.3175904197707575       0.5010792838111129       0.6206543428786544        269.1484625030271       17.326676105068017        286.4751386080951
                      104   -6.944451904989529e-05   1.1802064605773176e-07    0.0020993054718364107        3.986057731506971     0.002765848522024739    -0.003943934956052659  -1.7166156673524758e-06       -39.56314939705287     -0.05220767622028806       0.8780379042873456      0.23072288543051636       0.3175904203613979        0.501079283844643       0.6206543846152748       269.14845797012094       17.326623665304115       286.47508163542506
                      105   -6.941756244482151e-05    1.180206470646138e-07    0.0020993070899126176       3.9860577315360355     0.002765848522718408    -0.003943934954469453  -1.7166156670487452e-06      -39.563149340235846     -0.05220767623474959       0.8780379048286207      0.23072288537134483       0.3175904203904488       0.5010792838462808       0.6206543868305223        269.1484582636596       17.326676687753462        286.4751349514131
                      106   -6.942458184364948e-05   1.1802949908835945e-07    0.0020993578353846573       3.9860571799248987    0.0027658531262238824    -0.003943919119304188  -1.7166130366314132e-06      -39.562664719404275     -0.05220814994263003       0.8780437355456252      0.23072223975717232       0.3175907281224577       0.5010793013109079       0.6206762091331317       269.14631266018375         17.3270208814656       286.47333354164937
                      107   -6.941749551295608e-05   1.1802062099859532e-07     0.002099307175864126       3.9860577285382424    0.0027658485215725703   -0.0039439349467418686  -1.7166156721307543e-06      -39.563148433880166     -0.05220767706836639       0.8780379163736562      0.23072288413259462       0.3175904210088669       0.5010792838756672       0.6206543839207885        269.1484580732932       17.326677039563585       286.47513511285683
                      108   -6.942954013271484e-05   1.1796049724693333e-07      0.00209866190981446       3.9860275503624383    0.0027659080679580898    -0.003943643923920953  -1.7166140471429188e-06      -39.549344026316966     -0.05222083847380925       0.8782088735459508       0.2307042398833593       0.3175995109641378       0.5010797578189468       0.6209556741350744        269.1158909596487         17.3325178049242        286.4484087645729
                      109   -6.941754982584686e-05   1.1802062214231406e-07    0.0020993069684149793        3.986057717032664    0.0027658485463602665    -0.003943934839312291  -1.7166156667636833e-06       -39.56314396915928    -0.052207680949967125       0.8780379819999238      0.23072287954001575       0.3175904240397679       0.5010792840336891       0.6206543325616218       269.14845098393766       17.326676581546742        286.4751275654844
                      110   -7.001239387694582e-05   1.1798818355243996e-07    0.0020982353952894734       3.9859858123652225    0.0027660000531033293    -0.003943257653870791  -1.7165899284165446e-06      -39.533926511405696     -0.05223380215145055       0.8784473784691325      0.23069004360619363       0.3176100807656673       0.5010803088949322        0.620606831443653       269.10493177039535        17.32773416383108        286.4326659342264
                      111   -6.910128972803109e-05   1.1596432736446654e-07    0.0020308243026198494        3.982577861491721    0.0027735686682779483    -0.003909140913520551    -1.71536260889746e-06       -38.04157115338169     -0.05360978706302117       0.8982519473428983      0.22886357086935327      0.31860284589706594       0.5011323010469486       0.6355736586241552        267.2971858742526        17.70498228321316       285.00216815746575
                      112   -6.910128971826984e-05   1.1596432730899732e-07     0.002030824301288945       3.9825778613299363    0.0027735686691101645    -0.003909140912192865  -1.7153626081464452e-06       -38.04157111165573    -0.053609787081020016       0.8982519484635112      0.22886357088421744      0.31860284637047226        0.501132301078241       0.6355736589953969       267.29718574381246       17.704982290234636        285.0021680340471
                      113   -6.910128973339013e-05   1.1596432729848542e-07    0.0020308243017569854        3.982577860571021    0.0027735686681531055    -0.003909140913214387  -1.7153626103884167e-06       -38.04157113273786     -0.05360978707842339       0.8982519477512947      0.22886357089267204       0.3186028463827314       0.5011323010669322       0.6355736588214267        267.2971858086547         17.7049822907648        285.0021680994195
                      114   -6.910128972110189e-05   1.1596432736500822e-07    0.0020308243023511568        3.982577860746694    0.0027735686683957534   -0.0039091409125112005   -1.715362608673315e-06       -38.04157114567869     -0.05360978706499511       0.8982519472341353       0.2288635708775135       0.3186028460840265       0.5011323010605697        0.635573658723608        267.2971858476738       17.704982287228134        285.0021681349019
                      115   -6.910128970350763e-05   1.1596432734162291e-07    0.0020308243024552857       3.9825778601573756    0.0027735686685896946   -0.0039091409121351445  -1.7153626094585492e-06       -38.04157114210883     -0.05360978705612759       0.8982519472798858      0.22886357085649167       0.3186028460752769       0.5011323010678418       0.6355736585803724       267.29718583987454        17.70498228592549       285.00216812580004
                      116   -6.910128966688094e-05    1.159643273082568e-07      0.00203082430176291       3.9825778597773898    0.0027735686686779296    -0.003909140910645935   -1.715362610584926e-06       -38.04157112577681     -0.05360978707142404       0.8982519474027053       0.2288635708742503       0.3186028458504858       0.5011323010748037       0.6355736585393466       267.29718582710746       17.704982287315467       285.00216811442294
                      117   -6.910128914334986e-05   1.1596432667808842e-07    0.0020308242932383456        3.982577846916799    0.0027735686727674725    -0.003909140888187532  -1.7153626267819728e-06       -38.04157084814304     -0.05360978716215774       0.8982519472534807      0.22886357088103987       0.3186028452494403       0.5011323013008816       0.6355736587986858         267.297185440509        17.70498233733572        285.0021677778447
                      118   -6.910128971339076e-05   1.1596432731882205e-07    0.0020308243020688258       3.9825778611688305     0.002773568668797289   -0.0039091409125268945   -1.715362609125294e-06       -38.04157114197184    -0.053609787071568604       0.8982519474417463      0.22886357085993309        0.318602845910137       0.5011323010594437       0.6355736586940619       267.29718586004793       17.704982286611134        285.0021681466591
                      119   -1.566222138021932e-05    5.171701171971823e-08     0.001134992245433339       2.4661820162934602    0.0032431762637145202   -0.0013984396341383573   -3.269117271718442e-06        -9.20361090956321     -0.06236992743161021       0.9286447459318932      0.22939350434962302        0.325555009307276       0.5282362290672883       0.6513564864386394       253.67225219225412        27.94255064485805       281.61480283711217
                      120   -4.238175555412521e-05    8.384066954209238e-08    0.0015829082740265942       3.2243799388925907    0.0030083724659962343   -0.0026537902738294544   -2.492239940307951e-06       -23.62259103147245    -0.057989857247315695       0.9134483466373957      0.22912853760948815      0.32207892760217094       0.5146842650571185       0.6434650725313968        249.1392820361243       21.633413281694402        270.7726953178187
                      121   -4.238175515121359e-05      8.3840669060382e-08    0.0015829082682328461       3.2243799261385586    0.0030083724691453637   -0.0026537902552622615   -2.492239953570437e-06       -23.62259085243703     -0.05798985729621041       0.9134483464549137      0.22912853765204735       0.3220789279133687       0.5146842652722572       0.6434650722302591       249.13928180616753       21.633413353900657       270.77269516006817
                      122   -4.238175543527604e-05    8.384066942414199e-08    0.0015829082728934557        3.224379935731321    0.0030083724675040247   -0.0026537902688376445   -2.492239942691251e-06      -23.622590990364657      -0.0579898572491482       0.9134483466190071      0.22912853762379393       0.3220789278684798       0.5146842651317459       0.6434650724740614       249.13928198252376         21.6334132992112       270.77269528173497
                      123   -4.238175555601204e-05     8.38406695404898e-08    0.0015829082745024295        3.224379938913357    0.0030083724664527293   -0.0026537902744921973  -2.4922399397063206e-06       -23.62259104881808       -0.057989857238859       0.9134483465741234      0.22912853761109694        0.322078927796721       0.5146842650725665       0.6434650725366504        249.1392820208587       21.633413279775585       270.77269530063427
                      124   -4.238175550090697e-05    8.384066945609122e-08      0.00158290827319638       3.2243799373465434     0.003008372467364695   -0.0026537902714614454  -2.4922399407544498e-06      -23.622591014800932     -0.05798985725733466       0.9134483467290369      0.22912853759859514       0.3220789275434535       0.5146842651107743       0.6434650726353492       249.13928200628465       21.633413291382116       270.77269529766676
                      125   -4.238175549836108e-05    8.384066940378186e-08    0.0015829082730897304       3.2243799372398385    0.0030083724676169777    -0.002653790271395069  -2.4922399417916535e-06      -23.622591008349502     -0.05798985725827578       0.9134483467925927      0.22912853759959045      0.32207892735246735       0.5146842651234577       0.6434650726193896       249.13928200560576       21.633413291593033        270.7726952971988
                      126   -4.238175554933523e-05    8.384066947735366e-08    0.0015829082741770648        3.224379938746513     0.003008372467130634   -0.0026537902732766414   -2.492239940101947e-06      -23.622591044092637    -0.057989857248160435       0.9134483467640184      0.22912853762263186      0.32207892730706267       0.5146842651063462       0.6434650724607271        249.1392820184779       21.633413279038145       270.77269529751607
                      127  -4.2381755546250435e-05    8.384066950091388e-08    0.0015829082738146412       3.2243799388220045     0.003008372466355689   -0.0026537902731528064   -2.492239940503665e-06      -23.622591028394258    -0.057989857253773265       0.9134483466297008      0.22912853761681035       0.3220789275872321       0.5146842650809695        0.643465072595685       249.13928202788293       21.633413284975134       270.77269531285805
                      128  -2.2500162550463817e-05   4.9035073305141014e-08    0.0013482052492892259       2.6418653150865197     0.003453306900425668   -0.0017852041577530154   -2.895996190184397e-06      -18.158737414861513     -0.06017193550109797       0.9259767848685303      0.23020374925090148      0.31956513904430184       0.5352397734614625       0.6516274130031778       239.79935588440375        25.38253350763553        265.1818893920393
                      129  -2.2500162464175974e-05    4.903507312267826e-08    0.0013482052486464657       2.6418653124974796     0.003453306903129798    -0.001785204153979647  -2.8959961913241207e-06       -18.15873740185833     -0.06017193550380264       0.9259767849389351      0.23020374925264864      0.31956513913577367       0.5352397735827203       0.6516274129954613        239.7993558536558       25.382533524392272        265.1818893780481
                      130  -2.2500162516171098e-05     4.90350732150021e-08    0.0013482052488427412        2.641865313610423    0.0034533069015198516   -0.0017852041557405959  -2.8959961907284837e-06      -18.158737408089333     -0.06017193550654308       0.9259767848525917       0.2302037492427395      0.31956513907758255       0.5352397735194278       0.6516274129800799       239.79935586847427       25.382533517118215       265.18188938559246
                      131  -1.8458313727720267e-05    4.013620555381744e-08     0.001314281430375189        2.511658920910744    0.0035803618722303606   -0.0015982108567283392  -2.9512029592500298e-06      -17.517600620131716    -0.060385921732086976       0.9283973600010371      0.23010868425991088      0.32378844544572527        0.541114924676498       0.6508658462675507        238.5886262053171        26.24558745277035       264.83421365808744
                      132  -1.8458313713481535e-05    4.013620551233739e-08    0.0013142814302656782       2.5116589203861754     0.003580361872885223   -0.0015982108556955028  -2.9512029591589432e-06      -17.517600615620353     -0.06038592173215227       0.9283973599582742      0.23010868425597278      0.32378844543513907       0.5411149247074304       0.6508658462702615        238.5886261985015        26.24558745671181        264.8342136552133
                      133   -1.845831372417429e-05   4.0136205514646616e-08    0.0013142814302654789       2.5116589204184008     0.003580361872611984   -0.0015982108559381967   -2.951202959122864e-06       -17.51760061742555     -0.06038592173368037        0.928397359921999      0.23010868425364417       0.3237884454400113       0.5411149247017447       0.6508658462503956       238.58862620003484       26.245587455999946       264.83421365603476
                      134  -1.8458313739147555e-05    4.013620554898364e-08     0.001314281430413315        2.511658921011373    0.0035803618720815803   -0.0015982108566957103  -2.9512029587958206e-06      -17.517600619800334     -0.06038592173297623       0.9283973599503204      0.23010868425918474      0.32378844550746344       0.5411149246797111       0.6508658462254973       238.58862620440578        26.24558745216971        264.8342136565755
                      135  -1.8458313729042194e-05    4.013620551058382e-08     0.001314281430361978       2.5116589208339746    0.0035803618722499023    -0.001598210856268235  -2.9512029584967206e-06      -17.517600618033732     -0.06038592173498846       0.9283973598241722      0.23010868426364056       0.3237884455268446       0.5411149246997502       0.6508658461984895       238.58862620159312       26.245587453559555       264.83421365515267
                      136  -1.8458313702185083e-05    4.013620545916892e-08    0.0013142814301794438       2.5116589203359547     0.003580361872754562   -0.0015982108548947699  -2.9512029577493695e-06        -17.5176006156949     -0.06038592173990464       0.9283973597178048      0.23010868426571007      0.32378844552471153       0.5411149247425174       0.6508658461265178          238.58862619604       26.245587457001147       264.83421365304116
                      137   -1.845831371648914e-05   4.0136205527774145e-08    0.0013142814303594927         2.51165892085419    0.0035803618722939044   -0.0015982108564975188  -2.9512029587777212e-06      -17.517600619309075     -0.06038592173390679       0.9283973599681463      0.23010868425792863      0.32378844543890817       0.5411149246939523          0.6508658462226       238.58862620413933       26.245587452736842       264.83421365687616
                      138  -1.8458313729401024e-05   4.0136205554144186e-08     0.001314281430432879       2.5116589210433653     0.003580361872037057    -0.001598210856943448  -2.9512029586935867e-06      -17.517600621037477    -0.060385921732917125       0.9283973599926187      0.23010868425955341       0.3237884454410264       0.5411149246818563       0.6508658462667096       238.58862620606317        26.24558745138097       264.83421365744414
                      139  -1.9355924783278703e-05   2.7418706498191356e-08    0.0013372264958772335       2.5383234966302854    0.0035011847165391727    -0.001528415241593673  -2.3800824812261033e-06      -17.335684516361404      -0.0617841854635479       0.8820780600997169      0.22965468602601105       0.3411249535254136       0.5525402825087741       0.6269768454011864        238.2531670351302       25.934865205098347       264.18803224022855
                      140  -1.9355924741836877e-05    2.741870633746029e-08    0.0013372264955001858       2.5383234948993527     0.003501184718008808   -0.0015284152388095175  -2.3800824800900035e-06       -17.33568450695923    -0.061784185470467726       0.8820780600593308      0.22965468603002243       0.3411249536307762       0.5525402826291668       0.6269768453264444       238.25316701739968       25.934865216095215        264.1880322334949
                      141   -1.935592478816657e-05    2.741870646408875e-08    0.0013372264959211624        2.538323496599956     0.003501184716259877   -0.0015284152414878575   -2.380082479984858e-06      -17.335684516588632     -0.06178418546746022        0.882078060032621      0.22965468602666145      0.34112495355962497        0.552540282540529       0.6269768453683122       238.25316703412116       25.934865205007416        264.1880322391286
                      142  -1.7581894529561975e-05   1.8925676185953917e-08    0.0013210694678160526       2.4571002042953927     0.003560876386200915   -0.0013960367025555136   -2.289654876201519e-06      -16.906403338918828     -0.06222410638871253       0.8781654067390454       0.2298605479325081      0.34705263004223746       0.5590905815706583       0.6225103155339333       237.55850360431523         26.4555588296327        264.0140624339479
                      143  -1.7581894516066463e-05   1.8925676157705156e-08    0.0013210694677740326        2.457100204024967    0.0035608763864873588    -0.001396036701959448  -2.2896548756360304e-06      -16.906403336944443     -0.06222410638964438       0.8781654067832505        0.229860547934426       0.3470526300425796       0.5590905816015163       0.6225103155576512        237.5585036007145       26.455558831705922        264.0140624324204
                      144    -1.75818945205728e-05   1.8925676169661662e-08    0.0013210694677960103        2.457100204145049    0.0035608763862377503   -0.0013960367023710763    -2.28965487605064e-06      -16.906403338567497    -0.062224106389452895       0.8781654067884452      0.22986054793199195      0.34705263001188896       0.5590905815876492       0.6225103155749618        237.5585036023642        26.45555883072805       264.01406243309225
                      145  -1.7581894499251057e-05   1.8925676141140792e-08     0.001321069467819168       2.4571002040456307    0.0035608763858614844   -0.0013960367020738253  -2.2896548746251716e-06      -16.906403339604857    -0.062224106393828645       0.8781654069398745      0.22986054792878918       0.3470526298916221       0.5590905816348714       0.6225103156172205       237.55850359993275        26.45555883060744        264.0140624305402
                      146  -1.7581894513567947e-05   1.8925676133936353e-08    0.0013210694679517577       2.4571002044564874      0.00356087638556646   -0.0013960367025094025  -2.2896548739152606e-06       -16.90640333939047    -0.062224106394220956       0.8781654067543827      0.22986054793287092       0.3470526299590815       0.5590905816277384       0.6225103155236731       237.55850360377485       26.455558827847653        264.0140624316225
                      147   -1.758189451746453e-05   1.8925676095038694e-08     0.001321069467942935        2.457100204134817    0.0035608763855158017   -0.0013960367019495682   -2.289654872585889e-06       -16.90640333810961     -0.06222410639785438        0.878165406661279       0.2298605479361375      0.34705263006402853       0.5590905816681717       0.6225103155184737       237.55850360094828       26.455558830389947       264.01406243133823
                      148   -1.758189453827945e-05     1.89256761915149e-08     0.001321069468059721        2.457100204705271     0.003560876385233772   -0.0013960367032402495   -2.289654874573076e-06       -16.90640334158584      -0.0622241063900778       0.8781654068564362      0.22986054793204092       0.3470526300901696       0.5590905815882585       0.6225103155721445        237.5585036052965       26.455558826318324       264.01406243161483
                      149  -1.7581894534489823e-05    1.892567618776318e-08     0.001321069467935145        2.457100204443876    0.0035608763857849085   -0.0013960367028763242   -2.289654875575036e-06      -16.906403340194696     -0.06222410638899284       0.8781654067198414       0.2298605479287094       0.3470526300352528       0.5590905815732352       0.6225103155374185       237.55850360542337       26.455558828151247        264.0140624335746
aborted minimisation     
Minimisation aborted as it proceeded too slow               
 finished