                   sim_nr                 advtheta                     advq                   advCO2               deltatheta               gammatheta                   deltaq                   gammaq                 deltaCO2                 gammaCO2                  sca_sto                    alpha                    FracH                       wg                      R10                     data               background                    Costf
                        1  -0.00011779620304503785  -1.5829398321876896e-07   -0.0023912425367022512       3.5395347501012404      0.00260966833418631    0.0015673891398232695    2.030745856698761e-06      -34.823438255047556  -0.00042357929992107847        1.157410449352127      0.42096407352946974      0.20190379080377596       0.5402809683954191      0.17257200020584218       26313.999650232006                      0.0       26313.999650232006
                        2  -0.00011777828935817602    -1.58293983429748e-07    -0.002391221066517905        3.539534750195946     0.002609668334299281    0.0015673891398255133   2.0307458567073443e-06       -34.82343813702191   -0.0004235791729899489       1.1574104491225952       0.4209640734423276      0.20190379080387422       0.5402809683954893      0.17257200649856763       26313.655267317514   1.0662688591443695e-09        26313.65526731858
                        3  -0.00011779973119354275  -1.5829398388007498e-07   -0.0023912031783312093        3.539534750222527     0.002609668334266951    0.0015673891397587401   2.0307458566993326e-06      -34.823438066071255   -0.0004235791726158648       1.1574104488779449      0.42096407336370034      0.20190379080283039       0.5402809683956011      0.17257201369402875       26313.655928004584   1.2956016661604906e-10       26313.655928004715
                        4  -0.00011779620242373914  -1.5829398331306816e-07   -0.0023912425383181644        3.539534750083821    0.0026096683341297567     0.001567389139773914    2.030745856684906e-06       -34.82343826312524   -0.0004235793321748141       1.1574104492440236       0.4209640734291002      0.20190379080354964       0.5402809683954143       0.1725720022621937       26313.999632025163    5.086995900211297e-17       26313.999632025163
                        5   -0.0001178022298563601  -1.5829409459023648e-07   -0.0023912445719793856       3.5395347299398217     0.002609668268309266     0.001567389082008531    2.030745840526469e-06      -34.823447753802995   -0.0004236172243214503       1.1574103226661858       0.4209639557864141      0.20190379053694474        0.540280968390003       0.1725744113829748       26314.033062882485   1.8594816793826006e-10        26314.03306288267
                        6    0.0003425510724318154   -2.185887066372284e-07   0.00013533243344858795       3.5284232158473166     0.002573560588358178    0.0015358609618399241   2.0218976460926224e-06       -39.96559019880704     -0.02101265045247471       1.0883223826806336      0.35684158762511725      0.20175915274444994       0.5402779017003504       1.4871782460104699       8157.2220633667575        21.26952480319029        8178.491588169948
                        7   0.00011237743469338877  -1.8844134492799873e-07   -0.0011279550516268316       3.5339789829742783    0.0025916144612722434    0.0015516250508315968   2.0263217513956917e-06        -37.3945142269273    -0.010718114876197895       1.1228664160163804      0.38890283057729347      0.20183147177411298       0.5402794350478848        0.829875123108156        9729.052889773893       5.3173812007975725         9734.37027097469
                        8    0.0002274642535626021  -2.0351502578261357e-07   -0.0004963113090891221       3.5312010994107976    0.0025825875248152103    0.0015437430063357605    2.024109698744157e-06      -38.680052212867174    -0.015865382664336306       1.1055943993485071       0.3728722091012054      0.20179531225928143       0.5402786683741176       1.1585266845593125        6824.683111926038       11.964107701794529        6836.647219627832
                        9   0.00022746425149385295   -2.035150260682174e-07   -0.0004963112956067911       3.5312010994374137    0.0025825875248380982    0.0015437430062976852   2.0241096987449736e-06       -38.68005220553765    -0.015865382671302594        1.105594399381848       0.3728722089532276      0.20179531225840042       0.5402786683741875       1.1585266839572572        6824.683066686464        11.96410768851861        6836.647174374983
                       10   0.00022746425201918832  -2.0351502550859206e-07    -0.000496311306737504        3.531201099404492     0.002582587524866625    0.0015437430064147652    2.024109698767029e-06       -38.68005219967849    -0.015865382630052997       1.1055943994945319      0.37287220897376566      0.20179531225874608       0.5402786683741105       1.1585266806490546        6824.683088950004       11.964107612743527        6836.647196562748
                       11   0.00022746425409850073  -2.0351502527391353e-07   -0.0004963113008975048        3.531201099328325    0.0025825875247630203    0.0015437430063752367   2.0241096987583618e-06      -38.680052218732605    -0.015865382700475397       1.1055943993025166       0.3728722084296843      0.20179531225745317       0.5402786683740404       1.1585266821552445        6824.683068217887       11.964107659807356        6836.647175877694
                       12   0.00022746425326111995  -2.0351502598148653e-07   -0.0004963113111029615        3.531201099324546     0.002582587524786767    0.0015437430061414445    2.024109698728486e-06      -38.680052213794156     -0.01586538266663083       1.1055943992323674       0.3728722089227723      0.20179531225903252       0.5402786683740312       1.1585266858999903        6824.683105541973       11.964107732115226        6836.647213274088
                       13    -9.72864588034284e-05  -1.6416254231302306e-07    0.0018203992049985965       3.5077524721995874     0.002578123877716991    0.0015223469998878654   2.0259451953690282e-06       -37.62005808272879    -0.018433815593649063        1.098422253931125       0.2242753079892295      0.20136487362649702       0.5402599011625685       0.5892013063990307        697.1883491003116        7.250165239809387         704.438514340121
                       14    -9.72864562396341e-05  -1.6416254285136797e-07    0.0018203991890642342        3.507752472320941     0.002578123877659524     0.001522346999871337   2.0259451953119365e-06       -37.62005810256924    -0.018433815625221475       1.0984222538966344       0.2242753082910467      0.20136487362907535        0.540259901162663       0.5892013108396466         697.188325227407         7.25016526318359        704.4384904905905
                       15   -9.728645902545772e-05  -1.6416254248063796e-07    0.0018203992044155395       3.5077524721860547     0.002578123877676808     0.001522346999800552   2.0259451953489307e-06       -37.62005808363461     -0.01843381559604901         1.09842225391247      0.22427530787701522      0.20136487362666983       0.5402599011625512       0.5892013066506525        697.1883483167642        7.250165246389295        704.4385135631535
                       16  -4.1882918913464245e-05  -1.8990094157196471e-07    0.0013468191466097005        3.510175881253128    0.0025739087980265777    0.0015161470896818622    2.023062796506464e-06      -38.221569542700756    -0.019454115322532918       1.0962520453765492      0.22513053190873494      0.20144666739330258        0.540261341996611       0.7270478357690271        335.1167466479947        8.559796562580265         343.676543210575
                       17   -4.185498461821293e-05   -1.899009448218457e-07    0.0013468239531566968       3.5101758812375405     0.002573908797489346     0.001516147087699246   2.0230627961299153e-06      -38.221569490387736     -0.01945411532094359       1.0962520450865973      0.22513053197502123      0.20144666740339745       0.5402613419963651       0.7270478373696774       335.10891952727866        8.559812394092972       343.66873192137166
                       18  -4.1883089661344774e-05  -1.8990094497182727e-07     0.001346822611471467       3.5101758811733523    0.0025739087973509055    0.0015161470876167828    2.023062796110789e-06       -38.22156949961282    -0.019454115339117495       1.0962520450950881       0.2251305319785606      0.20144666740271155       0.5402613419963669       0.7270478371904723       335.11662621307636        8.559797986963705       343.67642420004006
                       19   -3.676451307492765e-05  -1.8991474193794677e-07    0.0013611924700859786        3.510175569985578     0.002573906077878622    0.0015161387055410505    2.023061190769318e-06      -38.221392343452266    -0.019454179033279163       1.0962508985747823      0.22513081524270223      0.20144670581297486       0.5402613410028989       0.7270536555823082        334.0681130187279        8.568667391055708        342.6367804097836
                       20   -3.676360158202996e-05  -1.8991488935331776e-07     0.001361187234039591        3.510175564944523     0.002573906042210898    0.0015161386137351224    2.023061172353207e-06       -38.22139152428834    -0.019454181839173516        1.096250886390974      0.22513081811204694      0.20144670623624594       0.5402613409901021       0.7270536930746401         334.067941069623        8.568666122461345       342.63660719208434
                       21   -3.694608052553422e-05   -1.899318872099617e-07    0.0013606874849624293       3.5101749841180583    0.0025739019322546996    0.0015161280290392056     2.02305904986741e-06       -38.22129635265286    -0.019454504019374676       1.0962494814128214       0.2251311491581569      0.20144675502922926       0.5402613395160418       0.7270580327093086        334.0497026744737        8.568414052268555       342.61811672674224
                       22  -3.6763755322525825e-05  -1.8992015187534377e-07    0.0013611942530651162        3.510175386625842    0.0025739047749280437    0.0015161353379015844   2.0230605165921396e-06      -38.221360928722014    -0.019454279528496314       1.0962504508837403       0.2251309208634929        0.201446721344257       0.5402613405354574       0.7270550625870769       334.06195894702876         8.56868775680254        342.6306467038313
                       23   -3.676540421952861e-05   -1.899147399778579e-07    0.0013611924383171957       3.5101755639373056     0.002573906038550203    0.0015161386795066324    2.023061192663984e-06      -38.221391475177555     -0.01945418178789893       1.0962508873061796      0.22513081763676251       0.2014467061700561       0.5402613409906751       0.7270536771267668       334.06810532255355        8.568667210928995       342.63677253348254
                       24   -3.520869128162899e-05   -2.002143347456735e-07    0.0013506217647324716        3.509825068698221    0.0025714166223731964    0.0015097214215248809    2.021777903164376e-06       -38.16149528442694    -0.019646273598993312       1.0953961937677068      0.22533239115193016      0.20147635156017035       0.5402604482962113       0.7297347814031063       328.17281137148757        8.602021509947313       336.77483288143486
                       25  -3.5208691324987266e-05  -2.0021433441909678e-07    0.0013506217650521633        3.509825067030116    0.0025714166122630857     0.001509721419743944   2.0217779045252347e-06       -38.16149528001384    -0.019646273627503125       1.0953961843472437      0.22533239185401469      0.20147635189240437         0.54026044828475       0.7297347816972977       328.17280944622223        8.602021506183029       336.77483095240524
                       26   -3.520869128738311e-05  -2.0021433458623755e-07    0.0013506217647319542        3.509825065791246    0.0025714166049115713    0.0015097214178910981   2.0217779045967654e-06       -38.16149527850808    -0.019646273664080803       1.0953961863493764      0.22533239106665837      0.20147635220938653        0.540260448277675       0.7297347787020136       328.17281008431297        8.602021497549675       336.77483158186266
                       27  -3.5208691232830434e-05  -2.0021433453955842e-07    0.0013506217664760395        3.509825067556268    0.0025714166044931213    0.0015097214159541762   2.0217779078767374e-06       -38.16149523439726    -0.019646273572449954        1.095396189958942      0.22533239134667601       0.2014763527603196       0.5402604482854342       0.7297347775685026        328.1728102026709        8.602021461771916       336.77483166444284
                       28   -3.520869095900916e-05  -2.0021433384866646e-07    0.0013506217743506723       3.5098250663976764    0.0025714165430514415    0.0015097213951886035    2.021777928915682e-06      -38.161495010781664    -0.019646273387923973       1.0953961673373778      0.22533239085206697       0.2014763575061943        0.540260448263802       0.7297347699991672        328.1728060382342        8.602021426391286        336.7748274646255
                       29   -3.520869120489599e-05  -2.0021433455249346e-07    0.0013506217662198794       3.5098250689717863    0.0025714165964736777    0.0015097214148170129    2.021777912729902e-06       -38.16149522685351    -0.019646273658981698        1.095396193110804       0.2253323911515943      0.20147635370403277       0.5402604483172301       0.7297347812370729        328.1728102176631        8.602021512128672       336.77483172979174
                       30   -3.520869102854205e-05  -2.0021433473306352e-07     0.001350621765583742        3.509825072478915    0.0025714166008173975    0.0015097214164705459   2.0217779166911355e-06      -38.161495235146766    -0.019646273708052255       1.0953961930223857      0.22533239116178283       0.2014763518655231       0.5402604483158442       0.7297347810158108        328.1728105613534        8.602021511042398        336.7748320723958
                       31   -3.520869106878761e-05   -2.002143346572924e-07    0.0013506217676934398        3.509825074261531    0.0025714165592532505    0.0015097214067568822   2.0217779429934825e-06       -38.16149515094674    -0.019646273817641693       1.0953961944537043      0.22533239098242913      0.20147635070691589       0.5402604483620017       0.7297347813679549       328.17280946604785        8.602021524708027        336.7748309907559
                       32  -2.6932426267452318e-05  -1.9423981104915975e-07    0.0014333711313468949       3.6271386178448783                    0.001    0.0011205708641472698    2.848481356406933e-06       -34.62624452087098    -0.024496641457969762       1.0280064442312298       0.2241598884095561      0.24319954114349562       0.5415085403412234       0.6959238611361922       311.26054381341135         9.22927510858767         320.489818921999
                       33   -3.107055877454066e-05  -1.9722707289741674e-07     0.001391996448039683       3.5684818432715497    0.0017857083111865978    0.0013151461428360753    2.435129629785654e-06       -36.39386990264896     -0.02207145752848154       1.0617013189994682      0.22474613978074315      0.22233794635183296       0.5408844943187173       0.7128293212696493        299.6956903368157        8.755400761306463       308.45109109812216
                       34  -2.9001492520996496e-05  -1.9573344197328803e-07    0.0014126837896932891        3.597810230558214    0.0013928541555932976    0.0012178585034916727    2.641805493096293e-06       -35.51005721175998     -0.02328404949322565        1.044853881615349      0.22445301409514967      0.23276874374766432       0.5411965173299704       0.7043765912029203        294.0334070734809        8.952276047956804       302.98568312143766
                       35  -2.8975944215755306e-05  -1.9573344341244826e-07    0.0014126971769563268        3.597810230696296    0.0013928541564824579    0.0012178585025674883   2.6418054931860505e-06      -35.510057103589254      -0.0232840492877235       1.0448538814926442      0.22445301419158065      0.23276874375267842       0.5411965173300621       0.7043765934819692          294.02391976849        8.952296629994128        302.9762163984841
                       36  -2.9002498425997406e-05     -1.9573344367466e-07     0.001412697341704198        3.597810230631821    0.0013928541563346629    0.0012178585023720388   2.6418054931749654e-06      -35.510057100811025    -0.023284049291352985       1.0448538814736232      0.22445301420902353      0.23276874375273843       0.5411965173300601       0.7043765936154172        294.0316319148143        8.952281422327067       302.98391333714136
                       37   -2.900149227925118e-05    -1.95733443094658e-07     0.001412683788225991       3.5978102304894413    0.0013928541555000822    0.0012178585025517735   2.6418054930488558e-06       -35.51005720157561    -0.023284049519217646        1.044853881487157       0.2244530141704274      0.23276874375234763       0.5411965173298731       0.7043765916230491        294.0334063796619        8.952276051665798       302.98568243132775
                       38  -2.9004228489392034e-05  -1.9573359454827615e-07    0.0014126834431922616        3.597810221086007     0.001392854142637047    0.0012178583750723237    2.641805486812248e-06       -35.51005581459873    -0.023284053065749415        1.044853864016148       0.2244530244221135      0.23276874439006795        0.541196517316592       0.7043766486478482        294.0341436655464        8.952274897695359        302.9864185632418
                       39    -2.56010307414576e-05  -2.0036427535074822e-07    0.0014614785898295853       3.5975269331096347    0.0013924727540273046    0.0012139781902939383    2.641610242966367e-06      -35.467610135240726    -0.023390417410057224        1.044324672706387      0.22476390038668093      0.23278807716775962       0.5411961163103968       0.7061188111158705       288.04465311416163        8.993357287979938        297.0380104021416
                       40  -2.5591165864618812e-05  -2.0036419960244696e-07    0.0014614769055187023       3.5975269120430062    0.0013924727032592447     0.001213978126117222   2.6416102866997577e-06       -35.46760779403504    -0.023390423049691293       1.0443246438824507       0.2247639153783593       0.2327880781057028       0.5411961162846413       0.7061188508087266       288.04460999782816        8.993362721259807         297.037972719088
                       41   -2.560030479222855e-05  -2.0036361828334223e-07    0.0014614604934827576       3.5975267501262698    0.0013924723129390588    0.0012139776334069707   2.6416106223343053e-06      -35.467589849016306    -0.023390466397252722       1.0443244226481831      0.22476403045627313      0.23278808530282857       0.5411961160869359       0.7061191550474746        288.0443507126392        8.993352177718403        297.0377028903576
                       42  -2.5602058504469163e-05  -2.0035290601864348e-07    0.0014614977851394031        3.597523764070474    0.0013924651276746875    0.0012139685263159194   2.6416168221663684e-06       -35.46725594316676     -0.02339126115030683       1.0443203371775938      0.22476615628204108      0.23278821822913032       0.5411961124405701       0.7061248165135074        288.0393055603844        8.993408513419562       297.03271407380396
                       43  -2.5601019289989556e-05  -2.0036429688822405e-07    0.0014614784150110494       3.5975268684654327     0.001392472615672418    0.0012139778650336257    2.641610338961652e-06       -35.46760279903724    -0.023390434579438058       1.0443245869358713      0.22476394482992829      0.23278808025540204        0.541196116228792       0.7061188408149368        288.0445770967348        8.993357125817289        297.0379342225521
                       44  -2.5307100051513983e-05  -2.0036543725157843e-07     0.001461475329417624       3.5975233679515712       0.0013924651336978     0.001213960283705364    2.641615531889512e-06       -35.46720658004679    -0.023391360254547442       1.0443199596495936      0.22476632997974488      0.23278824719456587       0.5411961118105263       0.7061201987251939        288.0423648880641        8.993524273542615       297.03588916160675
                       45   -2.451865385066538e-05  -1.9793108288391692e-07    0.0014491230300357192       3.5919082355899303      0.00138015472044886    0.0011878841176249696   2.6506027233942616e-06       -34.83191464525837    -0.024883534301887507       1.0368245239270564      0.22865343403489757      0.23305287302317995       0.5411890687126645       0.7102751866956751       284.45176743011973        9.003110746587128       293.45487817670687
                       46  -2.4518653857344107e-05   -1.979310828919127e-07    0.0014491230301048267        3.591908234119458    0.0013801547194761815     0.001187884115892907    2.650602727607712e-06       -34.83191464664753    -0.024883534297872694       1.0368245181098148      0.22865343398721436       0.2330528739007119       0.5411890686813886       0.7102751857443277       284.45176702557137        9.003110761747934       293.45487778731933
                       47   -2.451865380623361e-05   -1.979310827977578e-07    0.0014491230299598142        3.591908231814054    0.0013801547186634323     0.001187884111110297    2.650602737630808e-06       -34.83191460917475    -0.024883534346512814        1.036824519442888      0.22865343411581068      0.23305287596037882       0.5411890686491595       0.7102751827775258       284.45176668664004        9.003110724344843       293.45487741098486
                       48   -2.451865377330891e-05  -1.9793108285404186e-07    0.0014491230315198385       3.5919082322938074    0.0013801547228723642    0.0011878841076844236    2.650602750203019e-06       -34.83191457771097     -0.02488353426282321       1.0368245163581264      0.22865343406306385      0.23305287774491074        0.541189068676172       0.7102751830010945       284.45176641473597        9.003110741779363       293.45487715651535
                       49  -2.4518653880537292e-05  -1.9793108285267136e-07     0.001449123029925403         3.59190823495506    0.0013801547205111002    0.0011878841155451541   2.6506027296944685e-06      -34.831914634276316    -0.024883534333972227       1.0368245241409846      0.22865343402658386       0.2330528734693948       0.5411890687394453       0.7102751868986399       284.45176733020867        9.003110752787144       293.45487808299583
                       50   -2.451865388495379e-05   -1.979310828762447e-07    0.0014491230297199614       3.5919082346856084    0.0013801547213584467    0.0011878841099910193   2.6506027336376567e-06      -34.831914610900824    -0.024883534397072957       1.0368245238269713       0.2286534340352789      0.23305287290638632       0.5411890687718003       0.7102751867432548        284.4517672167092        9.003110756794307       293.45487797350347
                       51  -2.4518653817998356e-05  -1.9793108271590053e-07    0.0014491230296147508       3.5919082347092184      0.00138015472172052    0.0011878841088158638    2.650602743112862e-06       -34.83191458388736     -0.02488353445155803       1.0368245243459602      0.22865343404754723       0.2330528717509282       0.5411890687924402       0.7102751860398406        284.4517671750681        9.003110751091945          293.45487792616
                       52   -2.451865372226386e-05  -1.9793108241573407e-07    0.0014491230294055401       3.5919082333077528    0.0013801547242546855      0.00118788409295408    2.650602781182228e-06      -34.831914482859204    -0.024883534687844423       1.0368245151975861      0.22865343387001064       0.2330528688350988       0.5411890689553174       0.7102751861837717       284.45176636314307        9.003110819716174       293.45487718285926
                       53   -2.573611381098101e-05  -1.8692689721093822e-07    0.0014368079594300576        3.341252529182699    0.0014818881652152865    6.900140355536758e-05    5.109173615678109e-06       -28.48693587592095     -0.03724446574557246       0.7932256290594191      0.22871633715410764      0.35076293120018265       0.5475528839362336       0.5901974355065551        254.1549180127505       13.538581730361358       267.69349974311183
                       54  -2.5706942236815265e-05   -1.869268975910921e-07    0.0014368098458872975        3.341252529239844    0.0014818881656253335    6.900140327844352e-05    5.109173615547819e-06      -28.486935852052277    -0.037244465724102546       0.7932256293529536       0.2287163371499836        0.350762931204635        0.547552883936518       0.5901974340139384        254.1464627898128       13.538599948906793        267.6850627387196
                       55   -2.573613427613402e-05   -1.869268975210537e-07     0.001436808364288996       3.3412525291602897    0.0014818881653496218    6.900140329019648e-05    5.109173615540816e-06      -28.486935863221152     -0.03724446575127379         0.79322562935494      0.22871633715001372      0.35076293120380775       0.5475528839365073       0.5901974338445575       254.15491604296727       13.538581878732717           267.6934979217
                       56   -2.031491574373835e-05   -1.869283381943451e-07    0.0014389518290277414       3.3412524410439786    0.0014818888357769119     6.90001805053406e-05    5.109172984910923e-06       -28.48687529673162    -0.037244486860471694       0.7932269892430057      0.22871631830014338      0.35076294804633357       0.5475528851980365       0.5901898157823142       253.34712862055397       13.542773888814484        266.8899025093685
                       57  -2.0309785807282578e-05   -1.869283946035613e-07    0.0014389421150027863         3.34125243586221    0.0014818888553107343     6.90001306082279e-05    5.109172958151027e-06      -28.486873553825546     -0.03724448945633872       0.7932270443978857      0.22871631737580167       0.3507629487292915       0.5475528852479116       0.5901894923954165       253.34708861197632       13.542769487506911        266.8898580994832
                       58   -2.032888042948142e-05  -1.8692984161758294e-07    0.0014387010972672352       3.3412523027016627     0.001481889356135772    6.899885065992625e-05   5.1091722718088885e-06      -28.486828779284956      -0.0372445559029677       0.7932284594114694      0.22871629369171526      0.35076296624536646       0.5475528865276476       0.5901811976649443       253.34627961530316       13.542564999034019        266.8888446143372
                       59  -2.0314969275454287e-05   -1.869288466970413e-07     0.001438953259884512       3.3412523953693922    0.0014818890173697412    6.899973217060363e-05    5.109172745378769e-06      -28.486858953230758     -0.03724450859938322       0.7932274855579655      0.22871631015246363       0.3507629541850549       0.5475528856482185       0.5901869208996642       253.34681118505924       13.542744304931222       266.88955548999047
                       60   -2.031446349828024e-05  -1.8692828466706805e-07    0.0014389519168603406        3.341252431672975    0.0014818888408935239    6.900017433989596e-05    5.109172969047948e-06       -28.48687280101715    -0.037244490304056056       0.7932270425162535      0.22871631662587988      0.35076294889563475       0.5475528852638358       0.5901896829307702       253.34711605428743       13.542772729730798       266.88988878401824
                       61  -1.9860050454239124e-05  -1.8862787995807536e-07    0.0014422155863521905       3.3410824085146853    0.0014825253051883713    6.743639755510903e-05   5.1083220995557795e-06      -28.427103948760113     -0.03732419289859643       0.7950149601891929      0.22868598418735164      0.35078529587255836       0.5475545283390266       0.5799784239350494       252.83925038860875       13.439155752973674        266.2784061415824
                       62  -1.9860050475035084e-05  -1.8862787983189265e-07    0.0014422155862470285        3.341082407959534    0.0014825253050442418    6.743639808608503e-05    5.108322097655623e-06       -28.42710394781072     -0.03732419290156181       0.7950149612506412        0.228685984077863      0.35078529643296386       0.5475545283867685       0.5799784241946151       252.83925025965806       13.439155746099834        266.2784060057579
                       63   -1.986005054070933e-05  -1.8862787956218868e-07    0.0014422155860077876        3.341082407067603    0.0014825253055881903    6.743639680228491e-05    5.108322089170627e-06      -28.427103944088213    -0.037324192895362415       0.7950149634767898      0.22868598437653637      0.35078529762321176       0.5475545285086856       0.5799784255833282       252.83925007756474        13.43915571268249       266.27840579024723
                       64  -1.9860050492786604e-05   -1.886278798279764e-07    0.0014422155860674035       3.3410824077979515    0.0014825253056996515    6.743639404647206e-05    5.108322087390272e-06      -28.427103947113675     -0.03732419289824642       0.7950149612401545       0.2286859841289144      0.35078529622901744       0.5475545284176394       0.5799784252082425       252.83925027477952       13.439155739529086        266.2784060143086
                       65  -1.9860050437440956e-05  -1.8862787985974606e-07    0.0014422155863383886       3.3410824080463613    0.0014825253054202032     6.74363970115717e-05    5.108322094651509e-06      -28.427103944019372    -0.037324192902252876       0.7950149605431283       0.2286859841880886      0.35078529542114745       0.5475545283672878       0.5799784241239454         252.839250363121       13.439155742343479        266.2784061054645
                       66   -1.986005037283003e-05   -1.886278798267768e-07    0.0014422155863885546       3.3410824082285897    0.0014825253058899923    6.743639649711302e-05    5.108322094959698e-06      -28.427103940030996     -0.03732419290649515       0.7950149603250813       0.2286859841804585      0.35078529581964457        0.547554528369595       0.5799784240333867        252.8392503595086       13.439155746861992        266.2784061063706
                       67  -1.9860050208783274e-05  -1.8862787949058475e-07     0.001442215586041466       3.3410824065281113    0.0014825253062889388    6.743639294992752e-05    5.108322082473867e-06      -28.427103926633635    -0.037324192952097594       0.7950149603376861      0.22868598422950806      0.35078529594906194       0.5475545284262505       0.5799784240717853       252.83925029539597        13.43915573318776       266.27840602858373
                       68  -1.9860050433002477e-05  -1.8862787982029826e-07    0.0014422155864078552       3.3410824074792433    0.0014825253057678053    6.743639526713635e-05   5.1083220970086235e-06      -28.427103936528052     -0.03732419291219924       0.7950149601109848       0.2286859841644019       0.3507852959456839       0.5475545283685748        0.579978423862471       252.83925035327775       13.439155753577833        266.2784061068556
                       69   -7.449453704218837e-06  -1.4019532891382546e-07    0.0014335264413588085        3.109188431464282    0.0016313175233246078  -0.00037577304243820967   3.3057103810746526e-06      -25.760940076446943    -0.040411804536422694       0.9050036402118329      0.22683183823618536      0.30470354402863153       0.5603972848175475       0.6420478297247509       245.28299052827631       11.702745956719891        256.9857364849962
                       70   -7.477309520227817e-06  -1.4019532772193956e-07    0.0014335345898393906         3.10918843155668    0.0016313175243920786   -0.0003757730419462767    3.305710381526156e-06      -25.760939984205372     -0.04041180441875432       0.9050036403535018      0.22683183833547985       0.3047035440295246       0.5603972848179085       0.6420478304093642        245.2790535527148       11.702729625398032       256.98178317811283
                       71   -7.449820104580291e-06   -1.401953275710093e-07    0.0014335365935884345        3.109188431643869    0.0016313175247633475  -0.00037577304186585755   3.3057103815938394e-06       -25.76093996553132     -0.04041180438394836       0.9050036403652659       0.2268318383450954       0.3047035440304974       0.5603972848179506       0.6420478305955939        245.2825490531304       11.702750160781662       256.98529921391207
                       72   -7.449453840214625e-06  -1.4019532745424518e-07     0.001433526441752674       3.1091884315155327     0.001631317523876746   -0.0003757730419037178    3.305710381427855e-06      -25.760940046258728     -0.04041180457664299       0.9050036403224784        0.226831838317052      0.30470354403063904       0.5603972848177651       0.6420478293152705       245.28299009277566       11.702745952682623        256.9857360454583
                       73   -7.448283973835292e-06  -1.4019530694979865e-07    0.0014335265073186958       3.1091884323187444    0.0016313175325180038  -0.00037577303463147985   3.3057103864956843e-06      -25.760939583194265     -0.04041180519125593       0.9050036420098593      0.22683183955608804       0.3047035440622926        0.560397284821105       0.6420478232468545       245.28313465296904       11.702746757545974         256.985881410515
                       74   -1.102240443524627e-05  -1.3759746522610526e-07    0.0014521750537706615       3.1092798873323506    0.0016323019705095643  -0.00037482159656265486    3.306339388184019e-06      -25.707058333267916      -0.0404830613173494       0.9052006793184901      0.22697584146498598      0.30470711740545486       0.5603976725037476       0.6413211859384065       244.33165790598784       11.701182687235633       256.03284059322345
                       75  -1.1010345773603344e-05  -1.3759753409272545e-07     0.001452174518097381       3.1092798978295653      0.00163230208443918  -0.00037482165981041936    3.306339388046177e-06       -25.70705360342035    -0.040483067689682066       0.9052006955687677       0.2269758541634336      0.30470711785866267        0.560397672538984       0.6413211539235864       244.33162892332345       11.701190566229606       256.03281948955305
                       76  -1.1022134176291406e-05  -1.3759786610121372e-07    0.0014521684939192742       3.1092799482509696     0.001632302633062032  -0.00037482196478525457   3.3063393873377894e-06      -25.707030825945743    -0.040483098479345794       0.9052007739199359       0.2269759153867788        0.304707120041711       0.5603976727088461       0.6413209992035052       244.33154208102565       11.701178646263756        256.0327207272894
                       77   -1.102868905759442e-05  -1.3762973136076163e-07    0.0014522185901221498        3.109284803970173    0.0016323554203171772   -0.0003748512496793587   3.3063393390480277e-06      -25.704836580236755    -0.040486045750658596       0.9052083057507005      0.22698180058779316      0.30470732986404825       0.5603976890456154       0.6413062204573636        244.3222105962659         11.7010909579324        256.0233015541983
                       78  -1.1021961847828437e-05  -1.3759742410747507e-07    0.0014521746009586085       3.1092799149784285    0.0016323022881077499   -0.0003748216672453456   3.3063394332211724e-06       -25.70704422298935     -0.04048308013849704        0.905200723357374      0.22697587610453057      0.30470711863611893       0.5603976726076252       0.6413211401332628       244.33161606298322       11.701182729912109       256.03279879289533
                       79  -1.1231816885674868e-05   -1.373425729638568e-07     0.001449215817722832        3.109451149102001    0.0016342695085957738   -0.0003752594185079554   3.3066184279719884e-06      -25.619643703619833      -0.0405996646699233       0.9054735048428799      0.22719043691605034      0.30471474144005384       0.5603983160427365       0.6410374400986312       244.09079582001715        11.69937288827272       255.79016870828985
                       80  -1.1023488923992837e-05  -1.3759741152999444e-07    0.0014522166791170795        3.109279927554902     0.001632302528446183   -0.0003748217459451155   3.3063394608844426e-06        -25.7070337124495     -0.04048309186781649       0.9052007409722942      0.22697588652556006       0.3047071195173314       0.5603976726810902       0.6413212793722085       244.33157906471558       11.701202599630946       256.03278166434654
                       81   -1.103884708178209e-05   -1.372581643064381e-07    0.0014195662265721453       3.1111324251421766    0.0016534011826699075    -0.000380602058804526     3.30886552952921e-06       -24.77903533247575    -0.041722470096254405       0.9081393582585122       0.2292848485525148        0.304789204042261       0.5604045161729483       0.6378361013300999       242.88314847911192       11.680727840365888        254.5638763194778
                       82  -1.1038847082089299e-05  -1.3725816430351775e-07      0.00141956622612787       3.1111324251328343     0.001653401183387991   -0.0003806020593622625    3.308865529842228e-06      -24.779035318538238     -0.04172247011457196       0.9081393578740171      0.22928484855881232       0.3047892042910234       0.5604045161946507       0.6378361015734022       242.88314844502662       11.680727848843045       254.56387629386967
                       83  -1.1038847089142752e-05  -1.3725816428968337e-07    0.0014195662256313783       3.1111324248934795    0.0016534011845752601  -0.00038060206039593387   3.3088655308073256e-06      -24.779035303640725    -0.041722470137305345       0.9081393589421529      0.22928484852162292      0.30478920484155014        0.560404516242602       0.6378361015358314       242.88314840900225       11.680727846511212       254.56387625551346
                       84  -1.1038847109716613e-05   -1.372581642355334e-07    0.0014195662247044592        3.111132424334571    0.0016534011851383444  -0.00038060206036787483    3.308865532180418e-06       -24.77903528189686     -0.04172247017558934       0.9081393578737316      0.22928484853970793      0.30478920431882284       0.5604045162385852       0.6378361011930984         242.883148390954       11.680727854336435       254.56387624529043
                       85  -1.1038847103004697e-05  -1.3725816424842503e-07    0.0014195662254103524       3.1111324244426535     0.001653401185276163   -0.0003806020603048523    3.308865532375885e-06      -24.779035290487872    -0.041722470143430765       0.9081393580927464      0.22928484853888412       0.3047892035420061       0.5604045162349212       0.6378361011608371        242.8831484135682       11.680727847583192        254.5638762611514
                       86  -1.1038847094926388e-05  -1.3725816429256837e-07    0.0014195662260251363        3.111132424133127      0.00165340118397218  -0.00038060206049641524   3.3088655289238297e-06      -24.779035311739808     -0.04172247011669181        0.908139357908039      0.22928484854905384       0.3047892039300407       0.5604045162042194       0.6378361010967888       242.88314844463034        11.68072784434462       254.56387628897497
                       87  -1.1038847079469934e-05  -1.3725816424360203e-07     0.001419566226129008       3.1111324236506404    0.0016534011839640407  -0.00038060205989018484   3.3088655298541345e-06      -24.779035312172894      -0.0417224701103684       0.9081393580339692        0.229284848554268      0.30478920432572687       0.5604045162170399       0.6378361011753171        242.8831484448764       11.680727844537984        254.5638762894144
                       88  -1.1038847014780429e-05   -1.372581641423981e-07    0.0014195662249091435       3.1111324218705056    0.0016534011860422741   -0.0003806020611950325     3.30886552870716e-06       -24.77903526873862     -0.04172247015302447        0.908139356140051      0.22928484860093468       0.3047892043942483       0.5604045162755508       0.6378361013742984       242.88314837196373        11.68072786578282       254.56387623774654
                       89   -1.274448542009023e-05   -1.230273206831985e-07     0.001202057052074068       2.8175323409460633    0.0021044895537832963   -0.0007300506613301716    3.557052770033833e-06      -17.115311258847825     -0.05015164946745704       0.8436292535380656      0.22823153109032887       0.3495505350333888       0.5736885276375037       0.6081180606534176       235.09303884341037        13.88439938647888       248.97743822988926
                       90   -1.271535171571893e-05  -1.2302732055532425e-07    0.0012020560086358468       2.8175323409561486    0.0021044895539471314   -0.0007300506612869852   3.5570527699435946e-06      -17.115311267240767     -0.05015164947986936       0.8436292536014078      0.22823153108553637       0.3495505350329932       0.5736885276375534       0.6081180601388603       235.08616367767954       13.884418784984925       248.97058246266445
                       91   -1.274437796903198e-05  -1.2302732057531402e-07     0.001202054675703129       2.8175323408818453     0.002104489553710843    -0.000730050661314573     3.55705276992614e-06      -17.115311277334154     -0.05015164950509753       0.8436292536072281      0.22823153108665173       0.3495505350321615       0.5736885276375506       0.6081180599954203       235.09299442775074       13.884398472091338       248.97739289984207
                       92   -7.785913582096916e-06  -1.2302695797284125e-07     0.001194348667415314        2.817532138705639    0.0021044893497688816   -0.0007300506049728338   3.5570524138967867e-06      -17.115371267847024     -0.05015177091207798       0.8436294831117683       0.2282315186588466      0.34955053107499134       0.5736885277946696       0.6081158905044575        234.4760009546517        13.88465415128218        248.3606551059339
                       93   -7.775008403867065e-06  -1.2302691794261283e-07    0.0011943485410502394       2.8175321061495513     0.002104489440082337   -0.0007300505976382702   3.5570523434708286e-06       -17.11537154868424    -0.050151764663270385       0.8436295484995466       0.2282315191465694       0.3495505299465527       0.5736885278653479        0.608115593189873       234.47599267662895       13.884657568205862        248.3606502448348
                       94   -7.785711764346268e-06  -1.2302667111216877e-07    0.0011943441506110744        2.817531905144098     0.002104489996504879   -0.0007300505524836381   3.5570519090317334e-06      -17.115373308203313     -0.05015172618888948       0.8436299518241479      0.22823152215794756      0.34955052298410744       0.5736885283012854       0.6081137590262582        234.4759848397257       13.884621572604257       248.36060641232996
                       95   -7.799747458297389e-06  -1.2300654659991061e-07    0.0011946381519381067       2.8175154792641006    0.0021045355483082845   -0.0007300468820331097    3.557016385622272e-06       -17.11551213328354     -0.05014856807114676        0.843662922008269      0.22823176959399952      0.34954995369770636       0.5736885639559361       0.6079640316133066       234.47481101171385       13.882563612441192       248.35737462415506
                       96   -7.785667788278783e-06  -1.2302700408971206e-07    0.0011943484733602577       2.8175320905010106    0.0021044894935569464   -0.0007300506457206819    3.557052286505016e-06      -17.115371547771648     -0.05015176165591112       0.8436295584619018      0.22823151978058936      0.34955052936688413        0.573688527903572       0.6081158359173502       234.47599967837297       13.884651828008955       248.36065150638194
                       97  -7.5473982143108785e-06  -1.2276449591969543e-07    0.0011947793506633182       2.8172270300790836     0.002105345764836973   -0.0007300369913789913    3.556368111594467e-06      -17.117844409121975     -0.05009320388296883        0.844219129929578      0.22823652612420592      0.34953991864334544       0.5736891944436396       0.6057421670835321         234.483315054093        13.84896311929251        248.3322781733855
                       98   -7.576513880345947e-06  -1.2276449691131944e-07     0.001194777932227962       2.8172270293638366    0.0021053457665368303   -0.0007300369921214202   3.5563681097951994e-06      -17.117844422253683     -0.05009320378785315       0.8442191307516207       0.2282365261411522      0.34953991861933464       0.5736891944451047       0.6057421693551968       234.48297365423002       13.848941736660144       248.33191539089017
                       99   -7.547399601966643e-06  -1.2276449689153868e-07    0.0011947793756802191       2.8172270294390342    0.0021053457667807177   -0.0007300369920931716   3.5563681098132717e-06      -17.117844411322384     -0.05009320376052493       0.8442191307463685      0.22823652614018664      0.34953991862015266       0.5736891944451095       0.6057421695118572        234.4833149835665       13.848963128928633       248.33227811249512
                      100   -7.547373834026222e-06  -1.2276462511297918e-07    0.0011947784475919879       2.8172269447433234    0.0021053460235136287   -0.0007300370864352346   3.5563678742381603e-06      -17.117844734658313     -0.05009318764709847       0.8442192387637346       0.2282365282451974      0.34953991555290553       0.5736891946394355        0.605742489942644       234.48330731886185        13.84896280310538        248.3322701219672
                      101   -7.547404578447256e-06  -1.2276449543037974e-07    0.0011947793408753765       2.8172270282362666     0.002105345770076787   -0.0007300369918113186   3.5563681071329875e-06       -17.11784441549029     -0.05009320353891209       0.8442191323683497      0.22823652615422868      0.34953991857556443       0.5736891944477647       0.6057421714171394       234.48331489199217       13.848963086073894       248.33227797806606
                      102   -7.545863263889947e-06  -1.2276178257090315e-07    0.0011947269461114636        2.817216818862558    0.0021053747994784107   -0.0007300393859656975   3.5563433903172314e-06      -17.117879682376643    -0.050091297385528415       0.8442326435818586       0.2282366924721956      0.34953954305931134       0.5736892173012258       0.6057661782594552         234.482877144312       13.848806088813474       248.33168323312546
aborted minimisation     
Minimisation aborted as it proceeded too slow                
 restart
                      103   -7.545863263889947e-06  -1.2276178257090315e-07    0.0011947269461114636        2.817216818862558    0.0021053747994784107   -0.0007300393859656975   3.5563433903172314e-06      -17.117879682376643    -0.050091297385528415       0.8442326435818586       0.2282366924721956      0.34953954305931134       0.5736892173012258       0.6057661782594552         234.482877144312       13.848806088813474       248.33168323312546
                      104   -7.574956449596007e-06  -1.2276178357158258e-07    0.0011947255315780838        2.817216818151181     0.002105374801166772   -0.0007300393867112906    3.556343388525526e-06      -17.117879695466563     -0.05009129728158493       0.8442326444013515      0.22823669248894346       0.3495395430354238       0.5736892173026811       0.6057661804650625       234.48253393908053        13.84878472200201       248.33131866108255
                      105   -7.545864634875711e-06  -1.2276178355180457e-07     0.001194726970610513       2.8172168182263353     0.002105374801410503   -0.0007300393866830559    3.556343388543586e-06      -17.117879684542693     -0.05009129725149669       0.8442326443961004      0.22823669248797798       0.3495395430362413       0.5736892173026858       0.6057661806216084       234.48287707553348       13.848806096375304        248.3316831719088
                      106   -7.545838309429437e-06  -1.2276191510658335e-07    0.0011947259992508106       2.8172167326468105    0.0021053750608186457   -0.0007300394830090672    3.556343150094106e-06      -17.117880008352824     -0.05009127932180151       0.8442327538543686       0.2282366946011378      0.34953953993484743        0.573689217498901       0.6057664974569432        234.4828695013567       13.848805502990613       248.33167500434732
                      107   -7.545859278409085e-06   -1.227617821009411e-07     0.001194726936226403        2.817216817025254    0.0021053748047016544   -0.0007300393864054346    3.556343385863948e-06      -17.117879688571193     -0.05009129700792715       0.8442326460153282      0.22823669250188622      0.34953954299166734       0.5736892173053371       0.6057661825235607       234.48287711494004       13.848806058667027       248.33168317360708
                      108   -7.262174340135436e-06  -1.2310857547422899e-07     0.001191376314433109        2.816719314359958     0.002106839024569128   -0.0007303927614633885    3.555041688866894e-06      -17.119659119436157     -0.04998797504769252       0.8448795756531631      0.22824698965632134       0.3495213786242433       0.5736903451593844       0.6072861575714308       234.46688092634653       13.843350279536736       248.31023120588327
                      109    -7.26217430973441e-06  -1.2310857551014466e-07    0.0011913763139587007        2.816719313956188    0.0021068390249370733   -0.0007303927613484594    3.555041687996636e-06      -17.119659119997426     -0.04998797503274958       0.8448795765778805       0.2282469896562298       0.3495213785941208       0.5736903451609074       0.6072861577243298        234.4668809144828       13.843350269238071       248.31023118372087
                      110    -7.26217432672548e-06  -1.2310857547095414e-07    0.0011913763140841461        2.816719313717694    0.0021068390249208285   -0.0007303927609040122   3.5550416879283413e-06       -17.11965911985993    -0.049987975035766796       0.8448795760942034      0.22824698964408746       0.3495213785569472       0.5736903451613546       0.6072861579397868       234.46688091285642       13.843350276485126       248.31023118934155
                      111   -7.262174339592108e-06   -1.231085754386879e-07    0.0011913763141848338       2.8167193131367556     0.002106839025270534   -0.0007303927605720165    3.555041686428581e-06      -17.119659118754008     -0.04998797503412387       0.8448795761445635      0.22824698973898816       0.3495213784518625       0.5736903451625254       0.6072861579794715       234.46688090671864       13.843350271096904       248.31023117781555
                      112   -7.262174335165662e-06  -1.2310857545530055e-07    0.0011913763143325592       2.8167193134997985    0.0021068390250282426   -0.0007303927611812274   3.5550416863316533e-06      -17.119659119013814     -0.04998797504267406       0.8448795756675882      0.22824698965921764      0.34952137846900616       0.5736903451605282       0.6072861575730082       234.46688091404206       13.843350276472739        248.3102311905148
                      113   -7.262174285192956e-06  -1.2310857537749253e-07    0.0011913763144610658       2.8167193114930376     0.002106839027440106   -0.0007303927600778159   3.5550416790338135e-06      -17.119659109968058     -0.04998797501543457       0.8448795758297791      0.22824698963907203      0.34952137798526584       0.5736903451647637       0.6072861575797432        234.4668808799458        13.84335026592684       248.31023114587262
aborted minimisation     
Minimisation aborted as it proceeded too slow               
 finished