                   sim_nr                 advtheta                     advq                   advCO2               deltatheta               gammatheta                   deltaq                   gammaq                 deltaCO2                 gammaCO2                  sca_sto                    alpha                    FracH                       wg                      R10                     data               background                    Costf
                        1     5.93801689732035e-05   1.2254529122999952e-06     0.003985677889210894       4.3026166508075985    0.0068055414453491135    0.0011943652831878722  -3.0630958309051477e-06       -25.73923768426278    -0.005136410754494008       0.6778272049366759      0.35614359364332066        0.587849615209349       0.3444417879227768      0.29015776595689485       114663.08791179684                      0.0       114663.08791179684
                        2    5.936490224121601e-05   1.2254529013554738e-06     0.003985656024775945        4.302616650691332     0.006805541444883623     0.001194365278023035   -3.063095832878805e-06      -25.739237840079216    -0.005136411102291437       0.6778272051128367       0.3561435935817219       0.5878496152148086        0.344441787922624       0.2901577630057357       114662.79705323624    7.826934112385094e-10       114662.79705323702
                        3    5.938262180393105e-05   1.2254528821447445e-06     0.003985620378794593        4.302616650584282     0.006805541444242724    0.0011943652688028868   -3.063095836693755e-06      -25.739238099987112    -0.005136411729477552       0.6778272053884458       0.3561435934714995       0.5878496152258834      0.34444178792232755        0.290157758593967        114662.5884825203    2.100070182656258e-10        114662.5884825205
                        4    5.938016572766732e-05   1.2254529010661028e-06     0.003985677888558694        4.302616650763034     0.006805541445081265     0.001194365277894628  -3.0630958329790063e-06       -25.73923768579933    -0.005136410770344075       0.6778272048947649      0.35614359358589953       0.5878496152152725       0.3444417879226219       0.2901577664836248       114663.08621511524    4.548546858289221e-16       114663.08621511524
                        5   5.9368054637893566e-05   1.2254525230739655e-06     0.003985677781957298        4.302616649150659     0.006805541435767233    0.0011943651003346676    -3.06309590178452e-06      -25.739237718238773    -0.005136411107832644       0.6778272034383408       0.3561435915736925       0.5878496154142626      0.34444178791710967       0.2901577839842888       114662.95353217497    4.759984238341201e-10       114662.95353217545
                        6  -0.00038770040429879414   -8.470637321508405e-09    0.0005843756041865769         4.29771487174689     0.006776096879108885    0.0006129514034182883  -3.2908945501945267e-06       -25.93173861584977    -0.006930315755737366       0.6732562228765318       0.3498351655019319       0.5885002763313069       0.3444247733263799       0.3475029167744843        5928.607549099619        6.389181591561099         5934.99673069118
                        7   -0.0003877004025322911    -8.47063802349416e-09    0.0005843756038035825        4.297714871776714     0.006776096879123425    0.0006129514032962545  -3.2908945502152036e-06      -25.931738616644335    -0.006930315754922889       0.6732562228008856      0.34983516542159104        0.588500276331785       0.3444247733261663       0.3475029170419912        5928.607517544436        6.389181592694599         5934.99669913713
                        8   -0.0003877004039500722   -8.470636744018918e-09    0.0005843756015196668        4.297714871734108     0.006776096879093309    0.0006129514036262798   -3.290894550103532e-06       -25.93173862143422    -0.006930315762611066       0.6732562228249799       0.3498351654230515       0.5885002763304522       0.3444247733262326      0.34750291688164836        5928.607542904571        6.389181587182078        5934.996724491753
                        9   -3.647427276968473e-05   -8.556639495229176e-08   0.00028213457938512003        4.302015799728064      0.00677737836826983     0.000608937170224431  -3.2867102135321746e-06       -26.56327753514619    -0.007382137289901823       0.6550208501300305      0.32836279780108124       0.5885125305005792       0.3443731391957187      0.40543272845335565       2709.3585183379682        6.726757618409561       2716.0852759563777
                       10   -3.647427269145632e-05   -8.556639592942516e-08   0.00028213458104032856        4.302015799729212     0.006777378368253898    0.0006089371699156978   -3.286710213611843e-06       -26.56327753020306    -0.007382137281422976       0.6550208500328509      0.32836279756604086       0.5885125305002109       0.3443731391955387       0.4054327291377131       2709.3585050213146        6.726757629129886       2716.0852626504443
                       11  -3.6474273287405865e-05   -8.556639453081939e-08    0.0002821345795652984        4.302015799721828     0.006777378368265457    0.0006089371703443219  -3.2867102134786896e-06      -26.563277537039358    -0.007382137291887804       0.6550208500951953       0.3283627974393728       0.5885125304990788       0.3443731391956829      0.40543272881681425         2709.35850325655        6.726757618013714        2716.085260874564
                       12   -3.647427277894963e-05   -8.556639506887907e-08    0.0002821345779670213        4.302015799718198     0.006777378368251586     0.000608937170126829   -3.286710213558458e-06      -26.563277536037035    -0.007382137287691198         0.65502085015038      0.32836279777402944       0.5885125305005428       0.3443731391956971      0.40543272809512576       2709.3585177208392        6.726757619251534        2716.085275340091
                       13  -0.00014124131721721675    -9.54044104494995e-08    0.0004048733676611958       4.3002480529124565     0.006773907769465901    0.0005996853666328014   -3.284285964892179e-06      -26.541691166278746    -0.006871111145322986       0.6391836792180854      0.22601015992235948       0.5881508156142983       0.3443468223672685       0.5308980918523281       441.56942390971585        8.988124694280552        450.5575486039964
                       14  -0.00014121430613075052   -9.540441031762304e-08   0.00040487999131047633        4.300248052850119     0.006773907769403406     0.000599685366341176  -3.2842859648248013e-06       -26.54169112838763    -0.006871111082609926       0.6391836797899926      0.22601015991869416       0.5881508156142253       0.3443468223679777       0.5308980874309368        441.5562691365654        8.988086823532926        450.5443559600983
                       15  -0.00014124148985442407   -9.540441053163396e-08    0.0004048794882169802        4.300248052800617     0.006773907769341103    0.0005996853662404322   -3.284285964838154e-06      -26.541691131945843    -0.006871111087812479       0.6391836798619182       0.2260101599244369       0.5881508156134735      0.34434682236813685       0.5308980870970821        441.5688167354615        8.988122368148646       450.55693910361015
                       16   -0.0001412413171638039   -9.540441047992895e-08    0.0004048733729491564        4.300248052783691     0.006773907769290293    0.0005996853662515212   -3.284285964848049e-06      -26.541691170851717    -0.006871111146340338       0.6391836798897437       0.2260101599203166       0.5881508156135764       0.3443468223679918       0.5308980861714909       441.56942115566653        8.988124661247225        450.5575458169138
                       17  -0.00014124193192123144   -9.540441052503028e-08    0.0004048733703237938        4.300248052485874     0.006773907768875388    0.0005996853653767679   -3.284285964742922e-06       -26.54169118063021    -0.006871111152579625       0.6391836810293257      0.22601015991700307       0.5881508156114124      0.34434682236970116       0.5308980788099849        441.5697014591887        8.988125421514578       450.55782688070326
                       18  -0.00013127279760194837   -9.574621286701288e-08    0.0005042875281082125       4.2988028309605655     0.006771936982388701    0.0005954055861501784  -3.2837905455257213e-06      -26.592765951182578    -0.006882148483390776       0.6467224659873125       0.2259872542309606       0.5881427128150795      0.34435494228077373       0.4671408456819348       421.83629733792924        8.635653932626715       430.47195127055596
                       19  -0.00013125809125670435   -9.574621479580156e-08    0.0005043014015171424       4.2988027926831665     0.006771936928786267    0.0005954054727417108  -3.2837905307928148e-06      -26.592766942311073    -0.006882149603032049       0.6467225412886133      0.22598725416966514       0.5881427124456393       0.3443549425157125        0.467140941491361       421.83628397189494        8.635630560530435        430.4719145324254
                       20  -0.00013127552126457475   -9.574621938313846e-08    0.0005043283358000228        4.298802709001926     0.006771936811606852       0.0005954052249139  -3.2837904986485717e-06       -26.59276912835801    -0.006882152079658765       0.6467227058361567      0.22598725404494374       0.5881427116375259       0.3443549430289818       0.4671411501319547         421.836219793948        8.635642078068962        430.4718618720169
                       21   -0.0001312727723686399   -9.574621917336545e-08    0.0005042875569518336        4.298802706421762     0.006771936807830636    0.0005954052176604834  -3.2837904977587797e-06      -26.592769457106158    -0.006882152545631364       0.6467227110280467      0.22598725401369416       0.5881427116143737      0.34435494304319725      0.46714114819073593       421.83623149618273        8.635655027517231       430.47188652369994
                       22   -0.0001312957170651782   -9.574616393415965e-08    0.0005042880750584719        4.298802351370627     0.006771936313792238    0.0005954042019630417  -3.2837903556737906e-06      -26.592779496099528    -0.006882163520619513       0.6467234181550006      0.22598725141033493       0.5881427070399615      0.34435494506055164       0.4671410751617264       421.83607088135375         8.63568213516935        430.4717530165231
                       23  -0.00012558309785905375   -9.722143308456716e-08    0.0005119038919575779        4.269656262494028     0.006731084141623683    0.0005091660416366934  -3.2726113009872865e-06      -27.413273438544007    -0.007832845328374333        0.704070908790831       0.2259363876203388       0.5878616933288511       0.3445333754017841       0.5379300342002828       413.78861838606224         9.00472971515602       422.79334810121827
                       24   -0.0001255830976321112   -9.722143259545646e-08    0.0005119038922314417        4.269656252755181      0.00673108411652861    0.0005091660125718924   -3.272611280300393e-06       -27.41327347453447    -0.007832845373675188       0.7040709180865794      0.22593638738380656       0.5878616920837625      0.34453337549727825        0.537930035904429        413.7886153988234        9.004729742887319       422.79334514171074
                       25  -0.00012558309761444262   -9.722143150590866e-08    0.0005119038933580618        4.269656251354691     0.006731084116218523    0.0005091660149911452   -3.272611256408964e-06       -27.41327343454637    -0.007832845244432757       0.7040709121167121       0.2259363880342793       0.5878616904376142       0.3445333754586612       0.5379300358016756         413.788616399462        9.004729706283472       422.79334610574546
                       26  -0.00012558309669423584   -9.722142694481115e-08    0.0005119038998559868        4.269656200067079     0.006731083986384957    0.0005091658277376599  -3.2726110977857884e-06      -27.413273356996697    -0.007832844765573678        0.704070916123112       0.2259363877822018        0.587861676477841       0.3445333755205352       0.5379300397411422       413.78860797428763        9.004729743006134       422.79333771729375
                       27  -0.00012558309454223365   -9.722141703388447e-08     0.000511903906715792        4.269656147089504     0.006731083840226882    0.0005091657072941617   -3.272610880335668e-06      -27.413273394989318    -0.007832844529137064       0.7040709263694713      0.22593638463474267       0.5878616624355748       0.3445333755886347       0.5379300521912507        413.7885990371717        9.004729833094435        422.7933288702661
                       28   -0.0001255830968071339   -9.722142972222456e-08    0.0005119038932340594       4.2696562446480675     0.006731084055624446     0.000509165967670772   -3.272611262251836e-06       -27.41327344462669    -0.007832845383385764       0.7040709091275659      0.22593638769247107       0.5878616897732826      0.34453337530786116        0.537930035508766       413.78861508478275        9.004729713764101       422.79334479854685
                       29  -0.00012558309408609362   -9.722142235684766e-08    0.0005119039007379354        4.269656217541765     0.006731083865008764     0.000509165805868633  -3.2726112160022966e-06      -27.413273310629805     -0.00783284514183585       0.7040709135413628      0.22593638767014676       0.5878616871964908      0.34453337548050245       0.5379300368706081        413.7886079246913        9.004729708530178        422.7933376332215
                       30   -0.0001255830725667852   -9.722135439871626e-08    0.0005119039589303598        4.269655896114431     0.006731081853423694    0.0005091644397914396   -3.272610822365047e-06      -27.413272309007713    -0.007832844517204968       0.7040709359286623      0.22593638795206822       0.5878616554819274       0.3445333774738185       0.5379300533467335       413.78854173488764        9.004729639546436        422.7932713744341
                       31    -4.92773328704488e-05   1.2658454138874653e-07    0.0006900122529185614       3.2577991151720997                    0.001    -0.004479785994204269  -1.1843491070755454e-06      -25.067520524893798    -0.004013764385718993       0.8125230975761331      0.22688986163747038      0.43150083754367363      0.34572374145889034       0.6053975230455402       1722.8525770568613       21.076652278180973       1743.9292293350422
                       32   -8.743021536475128e-05   1.4681554152089685e-08    0.0006009580724380694       3.7637276888330637    0.0038655420708118412   -0.0019853099762837875   -2.228480204031416e-06      -26.240396981718906    -0.005923304857046663       0.7582970031834821      0.22641312462890456       0.5096812654362624      0.34512855843033724       0.5716637786229111       339.82532007486594       12.006763171811984       351.83208324667794
                       33  -0.00010650665661190252   -4.126993946623874e-08    0.0005564309821978236        4.016691975663545     0.005298313106217763   -0.0007380719673235471   -2.750545752509351e-06      -26.826835210131456    -0.006878075092710498       0.7311839559871565      0.22617475612462168       0.5487714793825567      0.34483096691606063        0.554796906411597        360.0048462940167        9.747264487269874        369.7521107812866
                       34   -9.696843598832689e-05  -1.3294192657074633e-08    0.0005786945273179465       3.8902098322483045     0.004581927588514802   -0.0013616909718036673   -2.489512978270384e-06       -26.53361609592518     -0.00640068997487858       0.7447404795853192      0.22629394037676315       0.5292263724094095      0.34497976267319896       0.5632303425172536       341.34001439293155       10.687393340487393       352.02740773341895
                       35   -9.219932567653907e-05    6.936807475074197e-10    0.0005898262998780082        3.826968760540684     0.004223734829663321   -0.0016735004740437273  -2.3589965911508996e-06       -26.38700653882204    -0.006161997415962621       0.7515187413844007      0.22635353250283385       0.5194538189228359       0.3450541605517681       0.5674470605700828        337.5155442127398       11.299673133886309        348.8152173466261
                       36   -9.217231781666056e-05    6.936884402096129e-10    0.0005898332882728107       3.8269687606423335     0.004223734830619262    -0.001673500470615024   -2.358996589715987e-06       -26.38700647324616    -0.006161997402730509       0.7515187426325598      0.22635353251840612        0.519453818910081      0.34505416055515514       0.5674470548845694       337.51117557104044       11.299643775612145        348.8108193466526
                       37    -9.21995071788068e-05    6.936886321788308e-10    0.0005898328863162051        3.826968760590467     0.004223734830564801   -0.0016735004705396982  -2.3589965896700967e-06      -26.387006475429647    -0.006161997413157906       0.7515187427259093      0.22635353252343937       0.5194538189086331      0.34505416055541727       0.5674470544756307        337.5153032057936        11.29967063287928       348.81497383867287
                       38    -9.21993278276483e-05     6.93688684334461e-10    0.0005898263074370024       3.8269687605667175     0.004223734830466854    -0.001673500470540807     -2.3589965896838e-06      -26.387006522355517    -0.006161997508585773       0.7515187427679635      0.22635353251927662       0.5194538189087057      0.34505416055530375       0.5674470534641589        337.5155314344229       11.299673024321313        348.8152044587442
                       39   -9.219972439618367e-05     6.93681054483383e-10    0.0005898262974916037       3.8269687603533558     0.004223734829441407   -0.0016735004743324363  -2.3589965910503237e-06      -26.387006520007812    -0.006161997516717589       0.7515187421491714      0.22635353249665152       0.5194538189118605       0.3450541605538929       0.5674470569181072        337.5156036976287        11.29967350434437       348.81527720197306
                       40   -9.342510035974187e-05   1.6116461796162096e-08    0.0006192845976627477         3.82701937527534     0.004225296443034364   -0.0016666936453312864   -2.356145674741721e-06      -26.354900176365977    -0.006341785861046846        0.754207313094301      0.22638549175017303       0.5194263591599354       0.3450610316534488       0.5536404823218888       324.69658827500393       11.081207344322635        335.7777956193266
                       41   -9.340106728517036e-05    1.611643566219273e-08      0.00061928387306673       3.8270193657118345    0.0042252964275729075    -0.001666693678888278  -2.3561456778614386e-06      -26.354899302998113    -0.006341790615629133       0.7542073458900791      0.22638549136929464       0.5194263586717969      0.34506103174654124       0.5536403320098309       324.69654041954425       11.081183316484603       335.77772373602886
                       42   -9.342507395156957e-05   1.6116426212046883e-08    0.0006192832725262238       3.8270193622849313     0.004225296422023283   -0.0016666936908129118   -2.356145678989978e-06      -26.354898998501675    -0.006341792292136781       0.7542073574448529      0.22638549124029073       0.5194263584992755      0.34506103177936565       0.5536402791322121        324.6965583637622       11.081207139868217       335.77776550363046
                       43   -9.342413759459074e-05   1.6112744569000528e-08    0.0006193159404703874        3.827018017894564      0.00422529424947739   -0.0016666983981136123  -2.3561461177444446e-06      -26.354775820355204    -0.006342455722860644       0.7542119479438745      0.22638543856816803        0.519426290084658       0.3450610448212329       0.5536192796838719       324.69354974041863       11.081122064497833       335.77467180491647
                       44    -9.34248894017529e-05   1.6116483347928857e-08    0.0006192846804584551       3.8270193625951383     0.004225296427841198    -0.001666693665221116  -2.3561456683946757e-06       -26.35489886519077    -0.006341792917248286       0.7542073515687802      0.22638549146145615       0.5194263583783547      0.34506103180340864       0.5536404557557209         324.696577293078       11.081206942701685        335.7777842357797
                       45   -9.167273926601461e-05    1.392186409637445e-08    0.0006315324118780223        3.826120289522173      0.00422386861182747   -0.0016697251706285106  -2.3563892831397793e-06      -26.271876488216712   -0.0067893727985563965        0.757254328798058      0.22635125097403025       0.5193799595921303      0.34506988126702487       0.5404108108269332       323.75319432996383       11.031714240344888       334.78490857030874
                       46   -9.167273933837595e-05   1.3921864242757836e-08    0.0006315324114665052       3.8261202874051827     0.004223868609336354   -0.0016697251712106877  -2.3563892797458953e-06      -26.271876488019284   -0.0067893728094481675        0.757254330641874       0.2263512509609054       0.5193799590518385      0.34506988137111255       0.5404108113742954        323.7531939800955       11.031714252722885        334.7849082328184
                       47   -9.167273936624696e-05   1.3921864143663664e-08     0.000631532411561748       3.8261202845985025     0.004223868604317365   -0.0016697251778479726  -2.3563892845924946e-06       -26.27187647317432    -0.006789372793140389       0.7572543309030615      0.22635125090761168       0.5193799581006908      0.34506988148649137       0.5404108125839047        323.7531937538935       11.031714275494435       334.78490802938796
                       48   -9.167273904299715e-05   1.3921864161431238e-08    0.0006315324131992944       3.8261202850298495    0.0042238686081751894   -0.0016697251766706399  -2.3563892775250757e-06      -26.271876447316483    -0.006789372826868338       0.7572543312313713      0.22635125146756224       0.5193799572202362       0.3450698815749792       0.5404108119782638        323.7531936833965       11.031714257176478       334.78490794057296
                       49   -9.372776752054006e-05    1.799955954562333e-08    0.0006240418440588754         3.68492460942898     0.004038384143888812   -0.0018218222905550371   -2.282939353671053e-06       -25.84752640643291   -0.0070600816558578465       0.8394753720352819      0.22728407501400003      0.47411865849557105       0.3520549766699843        0.584415734643966       313.02390733702543        12.08855359278588       325.11246092981133
                       50   -9.370008848728299e-05    1.799956001614251e-08    0.0006240424524921839       3.6849246094566106     0.004038384143974795   -0.0018218222903955252  -2.2829393535938198e-06      -25.847526396856775    -0.007060081670907452       0.8394753720388954      0.22728407499869127      0.47411865849269597       0.3520549766702138        0.584415735120448        313.0063027646536       12.088525897823208        325.0948286624768
                       51   -9.372777064553615e-05   1.7999559785744255e-08    0.0006240420629068126        3.684924609400761     0.004038384143871195   -0.0018218222905082696  -2.2829393536245256e-06      -25.847526399824023    -0.007060081676303649       0.8394753720534063      0.22728407500263037      0.47411865849195833       0.3520549766702716       0.5844157350919961        313.0239062367458       12.088553512641234         325.112459749387
                       52   -8.042410068723866e-05   1.8002015006604825e-08    0.0006263662803914641        3.684924360809038      0.00403838402177218   -0.0018218217796192725   -2.282938884592896e-06      -25.847460449589672    -0.007060278684366244       0.8394755420055431       0.2272839621061566       0.4741186235769772       0.3520549794471902       0.5844201228008696        308.7777785586205       12.075041894056842       320.85282045267735
                       53    -8.04118657652354e-05    1.800210951564571e-08    0.0006263588505012593         3.68492434944507     0.004038384013821921    -0.001821821761419932   -2.282938866497008e-06      -25.847458518641282    -0.007060288082939164       0.8394755498002142      0.22728395758636394      0.47411862215817957       0.3520549795589095       0.5844202842034889       308.77774497771026       12.075034192546651        320.8527791702569
                       54   -8.042498397559485e-05   1.8002484411994695e-08    0.0006263306337511544       3.6849243041812625     0.004038383982039613    -0.001821821689386417  -2.2829387946749524e-06      -25.847450838389296     -0.00706032540112996       0.8394755807875902      0.22728393964040844      0.47411861651993564       0.3520549800029087       0.5844209256559658         308.777584838159       12.075059015297107        320.8526438534561
                       55   -8.042442343319598e-05   1.8003137883329288e-08    0.0006263665738909263       3.6849242253933796     0.004038383927711495    -0.001821821564020134   -2.282938669173552e-06      -25.847436804472263    -0.007060389358968655       0.8394756344261505      0.22728390832693268       0.4741186066666038      0.35205498077993647       0.5844220585004374       308.77738088366226        12.07504820882908        320.8524290924913
                       56     -8.0424152157968e-05    1.800200447251134e-08    0.0006263662885396194        3.684924339541225     0.004038383988586838   -0.0018218218278558047  -2.2829388857646028e-06      -25.847457569419845    -0.007060292316275171       0.8394755545647248      0.22728395550063532       0.4741186215619681       0.3520549795843852       0.5844202303662316        308.7777615526059       12.075043125384502       320.85280467799043
                       57    -7.91192360601681e-05   1.7694383901583258e-08    0.0006266435290908441        3.684303239561671     0.004037414853168013   -0.0018232305189991806   -2.282973102622647e-06       -25.76334504091956    -0.007458397312164895       0.8398423422986288       0.2270910492352754      0.47405977535696486       0.3520589862109507       0.5875613693422927       308.36200525124764       12.108751816357755        320.4707570676054
                       58   -8.042416694456614e-05   1.8002029439635435e-08    0.0006263670505202812        3.684924291020876    0.0040383839183494325   -0.0018218219146360222  -2.2829388798048485e-06       -25.84745141540474    -0.007060322345544982       0.8394756088158426       0.2272839442540265       0.4741186169453626      0.35205497989629225        0.584420064776979        308.7777370314135       12.075042477369692        320.8527795087832
                       59   -7.881722760991051e-05   1.8107167123772625e-08    0.0006311017467301311        3.684416172999733     0.004037630907474374   -0.0018228049315696054  -2.2829040138929996e-06      -25.781681631009384    -0.007378224706552227       0.8399620625020099       0.2271539705890303       0.4740703331317747       0.3520582497212472       0.5839972402268954       308.55440481512835       12.077868378867707       320.63227319399607
                       60   -8.069242083512916e-05   2.0416414169609754e-08    0.0006698005151005728       3.6773698285398524     0.004027240267365179   -0.0018361500873794066  -2.2822337742277585e-06      -24.833977096806574     -0.01190640743780434       0.8454624922594087      0.22512781671307586       0.4733904107816875      0.35210492303549684       0.6021564809269941        305.5885124928767       12.329724863069323         317.918237355946
                       61   -8.070408368750467e-05   2.0416414949159798e-08    0.0006697753280819831       3.6773698280420546    0.0040272402663930045    -0.001836150087824359  -2.2822337741982847e-06      -24.833977250822105    -0.011906407982873783       0.8454624929702632      0.22512781677409893       0.4733904107493185       0.3521049230370804       0.6021564723027897        305.5865698150708       12.329745016471069       317.91631483154185
                       62   -8.068180073250142e-05   2.0416417247522502e-08    0.0006697196965667479       3.6773698269373747     0.004027240264288478   -0.0018361500887206434  -2.2822337740533587e-06       -24.83397758356621     -0.01190640923386748       0.8454624946721538       0.2251278169223875       0.4733904106704063       0.3521049230410098       0.6021564519114069       305.58372815049677       12.329745909093242          317.91347405959
                       63    -8.06924208734154e-05   2.0416414787415045e-08    0.0006698005199688114        3.677369828168898     0.004027240266904289   -0.0018361500877931464    -2.28223377412222e-06      -24.833977069581213    -0.011906407607226922       0.8454624928300407      0.22512781679037114       0.4733904107493084      0.35210492303751306       0.6021564760809923        305.5885120809783       12.329724827727432       317.91823690870575
                       64   -8.069647604197139e-05   2.0416470159328883e-08    0.0006698008689317212       3.6773697939617596     0.004027240224232499   -0.0018361501266452426  -2.2822337646887026e-06       -24.83397456296829     -0.01190642321068718       0.8454625449245987      0.22512782389136424       0.4733904077680066      0.35210492322298403       0.6021560362134233       305.58834645039457       12.329725344135529        317.9180717945301
                       65   -8.122876331641333e-05    2.176360390989883e-08    0.0006568150314337348        3.676560920381894     0.004026234915432367   -0.0018370522071050656   -2.282003738254785e-06        -24.7747862023678    -0.012276159118209666        0.846706768633801      0.22529632928070265       0.4733198135123905      0.35210931871145146       0.5915873236630462       304.41755026214776       12.263519522095317       316.68106978424305
                       66   -8.122870915713753e-05    2.176352200982068e-08    0.0006568126526059286       3.6765608818279847     0.004026234852013869   -0.0018370523153448007  -2.2820037547569033e-06      -24.774783636859055     -0.01227617512743741       0.8467067795970427      0.22529633491559667      0.47331981051315275       0.3521093188817923       0.5915874696209933       304.41752688623166        12.26352240119185        316.6810492874235
                       67   -8.119363098088841e-05    2.175347718797128e-08     0.000656828400789974       3.6765561507165514     0.004026227074515676     -0.00183706559663341  -2.2820057774695523e-06      -24.774466502059468    -0.012278135735244528       0.8467081247972092      0.22529702681041835       0.4733194423278676       0.3521093397993854       0.5916054231542036       304.41485163985743       12.263731999984472        316.6785836398419
                       68    -8.15462905374996e-05   2.1196140055877154e-08    0.0006577769609690345       3.6762936268812525     0.004025795515703582   -0.0018378025350176278   -2.282118006650225e-06       -24.75686878109141    -0.012386925074235767       0.8467827727835511       0.2253354190429981      0.47329901229049387      0.35211050049318254       0.5926016022076785        304.2901709778784       12.277454672212194        316.5676256500906
                       69    -8.12289186021474e-05   2.1763632449311112e-08     0.000656815185761786       3.6765608357227744     0.004026234797755296   -0.0018370523508164124   -2.282003735818847e-06       -24.77478037319691    -0.012276195893242867       0.8467068136298042      0.22529634171694307       0.4733198063704327      0.35210931914038135       0.5915874814695314         304.417521331957       12.263521315074376        316.6810426470314
                       70   -8.013358010356078e-05    2.250583232961946e-08    0.0006609850242947669       3.6743595605774932    0.0040231750164522835    -0.001840789038935839   -2.281940376455331e-06      -24.623210848783152    -0.013232408548928959       0.8478768020057452      0.22561970262195397       0.4731341028960215      0.35212047206870956       0.5956905028097603        303.7907565158043        12.30668817735427       316.09744469315854
                       71   -8.123405715953268e-05   2.1766814366519255e-08    0.0006571728078984774       3.6765510941018817     0.004026221251224873   -0.0018370689289480872   -2.282003475526653e-06      -24.774109096636437    -0.012280415870803106       0.8467120215596151       0.2252977599245347       0.4733189850300354      0.35210936840562024       0.5916048496360151       304.41452348939515        12.26358160585728        316.6781050952524
                       72   -8.022823787736709e-05   2.2489267205084173e-08    0.0006753124386499566        3.667639367317209     0.004013598387880146   -0.0018532260134764048  -2.2821702883328612e-06      -24.162200835364555       -0.016132980086307       0.8512197455351644      0.22660613560150777       0.4725732467058481      0.35215392095963804        0.609998125394565       302.66736832808385       12.487064053848107       315.15443238193194
                       73   -8.022823782525572e-05    2.248926722118987e-08    0.0006753124396115997        3.667639364277801     0.004013598384271513   -0.0018532260155350365   -2.282170289771354e-06       -24.16220080305806    -0.016132980294839488       0.8512197468391787      0.22660613560542853        0.472573243812773      0.35215392107279664       0.6099981259522496       302.66736782263763       12.487064083683634        315.1544319063213
                       74   -8.022823768953326e-05   2.2489267311001407e-08    0.0006753124403553372       3.6676393650841295    0.0040135983892329915   -0.0018532260144873288    -2.28217028485535e-06       -24.16220078452973     -0.01613298030791182       0.8512197476847299      0.22660613558311957      0.47257324434237674        0.352153921346531       0.6099981262467145        302.6673678942789       12.487064085973183        315.1544319802521
                       75   -8.022823760651222e-05   2.2489267202369644e-08    0.0006753124404315796       3.6676393634353603     0.004013598386219396   -0.0018532260172130582  -2.2821702912394916e-06       -24.16220078471524    -0.016132980280948263       0.8512197470186458      0.22660613553874948       0.4725732460223438       0.3521539213555849       0.6099981262598835        302.6673679670321       12.487064083766937         315.154432050799
                       76   -8.022823764331971e-05    2.248926727709722e-08    0.0006753124392916829        3.667639363723804      0.00401359838586251   -0.0018532260144294278  -2.2821702876476645e-06      -24.162200818308335    -0.016132980168213917       0.8512197461668096      0.22660613563647236      0.47257324676006496      0.35215392117516175       0.6099981254830569        302.6673681561572        12.48706406315437       315.15443221931156
                       77    -8.02282371076728e-05    2.248926748268588e-08    0.0006753124402878652        3.667639355471773     0.004013598382550596    -0.001853226014833441  -2.2821702840009124e-06       -24.16220079696019     -0.01613298023088245        0.851219745219256      0.22660613557820367       0.4725732452493275      0.35215392154746494       0.6099981255677553        302.6673678081804       12.487064072057771        315.1544318802382
                       78   -8.022823786084927e-05   2.2489267228199278e-08    0.0006753124387552829       3.6676393651342294     0.004013598387528126   -0.0018532260129026468  -2.2821702892424586e-06      -24.162200835878668     -0.01613298004388849       0.8512197452794179       0.2266061356338758       0.4725732464743792      0.35215392115763666       0.6099981251971034        302.6673682731755       12.487064049862333       315.15443232303784
                       79  -1.8141671246156235e-05   4.2628398903657646e-08    0.0009136136147728196       2.5953807738791297    0.0035127132487038975    -0.002151798333776371  -2.1348558756816144e-06      -17.708102976513263    -0.043883200692666484       1.0081362427258362      0.22694151737569723      0.23481179954630355       0.4222316597261596       0.6799868163143818        278.4714730142337       19.139445907879033        297.6109189221127
                       80   -4.918495456176166e-05   3.2558833054371015e-08    0.0007944630267113879        3.131510070598169    0.0037631558182920216    -0.002002512173626388   -2.208513082007238e-06       -20.93515190593891    -0.030008090389486743       0.9296779941305005       0.2267738264886025       0.3536925231260758      0.38719279034289883       0.6449924708544739        275.5647957128136       15.113073569351343        290.6778692821649
                       81   -3.366331290395895e-05    3.759361597901433e-08     0.000854038320742104       2.8634454222386494     0.003637934533497959   -0.0020771552537013796   -2.171684478844426e-06      -19.321627441226084     -0.03694564554107661       0.9689071184281686      0.22685767193214987       0.2942521613361897      0.40471222503452925       0.6624896435844274        271.6010368840485       16.951214385737128        288.5522512697856
                       82   -3.365128490101637e-05    3.759361692426329e-08    0.0008540627825098473        2.863445422532796     0.003637934535140625   -0.0020771552525612785  -2.1716844784333214e-06      -19.321627249824736     -0.03694564516289027       0.9689071186500857       0.2268576719412631       0.2942521613347553        0.404712225036152       0.6624896452585451        271.5976227232917       16.951198291757713        288.5488210150494
                       83   -3.367289076078836e-05    3.759361875552332e-08    0.0008541108905291777       2.8634454230432818     0.003637934538318596    -0.002077155250204299    -2.17168447761525e-06      -19.321626871504677     -0.03694564443287235       0.9689071191683754       0.2268576719605433      0.29425216133036547       0.4047122250396962        0.662489648167826       271.59340607628474       16.951193926952328       288.54460000323706
                       84   -3.366331321679993e-05   3.7593617318923045e-08    0.0008540383230786733       2.8634454223393178    0.0036379345340438757   -0.0020771552525137575  -2.1716844785827397e-06      -19.321627433467015     -0.03694564558863766       0.9689071186939733        0.226857671914514       0.2942521613349156        0.404712225035654       0.6624896419322432        271.6010365157589        16.95121436522725       288.55225088098615
                       85   -3.442777503169762e-05    4.013481824247497e-08    0.0009012280802738119        2.863636703801721    0.0036389720699461234   -0.0020749022764174835   -2.171187775185625e-06      -19.306586003636887     -0.03703513454615163       0.9694113312943462       0.2268242627876928      0.29424974324284753       0.4047143598707572       0.6593609631902186        268.8831009347952        16.89726158240182       285.78036251719703
                       86    -3.44277750380566e-05   4.0134818235705906e-08    0.0009012280803874597        2.863636703850837    0.0036389720701663526   -0.0020749022761744292   -2.171187775266758e-06       -19.30658600269233     -0.03703513455292145       0.9694113314405475       0.2268242627691348       0.2942497432424779      0.40471435987172466        0.659360963002972       268.88310092002325        16.89726158258081        285.7803625026041
                       87  -3.4427775040153815e-05    4.013481819977223e-08    0.0009012280801973674       2.8636367039045796    0.0036389720704112635   -0.0020749022759839865  -2.1711877753895753e-06      -19.306586000830716    -0.037035134557346985       0.9694113314902324      0.22682426277010875        0.294249743241853       0.4047143598727917         0.65936096337545       268.88310091466406       16.897261586174707       285.78036250083875
                       88   -3.442777505218458e-05    4.013481815427851e-08    0.0009012280801263205        2.863636704031714    0.0036389720710541407   -0.0020749022752777173  -2.1711877756522423e-06      -19.306585997682614     -0.03703513457535077       0.9694113317736528       0.2268242628064958       0.2942497432387263       0.4047143598756618       0.6593609633848576        268.8831008961428        16.89726158782745        285.7803624839703
                       89   -3.442777501736264e-05   4.0134818230526723e-08    0.0009012280803600645       2.8636367037978516    0.0036389720700810563    -0.002074902276177012   -2.171187775335176e-06      -19.306586003076298    -0.037035134553106155       0.9694113312655255      0.22682426278806797       0.2942497432374228       0.4047143598716219       0.6593609631723485        268.8831009318165       16.897261582023763       285.78036251384026
                       90  -3.4427775050635935e-05   4.0134818201113716e-08    0.0009012280807769624       2.8636367036741577     0.003638972070359104   -0.0020749022753995265  -2.1711877758404675e-06      -19.306586002380513     -0.03703513457784654       0.9694113311381876      0.22682426278762263      0.29424974321715885      0.40471435987454946       0.6593609630942758        268.8831009234752       16.897261580686877       285.78036250416204
                       91  -3.4427775039060424e-05    4.013481824208872e-08    0.0009012280808373182       2.8636367035730466     0.003638972070399614   -0.0020749022750809944  -2.1711877757786993e-06      -19.306586004946595     -0.03703513458445948       0.9694113311594543       0.2268242627852885       0.2942497432173994       0.4047143598754893       0.6593609632779325       268.88310092317084       16.897261582136384        285.7803625053072
                       92  -3.6994924874216294e-05    2.217552522422701e-08    0.0010196426455056995       2.8524908357253835     0.003852408038399869   -0.0017005170012432574   -2.382606067481861e-06      -18.466293421569286    -0.047982926746471574       0.9719616253201784      0.22613426096458092       0.2872709250976616      0.40616012205816754       0.6586441932152693       265.12625150889755       17.223170397210914        282.3494219061085
                       93  -3.6994924864131764e-05    2.217552519921328e-08    0.0010196426456527672       2.8524908355655634    0.0038524080387303218   -0.0017005170006156728  -2.3826060678554156e-06       -18.46629342143244     -0.04798292676611434       0.9719616254610559      0.22613426096366082       0.2872709250890362       0.4061601220612709       0.6586441931703275        265.1262514979136       17.223170399233055        282.3494218971466
                       94   -3.699492486029645e-05    2.217552517928958e-08     0.001019642645776979        2.852490835460763     0.003852408038802395       -0.001700517000628  -2.3826060680282298e-06      -18.466293421156646    -0.047982926769362874       0.9719616253846382      0.22613426096508368        0.287270925087572       0.4061601220623001       0.6586441932655269       265.12625150022654       17.223170399744845        282.3494218999714
                       95     -3.6994924831916e-05   2.2175525198558946e-08    0.0010196426462614054        2.852490834901432     0.003852408039010456    -0.001700517000208197  -2.3826060683503903e-06        -18.4662934241104      -0.0479829267865241       0.9719616255105039       0.2261342609653673      0.28727092508756213      0.40616012206659485       0.6586441933573779       265.12625148661135       17.223170402796853        282.3494218894082
                       96   -3.699492485779459e-05   2.2175525228948582e-08    0.0010196426470294633       2.8524908339410713    0.0038524080386524405   -0.0017005170007640606  -2.3826060686576083e-06       -18.46629342960138     -0.04798292679034551       0.9719616256598325      0.22613426095864703      0.28727092509594954      0.40616012207005353       0.6586441933128349        265.1262514675136       17.223170405901058       282.34942187341466
                       97   -3.699492484924895e-05     2.21755252038925e-08     0.001019642646333641        2.852490834960863    0.0038524080388252363   -0.0017005170002596828  -2.3826060683626536e-06       -18.46629342321722     -0.04798292678698394       0.9719616252333734      0.22613426096100261      0.28727092507601515       0.4061601220654835       0.6586441931821394        265.1262514947794       17.223170399062404        282.3494218938418
                       98   -3.699492480769286e-05   2.2175525122370873e-08     0.001019642648403382       2.8524908334611183    0.0038524080401751712   -0.0017005169974829107  -2.3826060706403197e-06      -18.466293423444004     -0.04798292689516527       0.9719616251190661      0.22613426099350595       0.2872709250155576       0.4061601220836878       0.6586441930106695        265.1262514678021       17.223170402691697        282.3494218704938
                       99   -3.699492486121526e-05    2.217552524025986e-08    0.0010196426454176575       2.8524908356741276    0.0038524080381919963   -0.0017005170016398832  -2.3826060673375167e-06      -18.466293421688707    -0.047982926738934784       0.9719616253134795      0.22613426096661765      0.28727092510458496      0.40616012205781277        0.658644193213985       265.12625150827733        17.22317039703845        282.3494219053158
                      100  -1.1705000570121272e-05   -7.944957206370987e-10     0.001756016717359729        2.132894891971247    0.0042890891811997464   -0.0008299253320122785  -3.1916207580128264e-06      -20.139459515172952     -0.08455183600389596       1.0036945989579684      0.22635517627878932          0.2718105086311      0.41323708842310913       0.6745935731597879       258.41533512313305       22.402674065513615       280.81800918864667
                      101  -2.4349962722168783e-05   1.0690514751794955e-08    0.0013878296814327142       2.4926928638483155     0.004070748609799808    -0.001265221166627768   -2.787113412747344e-06       -19.30287646837112     -0.06626738137518377       0.9878281121390733       0.2262447186216851       0.2795407168643808      0.40969860524063834        0.666618883187529       258.68541195833126       19.274514865924836        277.9599268242561
                      102  -1.8027481646145028e-05    4.948009515578928e-09    0.0015719231993962216        2.312793877909781     0.004179918895499777   -0.0010475732493200232  -2.9893670853800853e-06      -19.721167991772038     -0.07540960868953986        0.995761355548521      0.22629994745023724      0.27567561274774044       0.4114678468318737       0.6706062281736589        257.4031174639399       20.703992624359866       278.10711008829975
                      103  -2.1188722184156905e-05    7.819262133686942e-09    0.0014798764404144677       2.4027433708790484     0.004125333752649793   -0.0011563972079738955   -2.888240249063714e-06       -19.51202223007158     -0.07083849503236181       0.9917947338437971      0.22627233303596117       0.2776081648060606        0.410583226036256       0.6686125556805935        257.8232480370739        19.95560328480251        277.7788513218764
                      104  -2.1188722176383867e-05     7.81926203248408e-09    0.0014798764416472285       2.4027433704220194    0.0041253337540765374   -0.0011563972058227319  -2.8882402506132335e-06      -19.512022226087065     -0.07083849510922738       0.9917947339595599      0.22627233303673888      0.27760816476487815       0.4105832260481731       0.6686125556738709       257.82324801103454       19.955603295241687       277.77885130627624
                      105  -2.1188722165179003e-05    7.819262113698023e-09    0.0014798764409834479       2.4027433703478334     0.004125333753094372     -0.00115639720725544  -2.8882402497163933e-06      -19.512022230292573     -0.07083849506527712       0.9917947338949515      0.22627233303559724      0.27760816479395056       0.4105832260426957       0.6686125557179192        257.8232480304122       19.955603290276905       277.77885132068906
                      106  -1.9570656358405375e-05   3.1992549427585454e-09    0.0015597257458205907       2.3499456696904737     0.004202254488522672    -0.001036933813563056  -2.9840804646797895e-06       -19.40312575497052     -0.07563174900216657       0.9991281691069103       0.2262703552404817      0.27544020220000776       0.4114231593471778       0.6711049617424392        256.7856965523969       20.714065914252373        277.4997624666493
                      107  -1.9591604044581236e-05   3.1992550229242846e-09    0.0015597082860992783         2.34994566947557     0.004202254488383348   -0.0010369338172494262  -2.9840804647826858e-06      -19.403125551383933     -0.07563174944109727       0.9991281693813212      0.22627035523878386      0.27544020223878074      0.41142315936227963       0.6711049642845426       256.78555239281366        20.71408161304179       277.49963400585546
                      108  -1.9568599913815944e-05    3.199255235554542e-09    0.0015597030182703275        2.349945669475771     0.004202254488663087    -0.001036933818876113  -2.9840804647634357e-06      -19.403125432502403     -0.07563174959752396       0.9991281695088179      0.22627035523908848       0.2754402022579671      0.41142315936948975       0.6711049658668893        256.7856250260329       20.714071356393124         277.499696382426
                      109  -1.9570656127369752e-05   3.1992545931499316e-09     0.001559725728380301       2.3499456697200953     0.004202254489705754   -0.0010369338173116746  -2.9840804646041164e-06      -19.403125419182086     -0.07563174914231822        0.999128169413189       0.2262703552687409       0.2754402022389565       0.4114231593628686       0.6711049666760491       256.78569629958724       20.714065997993902        277.4997622975811
                      110  -1.9584358428746557e-05   3.1991841787313966e-09     0.001559721188291712       2.3499456759780974     0.004202254748039782   -0.0010369346310955786   -2.984080446976104e-06       -19.40305235434307     -0.07563177964211733       0.9991282378134712      0.22627036137437084       0.2754402107166123      0.41142316278028407       0.6711060107430376       256.78558201504313       20.714091187663357        277.4996732027065
                      111   -1.944636243691123e-05    2.907958779826463e-09    0.0015439491813290496       2.3499703411540898     0.004203240374565113   -0.0010400578627075647  -2.9840174053926778e-06      -19.123291880223476     -0.07574857145538116       0.9993834235007946       0.2262939037104842      0.27547266175455243      0.41143623587817546       0.6752163059201273         256.642541979185       20.784584382254202        277.4271263614392
                      112  -1.9446362429596876e-05    2.907958816214787e-09    0.0015439491804028313       2.3499703411322743     0.004203240374764872    -0.001040057863200873  -2.9840174045603235e-06       -19.12329186241436      -0.0757485714628663        0.999383423801703      0.22629390370685074       0.2754726617894249      0.41143623589435097       0.6752163060590171        256.6425419621536       20.784584388514048       277.42712635066766
                      113   -1.944636241964443e-05   2.9079587983118985e-09    0.0015439491787248073       2.3499703408848864     0.004203240375242549   -0.0010400578678701697  -2.9840174040710633e-06        -19.1232918263413     -0.07574857147518292       0.9993834247064728      0.22629390370477342       0.2754726618919754      0.41143623595074585       0.6752163061289265       256.64254191355957        20.78458440679428       277.42712632035386
                      114  -1.9446362434142258e-05    2.907958816053639e-09    0.0015439491811577734       2.3499703410200805     0.004203240374768118   -0.0010400578635865263   -2.984017404897876e-06      -19.123291874563026     -0.07574857145491709       0.9993834234720569      0.22629390372440922      0.27547266172877083       0.4114362358961199       0.6752163059154102       256.64254197443023       20.784584382765868        277.4271263571961
                      115  -1.9043586022439397e-05   4.9713188207625256e-09    0.0014943003832198648        2.344104859280039       0.0042188585516566   -0.0011132637498195346  -2.9384601444235734e-06      -18.082962592739612     -0.07609547689956067       1.0160621986473235      0.22648948970187932      0.27683883440516877       0.4128666801825033       0.6805947170609565       255.90293714355187       21.163604007626844       277.06654115117874
                      116   -1.904358601913826e-05    4.971318848951147e-09    0.0014943003827749672        2.344104859017083     0.004218858551676325   -0.0011132637506118992   -2.938460144106364e-06       -18.08296258567492     -0.07609547690473677       1.0160621987270804      0.22648948969117688       0.2768388343800613       0.4128666802065511       0.6805947170513145       255.90293713393646       21.163604011276565         277.066541145213
                      117   -1.904358601373091e-05    4.971318850698152e-09    0.0014943003829602916       2.3441048590643137     0.004218858551874139   -0.0011132637505107835  -2.9384601439766725e-06       -18.08296258484317     -0.07609547690037785       1.0160621986215974      0.22648948969129498      0.27683883434570383      0.41286668021517337       0.6805947170580513        255.9029371370714        21.16360400943892        277.0665411465103
                      118  -1.9043586014180473e-05   4.9713188507180575e-09    0.0014943003830628593       2.3441048589539233     0.004218858551802405   -0.0011132637504847435  -2.9384601442533553e-06      -18.082962587693633     -0.07609547690035823       1.0160621985578995      0.22648948970672306      0.27683883433384193       0.4128666802237163       0.6805947170125561       255.90293713875155       21.163604008172452         277.066541146924
                      119  -1.9043586007193875e-05    4.971318840388491e-09    0.0014943003830954408        2.344104859151858     0.004218858551760782   -0.0011132637497640251  -2.9384601444440568e-06       -18.08296259028994      -0.0760954769010646       1.0160621985676812      0.22648948970410226       0.2768388343976397       0.4128666802180769       0.6805947170428794       255.90293714156306       21.163604007086608       277.06654114864966
                      120  -1.7048978382477496e-05   1.0988545103039054e-08    0.0014509013832766948        2.288793256047912     0.004250247091698009   -0.0012317504833884887  -2.8916406008099688e-06      -16.906297746286906     -0.07637675572631576       1.0037071315599133      0.22630836943366767       0.2654845730306138       0.4207559812375704       0.6745406660461093        255.2260737356731       21.378540775427265       276.60461451110035
                      121  -1.7048978375841447e-05   1.0988545104254334e-08    0.0014509013833090409       2.2887932559178843     0.004250247091740104    -0.001231750483625979   -2.891640601251422e-06      -16.906297745538794     -0.07637675572566617       1.0037071315424562      0.22630836943052715       0.2654845730572799        0.420755981275468       0.6745406660016018         255.226073732954       21.378540775367757        276.6046145083218
                      122  -1.7048978371474104e-05   1.0988545114638111e-08    0.0014509013833505211         2.28879325593401    0.0042502470918054595   -0.0012317504832936213  -2.8916406011892773e-06      -16.906297746249248     -0.07637675572557717       1.0037071315137547      0.22630836943257504       0.2654845730792979       0.4207559813035375       0.6745406659919206       255.22607373398225       21.378540774371274        276.6046145083535
                      123   -1.704897836067896e-05   1.0988545128910616e-08    0.0014509013832631253       2.2887932556415116     0.004250247091849995   -0.0012317504830118755  -2.8916406025677777e-06      -16.906297745907604     -0.07637675572862716       1.0037071313090458      0.22630836943437088      0.26548457323760216       0.4207559814681965       0.6745406659429616       255.22607372928016       21.378540772193336        276.6046145014735
                      124    -1.70489783674789e-05   1.0988545148154358e-08    0.0014509013832534902       2.2887932554245882     0.004250247092159572    -0.001231750483386523  -2.8916406029401973e-06      -16.906297739508055     -0.07637675572650483       1.0037071310575467      0.22630836944135083      0.26548457312321283       0.4207559815596378       0.6745406659273812        255.2260737288076        21.37854077103076       276.60461449983836
                      125   -1.704897839585338e-05   1.0988545131945747e-08     0.001450901383132416         2.28879325563404     0.004250247092002373    -0.001231750483264619   -2.891640602330508e-06      -16.906297740322174     -0.07637675572851808       1.0037071314332655        0.226308369436559       0.2654845729982463       0.4207559814666745       0.6745406659388413       255.22607372795545       21.378540775527142        276.6046145034826
                      126  -1.7048978394746842e-05   1.0988545088815888e-08    0.0014509013832658037       2.2887932562110143     0.004250247091880766   -0.0012317504825100885   -2.891640602658969e-06      -16.906297745851816     -0.07637675572857426       1.0037071314718935      0.22630836942452826       0.2654845729957426       0.4207559814064127       0.6745406660186264       255.22607372913714        21.37854077477832       276.60461450391546
                      127  -1.7048978366809338e-05   1.0988545109761531e-08    0.0014509013830839375        2.288793256028457      0.00425024709193339   -0.0012317504834145306  -2.8916406016945096e-06      -16.906297742730146     -0.07637675572937298        1.003707131511079      0.22630836943730825      0.26548457293583644       0.4207559813363726       0.6745406660006275        255.2260737316128        21.37854077622123         276.604614507834
                      128  -1.4966185859270403e-05   1.7429344168012552e-08    0.0014228920742307767        2.198565786570534     0.004355450192421029   -0.0011274537890771836   -3.516862137265917e-06      -15.623385855526815     -0.07713449803153002       0.9422972451015628      0.22623329435159692       0.2702629312462907      0.49973366721729845       0.6402155836721493        253.6040279633698       21.442414596881687        275.0464425602515
                      129  -1.4966185843553415e-05    1.742934421478444e-08    0.0014228920741793743       2.1985657862689028     0.004355450193312793   -0.0011274537883357125  -3.5168621398060697e-06      -15.623385845526668     -0.07713449803208626       0.9422972449547455      0.22623329435681855        0.270262931392316       0.4997336676782232       0.6402155835245278       253.60402794470133       21.442414599535365        275.0464425442367
                      130  -1.4966185866761549e-05   1.7429344188999064e-08    0.0014228920740931104        2.198565786259228     0.004355450192762361   -0.0011274537888931663  -3.5168621384539913e-06      -15.623385851968155      -0.0771344980339315       0.9422972450534333       0.2262332943509799      0.27026293132271983       0.4997336674291126       0.6402155836172394        253.6040279585069       21.442414599279374       275.04644255778624
                      131  -1.4966185865011023e-05   1.7429344174727406e-08     0.001422892074168093       2.1985657863646266     0.004355450192716158   -0.0011274537890558446  -3.5168621380479305e-06      -15.623385853432008     -0.07713449803241759       0.9422972450320981      0.22623329435060505      0.27026293124495604      0.49973366736111813       0.6402155836786418       253.60402795974355       21.442414598920337        275.0464425586639
                      132  -1.4966185858454744e-05    1.742934415910452e-08    0.0014228920742820929         2.19856578659396     0.004355450192511532   -0.0011274537890182744  -3.5168621369877323e-06      -15.623385858471964     -0.07713449803119063       0.9422972451672822      0.22623329435009587       0.2702629311981655       0.4997336672147098       0.6402155837219086       253.60402796127977       21.442414597847822       275.04644255912757
                      133  -1.4966185846011491e-05   1.7429344155715116e-08    0.0014228920741993349         2.19856578650586     0.004355450192693395   -0.0011274537892807708  -3.5168621372523903e-06      -15.623385857262647     -0.07713449803195517       0.9422972452345517      0.22623329435281625       0.2702629311832674      0.49973366725939594       0.6402155837208552        253.6040279588269       21.442414599697205        275.0464425585241
                      134  -1.4966185847942713e-05    1.742934417906972e-08    0.0014228920741323078       2.1985657863959154     0.004355450192724576   -0.0011274537889772655    -3.51686213819049e-06      -15.623385853249182     -0.07713449803337592       0.9422972450228249      0.22623329435338047       0.2702629311892724      0.49973366735730546        0.640215583629125        253.6040279609786       21.442414598730526       275.04644255970913
                      135  -1.4056987854314844e-05   1.8178382992339148e-08    0.0014131637236526069       2.1627427064899685     0.004435119846476365   -0.0011081331562893234   -3.650452442499069e-06       -15.53420272743925      -0.0773450737631361       0.9462745120755678      0.22621961599380916       0.2651940259600363       0.5305434844966199       0.6422356071097814       252.60503133556642        22.06653268325646        274.6715640188229
                      136   -1.405698785053907e-05    1.817838299487453e-08    0.0014131637235931076       2.1627427062857354     0.004435119846930848   -0.0011081331561978672  -3.6504524432646626e-06      -15.534202726998533     -0.07734507376444853       0.9462745120854279       0.2262196159935973       0.2651940259381414       0.5305434846597243       0.6422356071164597       252.60503133158457        22.06653268674365       274.67156401832824
                      137   -1.405698785353262e-05   1.8178382992323478e-08    0.0014131637236531143        2.162742706500767     0.004435119846526742    -0.001108133156263353   -3.650452442458612e-06      -15.534202727263569     -0.07734507376313177       0.9462745120667642      0.22621961599403762      0.26519402596062547       0.5305434844931881       0.6422356071049133       252.60503133575068       22.066532682991603        274.6715640187423
                      138  -1.3868015237773063e-05   1.8287390070200286e-08    0.0014106103613111959       2.1542777479127513    0.0044564181543079095    -0.001103323577728836  -3.6821852379398366e-06      -15.509354481842836     -0.07740162376209936       0.9464092446470649      0.22621801926784554      0.26426773250607594       0.5374755163921684       0.6423630869997883       252.44829814499766       22.210897456361888       274.65919560135956
                      139  -1.3868015238111659e-05   1.8287390070080008e-08    0.0014106103612882065       2.1542777478517587     0.004456418154444767    -0.001103323577703828  -3.6821852381495645e-06      -15.509354481810336     -0.07740162376266728       0.9464092446423789      0.22621801926758006       0.2642677325071344       0.5374755164266773       0.6423630869941235       252.44829814422732       22.210897457050095        274.6591956012774
                      140  -1.3883295982518025e-05    1.828196233957985e-08     0.001409572870615302        2.151525191161379     0.004462594477022312   -0.0011021949771015962  -3.6916501711946523e-06      -15.507887842377391     -0.07742725299391276       0.9461977649296704      0.22620603788408633        0.264315501755574       0.5390328848962989       0.6421074201765613        252.4152343238909       22.242095920805102         274.657330244696                
 restart
                      141  -1.3883295982518025e-05    1.828196233957985e-08     0.001409572870615302        2.151525191161379     0.004462594477022312   -0.0011021949771015962  -3.6916501711946523e-06      -15.507887842377391     -0.07742725299391276       0.9461977649296704      0.22620603788408633        0.264315501755574       0.5390328848962989       0.6421074201765613        252.4152343238909       22.242095920805102         274.657330244696
                      142  -1.3856653815041045e-05   1.8281961362098745e-08     0.001409581316254423        2.151525191527819     0.004462594480048875     -0.00110219497613724  -3.6916501707140437e-06      -15.507887696089037     -0.07742725284349965       0.9461977644060537      0.22620603792837507       0.2643155017540475       0.5390328848949208       0.6421074186820235       252.41521522884446        22.24208073581184        274.6572959646563
                      143  -1.3883754890156397e-05    1.828196111090456e-08    0.0014095799733390736        2.151525191470297     0.004462594479987947   -0.0011021949761948363  -3.6916501707392006e-06      -15.507887701069691     -0.07742725287130182       0.9461977643782062      0.22620603793165073      0.26431550175321783       0.5390328848948233       0.6421074183648283        252.4152330729925       22.242094001889015        274.6573270748815
                      144  -1.3883295756771825e-05   1.8281961412765927e-08    0.0014095728669274853        2.151525191380585     0.004462594479370354    -0.001102194976183346   -3.691650170817653e-06       -15.50788775968661      -0.0774272530115877       0.9461977643973114      0.22620603791702004      0.26431550175356106        0.539032884894795       0.6421074175364048        252.4152343296102       22.242095905686348       274.65733023529657
                      145  -1.3885032443847286e-05   1.8281942239946255e-08    0.0014095726877066703       2.1515251967309186     0.004462594536463449   -0.0011021949524533132  -3.6916501610583518e-06      -15.507885772629177     -0.07742725343723547        0.946197751440315        0.226206038710351      0.26431550170342005       0.5390328848587814       0.6421073585310966       252.41523687943413       22.242096402874363        274.6573332823085
                      146   -1.383857561578122e-05    1.819602390227894e-08    0.0014094228715965378       2.1515455187981694     0.004462812207849865   -0.0011021098336702236  -3.6916152121933696e-06      -15.500219081810728     -0.07742888804374021       0.9461484032714977       0.2262090919257279       0.2643153151012222       0.5390327454582478        0.641862650964244       252.41619197491246       22.240626340650262        274.6568183155627
                      147  -1.3830273260523302e-05   1.8196134508072434e-08    0.0014094231436473112       2.1515455332543683     0.004462812350034662   -0.0011021097088182918    -3.69161516010793e-06      -15.500215226107514     -0.07742888880675261       0.9461483705652718       0.2262090935382506       0.2643153149234724       0.5390327453949355       0.6418627483684016       252.41619712191698         22.2406218819968       274.65681900391377
                      148   -1.383900529119459e-05   1.8197261886886702e-08    0.0014094210983257457       2.1515456804504014     0.004462813799507674   -0.0011021084358284288  -3.6916146290497576e-06      -15.500175936228624     -0.07742889668492527       0.9461480369959949       0.2262091099887672      0.26431531310814815         0.53903274474916       0.6418637412326138       252.41618530209948       22.240622170758567         274.656807472858
                      149  -1.3839509484906821e-05    1.819605992270887e-08    0.0014094403684815552        2.151545540423597    0.0044628124447395594   -0.0011021096891186608    -3.69161515147599e-06      -15.500211849814994     -0.07742888908781115       0.9461483411652858      0.22620909425641833       0.2643153148900379       0.5390327453299083       0.6418627464078916       252.41619634874613       22.240621515532343        274.6568178642785
                      150  -1.3864574435420588e-05   1.8275432625284515e-08     0.001409327867144838        2.151555905693792    0.0044629145045097275   -0.0011020200609972216   -3.691577760905849e-06      -15.497445233275775     -0.07742944315776966       0.9461248545108536      0.22621025246688586      0.26431518709603263       0.5390326998606405       0.6419326522124855       252.41611480454566       22.240352738349067       274.65646754289475
                      151  -1.3864574440356746e-05   1.8275432639521656e-08    0.0014093278671265495       2.1515559057165037     0.004462914504600604   -0.0011020200609605482   -3.691577760852861e-06      -15.497445232603846     -0.07742944315792015       0.9461248512862894      0.22621025246902204       0.2643151870780155       0.5390326998041007       0.6419326522264042        252.4161148269363        22.24035270966246       274.65646753659877
aborted minimisation     
Minimisation aborted as it proceeded too slow               
 finished