                   sim_nr                 advtheta                     advq                   advCO2               deltatheta               gammatheta                   deltaq                   gammaq                 deltaCO2                 gammaCO2                  sca_sto                    alpha                    FracH                       wg                      R10                     data               background                    Costf
                        1  -0.00023193451461364057    3.922400534182476e-07     0.007983269593854047       0.9873667564049979     0.005757170670614608   0.00013414523119563817   3.3344506370112194e-07      -21.949763873150822      0.02426251977953846       0.7632087881849379      0.23709615659600336       0.4107418683161911       0.5778307418886818       0.5254836816472878       100702.78362726327                      0.0       100702.78362726327
                        2  -0.00023191718144819883    3.922400515323576e-07      0.00798324680298498       0.9873667564696085     0.005757170670989089   0.00013414523022996943    3.334450633168145e-07      -21.949764051868616     0.024262519259202107       0.7632087883673193      0.23709615659963446       0.4107418683176244       0.5778307418886677       0.5254836789696373       100702.00547550623   1.0033403923124618e-09       100702.00547550723
                        3  -0.00023193781474735846   3.9224004940304955e-07     0.007983220191443532       0.9873667564529844    0.0057571706710448705   0.00013414522915850569    3.334450629987172e-07        -21.9497642513203     0.024262518803871553       0.7632087886718839       0.2370961566072482      0.41074186831799986       0.5778307418887005        0.525483675321281       100701.77542834492   1.7586670215387848e-10       100701.77542834509
                        4   -0.0002319345146467477   3.9224005173818513e-07      0.00798326959289284       0.9873667563995259       0.0057571706705365   0.00013414523033522757    3.334450633391532e-07       -21.94976386901166      0.02426251982680328       0.7632087881738188       0.2370961565969122       0.4107418683171769       0.5778307418886753       0.5254836815073904       100702.78353139758   1.2149671588609133e-17       100702.78353139758
                        5   -3.818858747772956e-05   -3.967032052609336e-08   -0.0002148332519753774       0.9859714832543327    0.0057371968311119795   -8.704633984849713e-05   2.4041428935330953e-07      -20.948296687922348     0.036235373437719445       0.7604313451417666      0.23733119655329987      0.41099524006313726       0.5778290995487034      0.48856426581274714        572.7491808239131        4.787860926415614        577.5370417503287
                        6   -3.818858634421692e-05   -3.967032139809218e-08  -0.00021483325132496713       0.9859714832573565     0.005737196831101776     -8.7046339996719e-05     2.40414289294502e-07      -20.948296684216615      0.03623537344755692       0.7604313451285238      0.23733119655148116       0.4109952400633466       0.5778290995486998       0.4885642659428102        572.7491735280113       4.7878609298521475        577.5370344578635
                        7  -3.8188587610176426e-05   -3.967032058774889e-08  -0.00021483325131905172       0.9859714832540853     0.005737196831109061   -8.704633984618103e-05    2.404142893557522e-07      -20.948296686965683      0.03623537343678782       0.7604313451358362       0.2373311965516941       0.4109952400630905       0.5778290995487046      0.48856426591569413        572.7491806539739        4.787860925695953        577.5370415796699
                        8   1.8055923975368577e-05   -9.208768810359504e-08   -0.0001415924787492983       0.9861274540538165     0.005736460513135505   -9.524036264359135e-05   2.3724852729798488e-07       -20.68667856247769      0.03673569214419242       0.7593559006242705      0.23713923701134085       0.4110043809302322       0.5778289622064515       0.5016272380001299       360.54333752939533       4.9623707694091665        365.5057082988045
                        9   1.8083033474133495e-05   -9.208768790285586e-08  -0.00014160231276048353       0.9861274542566019     0.005736460513109292   -9.524036268321082e-05    2.372485272499656e-07      -20.686678452735677      0.03673569194048984        0.759355899937536       0.2371392366979433      0.41100438092460534       0.5778289622069258       0.5016272538676416       360.53944480297355        4.962423877826389       365.50186868079993
                       10    1.805558041239759e-05   -9.208768803615703e-08   -0.0001416022594166854       0.9861274542187584     0.005736460512997537   -9.524036277250391e-05    2.372485272254118e-07      -20.686678433499257      0.03673569193733291       0.7593558998705092      0.23713923666964148       0.4110043809231348       0.5778289622069985       0.5016272557231609        360.5429255724613        4.962379352702435        365.5053049251637
                       11   1.8055923939322107e-05   -9.208768797521407e-08  -0.00014159249880832045       0.9861274541842708     0.005736460512876362   -9.524036274294926e-05    2.372485272153395e-07       -20.68667837616626     0.036735692099750084       0.7593558998141305       0.2371392366918273      0.41100438092369757       0.5778289622069325       0.5016272556893862        360.5433292614352         4.96237077797965        365.5057000394148
                       12    1.805591907012185e-05   -9.208768828861097e-08  -0.00014159248756828897       0.9861274541955587     0.005736460512777951   -9.524036296036362e-05   2.3724852713358966e-07      -20.686678350303637     0.036735692088590594       0.7593559009992112      0.23713923667920478       0.4110043809233974       0.5778289622069311       0.5016272377621034       360.54333629528486        4.962370769737257       365.50570706502214
                       13   1.2617867233912671e-05   -9.188333762418655e-08  -0.00024921518617624684       0.9868532424491967     0.005734899728644285   -9.612115908255184e-05   2.3667160169520578e-07      -19.635012860553967      0.03647669477600613       0.7568208571375374      0.23538533083143467       0.4109684442896087        0.577831570164827       0.5694678558614168       342.54698414547454        5.069347865311731       347.61633201078627
                       14   1.2617867327647262e-05   -9.188333743542039e-08  -0.00024921518662779883       0.9868532426957364     0.005734899728602388   -9.612115907501217e-05   2.3667160162549368e-07       -19.63501283551189      0.03647669476503243       0.7568208575062934      0.23538533045399052       0.4109684442864261       0.5778315701651537       0.5694678557256561        342.5469831577902       5.0693478651076305       347.61633102289784
                       15   1.2617867304534619e-05   -9.188333848019657e-08   -0.0002492151873546046       0.9868532427451568     0.005734899728485367    -9.61211601991772e-05   2.3667160122402536e-07       -19.63501282533333      0.03647669474816734       0.7568208576170479        0.235385330705018      0.41096844428578955       0.5778315701653428       0.5694678559837509       342.54698368543103       5.0693478689486575        347.6163315543797
                       16   1.4357104434287903e-05   -9.347336707821427e-08   -0.0002618695657961006        0.991990015066162      0.00573347264044825  -0.00010170681123782777   2.3324227800589436e-07      -19.086931202321058      0.03617323568329548       0.7646919836632518      0.22918772918966906      0.41090214054519336       0.5778390076282014       0.5680947451255935       334.09562053913606        5.090385509510014       339.18600604864605
                       17   1.4357104479448068e-05   -9.347336703417173e-08  -0.00026186956687590524       0.9919900152904364     0.005733472640397747  -0.00010170681100563291   2.3324227808053004e-07       -19.08693116923845      0.03617323566108355       0.7646919839838062        0.229187729190754      0.41090214054080715       0.5778390076286524       0.5680947453485619         334.095620338392         5.09038551037895       339.18600584877095
                       18   1.4357104503620138e-05   -9.347336721923107e-08   -0.0002618695706934279       0.9919900157139909     0.005733472639602419  -0.00010170681293834382   2.3324227702414215e-07       -19.08693109085319      0.03617323556102464       0.7646919848799085      0.22918772920102798      0.41090214051793195       0.5778390076296597       0.5680947455773202        334.0956198641448       5.0903855132253195        339.1860053773701
                       19   1.4357104402108945e-05   -9.347336730980155e-08   -0.0002618695686331385       0.9919900154279699     0.005733472638436571  -0.00010170681390762587    2.332422764539238e-07       -19.08693105565142      0.03617323561228811       0.7646919844965487      0.22918772922885405         0.41090214049716       0.5778390076292744        0.568094745604462       334.09561987432414        5.090385513182024       339.18600538750616
                       20   2.3884149152009025e-05   -9.348060483814544e-08   -0.0006412579704868481       1.0561663050660761     0.005669600526616676  -0.00015208188616749868   1.9365583391464134e-07       -7.781336900579472      0.02752550594672159       0.8699144169566826      0.23029255558040362       0.4086063483487366        0.577977836596512       0.6277236084346889        299.0978226527843         5.92520809906808        305.0230307518524
                       21    2.388414910977111e-05    -9.34806047984575e-08   -0.0006412579718154399        1.056166305157308     0.005669600525791694  -0.00015208188614462104    1.936558338424642e-07       -7.781336864097381     0.027525505904274147        0.869914417267587      0.23029255557275044      0.40860634831576326       0.5779778365967532       0.6277236083554465       299.09782257239164        5.925208102456388       305.02303067484803
                       22   2.3884149076975892e-05   -9.348060479648581e-08   -0.0006412579712063941        1.056166305013726     0.005669600525152523  -0.00015208188626362814   1.9365583371545893e-07       -7.781336861826854     0.027525505916110922       0.8699144169788329      0.23029255558924605       0.4086063482952008       0.5779778365963881       0.6277236084010918        299.0978225782196        5.925208101105299        305.0230306793249
                       23    2.388414911339457e-05   -9.348060482297677e-08   -0.0006412579705657694       1.0561663049036913     0.005669600525334582  -0.00015208188640170454   1.9365583365884933e-07      -7.7813368988289655     0.027525505927688237       0.8699144166362589       0.2302925555875058       0.4086063482970699       0.5779778365959094       0.6277236083304256        299.0978226064211        5.925208097704289        305.0230307041254
                       24    2.388414922336373e-05   -9.348060476725767e-08   -0.0006412579702656674       1.0561663048246688     0.005669600523536518  -0.00015208188649052238   1.9365583336420085e-07       -7.781336893150413      0.02752550590239765       0.8699144162416854      0.23029255556058797      0.40860634822300324       0.5779778365951078       0.6277236079344037        299.0978225539345        5.925208095343653       305.02303064927816
                       25     2.38841492458844e-05   -9.348060481745496e-08   -0.0006412579712611229       1.0561663051476575     0.005669600524803788  -0.00015208188663987695    1.936558334247706e-07       -7.781336871559216     0.027525505899320825       0.8699144169248751      0.23029255560698314      0.40860634828569453       0.5779778365964998       0.6277236084657956        299.0978226076234        5.925208100970894        305.0230307085943
                       26   2.5234164878056828e-05   -8.128922238927415e-08   -0.0007597407033776513        1.021980813826226     0.005067244687634008  -0.00023545123449246418     7.97065131571674e-08      -2.4367103007523565     0.015913109101525484        0.782980393130426      0.23083556330368055        0.384903064848077       0.5777899617043855       0.5692345621502977        288.8930531858199        6.172943476818076         295.065996662638
                       27   2.5234164852272278e-05   -8.128922242837764e-08   -0.0007597407025922865       1.0219808139666808     0.005067244689841244  -0.00023545123408177262    7.970651364036721e-08       -2.436710322119821      0.01591310915672223       0.7829803936721449      0.23083556329625823      0.38490306494669524       0.5777899617055138       0.5692345624190596       288.89305314365896        6.172943473831145        295.0659966174901
                       28   2.5234164878661216e-05   -8.128922239765406e-08   -0.0007597407032116227       1.0219808138967434     0.005067244687876403  -0.00023545123445982855     7.97065132020091e-08       -2.436710310231353     0.015913109107843958        0.782980393476159      0.23083556329894583      0.38490306487002607       0.5777899617050569       0.5692345622578374       288.89305316913317        6.172943476238361        295.0659966453715
                       29   2.5234164892784793e-05   -8.128922236068404e-08   -0.0007597407030640758       1.0219808137806634     0.005067244685533022  -0.00023545123480899437    7.970651274008375e-08       -2.436710300019406     0.015913109078544117       0.7829803932339707      0.23083556330440363      0.38490306479266906         0.57778996170481       0.5692345621925732       288.89305316239745       6.1729434774808745       295.06599663987834
                       30    2.523416505467065e-05     -8.1289222314763e-08   -0.0007597407021442855       1.0219808139532538     0.005067244682995126  -0.00023545123506127025     7.97065121960356e-08       -2.436710314474275     0.015913109051527444       0.7829803934442159      0.23083556330671004       0.3849030647202334       0.5777899617060817       0.5692345625399344       288.89305311751417        6.172943477301513       295.06599659481566
                       31   2.5234164872074526e-05   -8.128922240502939e-08   -0.0007597407030922963       1.0219808139657847     0.005067244687546308  -0.00023545123462840662    7.970651297583201e-08      -2.4367103056561024     0.015913109096883062       0.7829803931584534      0.23083556330119337       0.3849030648285922       0.5777899617047297       0.5692345622126442       288.89305317831804        6.172943476507495       295.06599665482554
                       32    3.802333762890087e-05   -7.081505325288348e-08   -0.0005362935687383309       1.0328810464793152     0.004194234632238429   -0.0003692510698542792  -1.0944617212738816e-07       -4.326530438158712    0.0071142897052049285       0.8646867555920439      0.23061645150231852      0.36177906262701887       0.5781080437580648       0.6210281133248952       282.54331387158805         6.61704599382224       289.16035986541027
                       33    3.162875125347885e-05   -7.605213782107892e-08   -0.0006480171360579903       1.0274309301527706     0.004630739659936219  -0.00030235115217337163   -1.486982948511038e-08      -3.3816203694555345     0.011513699403365205       0.8238335743612348      0.23072600740299953      0.37334106373754794       0.5779490027312252       0.5951313377375964       283.68143368331664        6.310938531835883        289.9923722151525
                       34   3.4826044441189805e-05   -7.343359553698141e-08   -0.0005921553523981597        1.030155988316043     0.004412487146087324  -0.00033580111101382546   -6.215800080624926e-08       -3.854075403807123     0.009313994554285067       0.8442601649766392      0.23067122945265903       0.3675600631822834        0.578028523244645       0.6080797255312458       282.51768283728177        6.442978211957993        288.9606610492398
                       35   3.4826044504266085e-05   -7.343359545959288e-08   -0.0005921553507347334       1.0301559885720226      0.00441248714298067   -0.0003358011112309513   -6.215800143416214e-08      -3.8540754137514566     0.009313994526604684       0.8442601654724429      0.23067122945236268       0.3675600630638073       0.5780285232464338       0.6080797257635542       282.51768278378484        6.442978213473613       288.96066099725846
                       36   3.4826044500988975e-05   -7.343359544764612e-08   -0.0005921553513646618       1.0301559887441072    0.0044124871423215665   -0.0003358011114851943   -6.215800176288082e-08      -3.8540754045262733     0.009313994483757386       0.8442601657123423       0.2306712294514634       0.3675600630095014       0.5780285232467646        0.608079725760299       282.51768279720613        6.442978217009505       288.96066101421565
                       37    3.482604441645986e-05   -7.343359552824385e-08   -0.0005921553521584903        1.030155988683731     0.004412487146149956  -0.00033580111119078633   -6.215800114755181e-08       -3.854075398382849     0.009313994528246616       0.8442601651484603      0.23067122945558266       0.3675600631118486       0.5780285232453389       0.6080797256491683        282.5176828174304        6.442978213661472        288.9606610310919
                       38     3.48260444346493e-05    -7.34335955348704e-08   -0.0005921553497926311       1.0301559900739647    0.0044124871481565344   -0.0003358011116033987   -6.215800217004179e-08      -3.8540754265030146     0.009313994478250752       0.8442601654418331      0.23067122944319043       0.3675600629060364       0.5780285232477314       0.6080797258384614       282.51768275839316       6.4429782124824655        288.9606609708756
                       39    3.482604442258278e-05   -7.343359549277011e-08   -0.0005921553507149974       1.0301559894219796     0.004412487143150255  -0.00033580111185324015   -6.215800242252178e-08       -3.854075402435217     0.009313994459476744       0.8442601652660442       0.2306712294330675        0.367560062898665       0.5780285232470852       0.6080797257070438        282.5176827867902        6.442978216165832       288.96066100295604
                       40    3.482604435114519e-05   -7.343359547066593e-08   -0.0005921553499851732       1.0301559904814157     0.004412487145361978  -0.00033580111134203064    -6.21580025612776e-08      -3.8540754021630717     0.009313994423238327       0.8442601648914245      0.23067122945327803       0.3675600627566492       0.5780285232475282       0.6080797253911729        282.5176827458876        6.442978214319851       288.96066096020746
                       41    3.482604450978115e-05   -7.343359542855061e-08   -0.0005921553485567655       1.0301559906355982     0.004412487139864203   -0.0003358011123420324   -6.215800391978297e-08       -3.854075409321251     0.009313994371878522       0.8442601650987691      0.23067122949730307       0.3675600626325619       0.5780285232494801       0.6080797258244983        282.5176827344619        6.442978217895551       288.96066095235744
                       42   1.5927779205589075e-05   -4.664397644011109e-08    0.0004709219557759948       1.8539091644209735     0.003746960340292603   -0.0006482628629338385   -8.894911994130761e-07       -4.019088099017093    -0.045412744029963634        0.989816199229214      0.23041505244449392      0.19682700659408114       0.5794975679231317       0.6889392200879998       265.19815849043385       12.923441050825339        278.1215995412592
                       43   2.5376911823389467e-05   -6.003878598854636e-08   -6.061669831108375e-05       1.4420325763685078     0.004079723743189963    -0.000492031986973832   -4.758246001096627e-07      -3.9365817514121075    -0.018049374737839272       0.9170381821029268      0.23054314094857647       0.2821935348881823       0.5787630455838884       0.6485094728096223       267.18158422119564        8.513617936067824       275.69520215726345
                       44   2.0652345514489298e-05   -5.334138121432883e-08   0.00020515262873245597       1.6479708703947407    0.0039133420417412825   -0.0005701474249538352   -6.826578997613694e-07         -3.9778349252146     -0.03173105938390146       0.9534271906660705       0.2304790966965352      0.23951027074113174         0.57913030675351       0.6687243464488111        263.8257497708592       10.426131569615622        274.2518813404748
                       45    2.065234542278298e-05   -5.334138101101043e-08   0.00020515263347005343       1.6479708751662907    0.0039133420292806875    -0.000570147427438518   -6.826579054914887e-07       -3.977834899862619      -0.0317310597967425       0.9534271920806152      0.23047909668718206      0.23951026964592737       0.5791303067627637        0.668724346854324       263.82574946406567       10.426131643236891       274.25188110730255
                       46    2.065234548799866e-05   -5.334138122619343e-08    0.0002051526309111264        1.647970871133431     0.003913342041469049    -0.000570147424811765   -6.826579000502371e-07       -3.977834968736883     -0.03173105938683876        0.953427190687375      0.23047909670324404      0.23951027068011432        0.579130306754902        0.668724346263164       263.82574973258176       10.426131565921107       274.25188129850284
                       47   2.0652345507138245e-05   -5.334138116134205e-08    0.0002051526316023877       1.6479708721625903    0.0039133420379586096   -0.0005701474254986922   -6.826579014222808e-07      -3.9778349429396895     -0.03173105948728923       0.9534271908363341       0.2304790966999149      0.23951027043449685       0.5791303067570095       0.6687243466439474       263.82574973076044        10.42613158516817        274.2518813159286
                       48    2.065234556037718e-05   -5.334138112586598e-08    0.0002051526313812304       1.6479708716944663     0.003913342034602912   -0.0005701474250704236   -6.826579007700602e-07      -3.9778349414502534    -0.031731059456569205       0.9534271909108976       0.2304790966884298      0.23951027058936308       0.5791303067568844       0.6687243466044261        263.8257497135495       10.426131581986066       274.25188129553555
                       49   2.0652345458057117e-05  -5.3341380966246855e-08   0.00020515263719143861        1.647970875862609     0.003913342026982809   -0.0005701474268496512   -6.826579050316495e-07      -3.9778349386311125    -0.031731059744702486       0.9534271919638055       0.2304790967026823      0.23951026980722073       0.5791303067653938       0.6687243469485704        263.8257496385613       10.426131630990389        274.2518812695517
                       50   2.0652345531548406e-05  -5.3341381207389936e-08   0.00020515262910367638       1.6479708703492473      0.00391334203961576    -0.000570147425170146   -6.826578997272873e-07      -3.9778349263634305     -0.03173105938754131        0.953427190681535      0.23047909671162498      0.23951027083924153       0.5791303067542429       0.6687243464625574       263.82574975630666       10.426131570325456       274.25188132663214
                       51   2.1339310226277142e-05   -2.111993027149839e-08    0.0015055665931596983        2.391948067286085     0.001511094996064966   -0.0007840206943609995  -1.3563121855230518e-06      -10.865758153328507     -0.07683173089616079       1.0889567969336524      0.23150784595097673      0.12706261625529508       0.5808083955398382       0.7331461234329373        1237.056022680868        21.60980550827366       1258.6658281891416
                       52    2.099582787038322e-05  -3.7230655742913504e-08    0.0008553596109460776       2.0199594688404128     0.002712218518903124   -0.0006770840596574172  -1.0194850426422107e-06       -7.421796539271554     -0.05428139514003112       1.0211919937998617      0.23099347132375597      0.18328644349821344       0.5799693511466741       0.7009352349408733        278.8684372302021       15.035574107521322       293.90401133772343
                       53    2.082408669243626e-05   -4.528601847862138e-08    0.0005302561198392668       1.8339651696175767    0.0033127802803222034   -0.0006236157423056263     -8.5107147120179e-07       -5.699815732243077     -0.04300622726196629        0.987309592232966      0.23073628401014562       0.2113983571196726       0.5795498289500921       0.6848297906948426        259.3364770667244       12.485254230712643       271.82173129743705
                       54   2.0738216103462806e-05  -4.9313699846475104e-08   0.00036770437428586093       1.7409680200061586    0.0036130611610317434   -0.0005968815836297308   -7.668646854815798e-07       -4.838825328728839     -0.03736864332293387       0.9703683914495183       0.2306076903533404      0.22545431393040216        0.579340067851801       0.6767770685718268        260.8626252766795       11.394293248200173        272.2569185248797
                       55   2.0781151397949532e-05  -4.7299859162548135e-08   0.00044898024706256385       1.7874665948118678    0.0034629207206769734   -0.0006102486629676786   -8.089680783416849e-07       -5.269320530485958     -0.04018743529245007       0.9788389918412421        0.230671987181743      0.21842633552503737       0.5794449484009465       0.6808034296333352        259.7731222414986       11.924423826465421         271.697546067964
                       56   2.0802619045192896e-05   -4.629293882058486e-08    0.0004896181834509149       1.8107158822147225    0.0033878505004995884   -0.0006169322026366524   -8.300197747717375e-07       -5.484568131364517     -0.04159683127720819       0.9830742920371043      0.23070413559594427      0.21491234632235495       0.5794973886755193        0.682816610164088        259.4473130846324       12.201001550341287        271.6483146349737
                       57    2.080261906374316e-05  -4.6292938830812786e-08    0.0004896181860685866        1.810715882567994    0.0033878505004856585    -0.000616932201931743   -8.300197740498995e-07       -5.484568200751759     -0.04159683122333813       0.9830742919919713      0.23070413560514552       0.2149123465618526       0.5794973886769391       0.6828166098619795        259.4473130352609       12.201001533754603        271.6483145690155
                       58    2.080261902901199e-05   -4.629293887434435e-08    0.0004896181812713936       1.8107158811975126     0.003387850504848287   -0.0006169322025614344   -8.300197738770759e-07       -5.484568124988013    -0.041596831231602946       0.9830742919483484       0.2307041355886385      0.21491234659443043       0.5794973886734153       0.6828166100574107         259.447313069257       12.201001540255287        271.6483146095123
                       59   2.0802619014250362e-05     -4.6292938764146e-08    0.0004896181871982081       1.8107158842525348    0.0033878504964683816   -0.0006169322034005204   -8.300197764115957e-07       -5.484568161627091     -0.04159683138768762       0.9830742923642894      0.23070413559973013       0.2149123462463428       0.5794973886804122       0.6828166103357525        259.4473130436978        12.20100156955349       271.64831461325133
                       60   2.0802618974038388e-05   -4.629293882203583e-08    0.0004896181850581379        1.810715883253084    0.0033878505017857982    -0.000616932203395585   -8.300197755055715e-07      -5.4845681460472235     -0.04159683133452109       0.9830742921617874      0.23070413559715724      0.21491234654009306       0.5794973886782671       0.6828166103183992        259.4473130450434       12.201001557718476        271.6483146027619
                       61   2.0802619009477487e-05  -4.6292938738730775e-08    0.0004896181858034098       1.8107158838476134    0.0033878504992182912   -0.0006169322031036463   -8.300197758609141e-07       -5.484568139445439     -0.04159683137975319       0.9830742922864399      0.23070413559066538       0.2149123463100157       0.5794973886792822       0.6828166103156459        259.4473130491035       12.201001567625271        271.6483146167288
                       62    2.080261900206767e-05   -4.629293880721127e-08    0.0004896181838317439       1.8107158823688891    0.0033878505003686514   -0.0006169322027061737   -8.300197747260018e-07       -5.484568133977751    -0.041596831286833585       0.9830742919432895       0.2307041355909793      0.21491234642650214       0.5794973886761047       0.6828166101059194       259.44731307755904       12.201001550045982       271.64831462760503
                       63    2.080261903691241e-05  -4.6292938802757996e-08    0.0004896181839420082       1.8107158825109575     0.003387850500361179   -0.0006169322029013355   -8.300197747454809e-07       -5.484568132396964    -0.041596831297200154       0.9830742917528537       0.2307041355936023       0.2149123465246841       0.5794973886764088        0.682816610020553        259.4473130726064        12.20100154971933        271.6483146223257
                       64    7.981227383284324e-06  -3.7161589786453935e-08    0.0009727198440104522        2.074885252667978      0.00332906719297618   -0.0007507490432082863   -9.227914901179788e-07       -9.872068602421317     -0.05590267052917865       0.9365630272596215      0.22969360960944762      0.29236233365023295       0.5802242631612209       0.6556171283516106       253.09267347508472       13.590162452270599        266.6828359273553
                       65    7.981227269420545e-06  -3.7161589695708966e-08    0.0009727198471643503       2.0748852547319703    0.0033290671899163134   -0.0007507490443706757    -9.22791491287536e-07        -9.87206863183729    -0.055902670682513755        0.936563027089083        0.229693609619036       0.2923623339845045       0.5802242631669784       0.6556171281999479       253.09267341399942       13.590162478091157       266.68283589209057
                       66    7.981227251897805e-06    -3.71615897605919e-08    0.0009727198464161042       2.0748852535374303     0.003329067195566934   -0.0007507490435788937   -9.227914895877892e-07       -9.872068650089814    -0.055902670560830925       0.9365630266606044      0.22969360964127278      0.29236233421457525       0.5802242631646495       0.6556171279650238       253.09267344867803       13.590162447149549       266.68283589582757
                       67    7.981227337505324e-06  -3.7161589735402624e-08    0.0009727198459875538       2.0748852539734584    0.0033290671921587904   -0.0007507490440144739    -9.22791491014415e-07        -9.87206860696034     -0.05590267061964953       0.9365630271979948      0.22969360961622667       0.2923623337096595       0.5802242631646072       0.6556171283257752       253.09267345279792       13.590162468442713       266.68283592124067
                       68    7.981227387231254e-06   -3.716158979078905e-08    0.0009727198439433444       2.0748852525753643    0.0033290671931931054   -0.0007507490432787163   -9.227914901155768e-07       -9.872068601945395       -0.055902670528565       0.9365630272191474      0.22969360961169616       0.2923623335535831       0.5802242631612137       0.6556171283245433       253.09267347336518       13.590162452023273        266.6828359253885
                       69    7.981227377219379e-06  -3.7161589772218064e-08    0.0009727198444583673        2.074885252853913    0.0033290671931047976   -0.0007507490433616023   -9.227914901848608e-07       -9.872068605553027     -0.05590267054513097       0.9365630272162415      0.22969360960638258       0.2923623336370297       0.5802242631620684       0.6556171283109302        253.0926734720324       13.590162454481955        266.6828359265144
                       70    3.124607300405974e-06   -3.408049898164046e-08    0.0011237740290756422       2.1494368967984956     0.003368027984453603   -0.0008056655990501351   -9.510150053422295e-07      -11.291223437992686     -0.06115661289927357       0.9152235424663628      0.23068453158935032      0.29893405613396057       0.5804830629934085       0.6414256611236242        251.7369044441892       14.297125176345785       266.03402962053497
                       71   3.1246072871266115e-06    -3.40804989767408e-08    0.0011237740293019499       2.1494368968330297    0.0033680279843129376   -0.0008056655992031253   -9.510150054064527e-07      -11.291223441696612    -0.061156612911218655       0.9152235424279558      0.23068453158780666      0.29893405616494473       0.5804830629940083       0.6414256610997162        251.7369044403426        14.29712517817448        266.0340296185171
                       72   3.1246072861624034e-06   -3.408049897215115e-08    0.0011237740295594626        2.149436896968475    0.0033680279845704616   -0.0008056655992700993   -9.510150054134315e-07       -11.29122344236001     -0.06115661291520995       0.9152235424057522       0.2306845315904199      0.29893405617414104       0.5804830629943967       0.6414256610971787       251.73690444149557       14.297125178590324        266.0340296200859
                       73    3.124607300261802e-06  -3.4080498974563715e-08    0.0011237740292647062        2.149436896794027    0.0033680279845007223   -0.0008056655991548353   -9.510150053195777e-07      -11.291223439663414     -0.06115661290509457       0.9152235424762245      0.23068453158795346      0.29893405615142166       0.5804830629940193       0.6414256611214375       251.73690444290526        14.29712517723048       266.03402962013575
                       74    3.124607310011978e-06  -3.4080498977613245e-08    0.0011237740291121416       2.1494368966181643    0.0033680279844005845   -0.0008056655991649742   -9.510150052634768e-07      -11.291223438000616    -0.061156612899282245       0.9152235424954245       0.2306845315880291      0.29893405609808343       0.5804830629940727        0.641425661164746       251.73690444336404       14.297125176505396       266.03402961986944
                       75   3.1246073098245466e-06   -3.408049897838913e-08     0.001123774029148845         2.14943689666972      0.00336802798438125   -0.0008056655991763413   -9.510150052906526e-07       -11.29122343815985     -0.06115661290117083       0.9152235425212436       0.2306845315915269       0.2989340560904575       0.5804830629941556       0.6414256611370188        251.7369044430138       14.297125176986267       266.03402962000007
                       76    3.124607302414811e-06   -3.408049897657351e-08    0.0011237740292057864        2.149436896834702      0.00336802798445083   -0.0008056655991082061   -9.510150053287178e-07      -11.291223438862335     -0.06115661290457566       0.9152235424594664      0.23068453159036836       0.2989340561164347       0.5804830629939635       0.6414256611246634        251.7369044431352       14.297125177277769         266.034029620413
                       77   3.5784876548045704e-06   -3.185606646453737e-08    0.0011923248826795725        2.139230638878976    0.0033693391837843244   -0.0008534953563110109   -9.434724709951374e-07      -11.848051832482168      -0.0633528423546957       0.9179356305782944      0.23071001251902523      0.29685074853226023       0.5807523795099135       0.6432817901428072        251.2675762477516       14.671956417648527        265.9395326654001
                       78    3.549705189536122e-06  -3.1856068520074364e-08    0.0011923232968470057       2.1392306389972844    0.0033693391830578127   -0.0008534953572216458   -9.434724711750655e-07      -11.848051720099795      -0.0633528425944885       0.9179356307557835       0.2307100124383744       0.2968507485380549       0.5807523795160668       0.6432817909855775        251.2675466218417       14.671913795553612        265.9394604173953
                       79   3.5784954414982235e-06   -3.185606837128964e-08    0.0011923247279394845        2.139230639071467    0.0033693391832850146   -0.0008534953571296194   -9.434724711326327e-07      -11.848051709281346     -0.06335284256638869       0.9179356307502957       0.2307100124369459       0.2968507485388343       0.5807523795160728       0.6432817911384721        251.2675760261341        14.67195660552899        265.9395326316631
                       80   3.5192041157138107e-06  -3.1857185180198294e-08    0.0011922309476236053       2.1392307516178253     0.003369338890415345   -0.0008534958366614967   -9.434725517356697e-07      -11.847979594312156     -0.06335296658334603       0.9179357314760794      0.23070996437941255       0.2968507523864965       0.5807523831225793       0.6432823738010143        251.2674476840816       14.671971679408317        265.9394193634899
aborted minimisation     
Minimisation aborted as it proceeded too slow                
 restart
                       81   3.5192041157138107e-06  -3.1857185180198294e-08    0.0011922309476236053       2.1392307516178253     0.003369338890415345   -0.0008534958366614967   -9.434725517356697e-07      -11.847979594312156     -0.06335296658334603       0.9179357314760794      0.23070996437941255       0.2968507523864965       0.5807523831225793       0.6432823738010143        251.2674476840816       14.671971679408317        265.9394193634899
                       82   3.5178396750119885e-06  -3.1857214346315006e-08      0.00119225852403906       2.1392307548361904     0.003369338885141129   -0.0008534958489778374   -9.434725534255532e-07      -11.847977508608398     -0.06335296937563371       0.9179357341310439      0.23070996319581244      0.29685075248428305       0.5807523832157234        0.643282392601245       251.26746537171505        14.67194879202308       265.93941416373815
                       83   3.5197310298080764e-06  -3.1857215808973405e-08    0.0011922309183605114        2.139230754789246      0.00336933888251594   -0.0008534958497519873   -9.434725538371184e-07      -11.847977567524554     -0.06335297024928985       0.9179357343014627      0.23070996304749775       0.2968507524932851         0.58075238322303       0.6432823902375722       251.26744541730133       14.671973443407403        265.9394188607087
                       84    3.519945694327657e-06   -3.186478128579686e-08    0.0011922149637492402       2.1392315377787883    0.0033693369302064645   -0.0008534990832768941   -9.434730730090516e-07      -11.847477016764596     -0.06335387592759664       0.9179364322098391      0.23070963406761613      0.29685077886642863       0.5807524080344143       0.6432864489826171       251.26707867222248       14.672217768738333        265.9392964409608
                       85    3.519205203419014e-06   -3.185718381510856e-08    0.0011922308884349253        2.139230758969286     0.003369338881115928   -0.0008534958304251663    -9.43472541769932e-07      -11.847975483312386     -0.06335297409456349       0.9179357394730945      0.23070996187813725       0.2968507525679689       0.5807523833316358        0.643282393438871        251.2674453688749       14.671973415765807        265.9394187846407
                       86   2.8623631664822268e-06  -3.1849457868335614e-08    0.0011918739010231437       2.1392724082106134    0.0033692861810769043   -0.0008534605034753153   -9.434160740758045e-07      -11.824682414669711     -0.06339553541623656       0.9179810624558506      0.23069579227819714       0.2968517808413152       0.5807535679364382       0.6433934986197531       251.26626885130455        14.68082163964842         265.947090490953
                       87     3.50702420550847e-06    -3.19461191690345e-08    0.0011889016752171535         2.13962970939303    0.0033688138904225543   -0.0008532397988402045   -9.429651335420406e-07      -11.623553049003243     -0.06376282630908374       0.9183664722474219      0.23057290002865993       0.2968607496748823       0.5807637822597582       0.6443896774783671       251.15546239833657        14.76756426058419        265.9230266589208
                       88   3.5070242048460387e-06  -3.1946119174294574e-08     0.001188901675036352       2.1396297093906624    0.0033688138903811074     -0.00085323979884354   -9.429651334774866e-07      -11.623553036686115     -0.06376282633183056       0.9183664725659633      0.23057290003080388       0.2968607497210979       0.5807637823484524       0.6443896774600688       251.15546238927294       14.767564267012322        265.9230266562853
                       89   3.5070242057972487e-06  -3.1946119172147133e-08     0.001188901675149293       2.1396297093415684     0.003368813890377611   -0.0008532397988807793   -9.429651335219401e-07      -11.623553044413374      -0.0637628263180724       0.9183664722301046       0.2305729000380857       0.2968607495871768       0.5807637823899545       0.6443896774848801        251.1554623947094       14.767564262709438        265.9230266574188
                       90   3.5070242098929956e-06  -3.1946119170038657e-08    0.0011889016751907616       2.1396297092391454     0.003368813890331608   -0.0008532397989074983   -9.429651334544686e-07      -11.623553048094646     -0.06376282631309216       0.9183664721853086      0.23057290002673247      0.29686074960081066       0.5807637825509022       0.6443896774307785       251.15546239528402       14.767564261128138       265.92302665641216
                       91    3.507024238676708e-06   -3.194611916770656e-08     0.001188901675349149       2.1396297088811354     0.003368813890465322   -0.0008532397990822518   -9.429651326089663e-07       -11.62355305040072        -0.06376282630629       0.9183664719507603      0.23057290002448408      0.29686074965787046       0.5807637837357025       0.6443896773507536       251.15546238935994       14.767564257535334       265.92302664689527
aborted minimisation     
Minimisation aborted as it proceeded too slow               
 finished