                   sim_nr                 advtheta                     advq                   advCO2               deltatheta               gammatheta                   deltaq                   gammaq                 deltaCO2                 gammaCO2                  sca_sto                    alpha                    FracH                       wg                      R10                     data               background                    Costf
                        1     0.000830882912028891    8.230543443585258e-09    -0.005517086193230531        3.848597203951475     0.006095247049120482   -0.0036548350605711626  -4.5978439011283816e-06      -34.828803261975914    -0.024059067739430357       1.4106326559993954       0.2796687010422669       0.8950078088830402       0.4522520290901703        0.812441096446743        62773.14500623873                      0.0        62773.14500623873
                        2    0.0008308594691812591    8.230542761651413e-09    -0.005517072607277838       3.8485972040182053    0.0060952470491692536   -0.0036548350606494797   -4.597843901130081e-06      -34.828803207095675    -0.024059067709165532       1.4106326559186304      0.27966870105744857       0.8950078088815091      0.45225202909041834       0.8124411008778649        62772.32006483322   1.7912293453027348e-09        62772.32006483501
                        3    0.0008308827409748254    8.230542976471462e-09    -0.005517067595290293        3.848597204086682     0.006095247049262916   -0.0036548350606070415   -4.597843901121915e-06       -34.82880316338516    -0.024059067662215758        1.410632655901557      0.27966870105363295       0.8950078088813771      0.45225202909044565       0.8124411010292079       62772.858440182325   2.0017939890822608e-11        62772.85844018235
                        4    0.0008308829117467958    8.230543447336442e-09    -0.005517086190978671       3.8485972039498644     0.006095247049176741   -0.0036548350606414267   -4.597843901131142e-06       -34.82880323571535     -0.02405906769973283       1.4106326560031304       0.2796687010304977       0.8950078088819611      0.45225202909014856       0.8124410947427902        62773.14499149707    3.568062767392124e-17        62773.14499149707
                        5    0.0004944481267339977     9.97923958286548e-09   -0.0029322888892924486       3.8478396582239043     0.006122094621831111   -0.0036883560662705137    -4.59915985034055e-06       -22.29408221357566    -0.005116439079440899       1.4124063087017606      0.27405553309597264       0.8944929161691098       0.4522416760299479                      0.0        31902.68543284845         8.73923089078297       31911.424663739235
                        6    0.0004944481157451916    9.979239377173481e-09      -0.0029322887842936        3.847839658186329     0.006122094621795038   -0.0036883560663513912   -4.599159850351802e-06       -22.29408215901035    -0.005116439043497869       1.4124063085955598      0.27405553309447866       0.8944929161678623        0.452241676030005                      0.0       31902.684017595227        8.739230949701197        31911.42324854493
                        7    0.0004944481239410315    9.979239667321652e-09   -0.0029322888940437027       3.8478396582114924     0.006122094621800817    -0.003688356066254963    -4.59915985034481e-06      -22.294082204107408    -0.005116439057596459       1.4124063086675323      0.27405553308749325       0.8944929161681008       0.4522416760299424                      0.0       31902.685411895967        8.739230896764568       31911.424642792732
                        8  -0.00013653643738678123    7.152887217530765e-09    0.0010310704680195348       3.8454940343433415     0.006118635309157077      -0.0036906276336036    -4.59989788384256e-06      -19.450042200471763   -0.0022174838915447748       1.4058327305363865      0.27343753446857344       0.8943758208970349       0.4522436409252378                      0.0       3636.0239908603776       13.749232778605819       3649.7732236389834
                        9  -0.00013653643538374634   7.1528873512944195e-09    0.0010310704657970297        3.845494034354457    0.0061186353091788725   -0.0036906276335376405   -4.599897883826786e-06      -19.450042202723917   -0.0022174838960400955       1.4058327305048584      0.27343753446211955       0.8943758208963963      0.45224364092524366                      0.0       3636.0239821655514       13.749232764054323       3649.7732149296057
                       10  -0.00013653643742798731   7.1528873258690315e-09    0.0010310704682998393       3.8454940343480466     0.006118635309167226   -0.0036906276335523735   -4.599897883831527e-06      -19.450042199939837    -0.002217483891685551       1.4058327304951088       0.2734375344609473       0.8943758208961272      0.45224364092524677                      0.0       3636.0239901918135       13.749232779109139       3649.7732229709227
                       11  -0.00013653643794468576    7.152887658570444e-09    0.0010310704645734806       3.8454940343618884     0.006118635309197278     -0.00369062763339318   -4.599897883797519e-06       -19.45004220161447    -0.002217483897655609       1.4058327303230116      0.27343753442976254       0.8943758208924838       0.4522436409252693                      0.0        3636.023988006402       13.749232779225366        3649.773220785627
                       12  -0.00013653643739190333    7.152887220120356e-09    0.0010310704679930352        3.845494034341833     0.006118635309151856   -0.0036906276336016795   -4.599897883843193e-06       -19.45004220007678    -0.002217483892776987       1.4058327304682832       0.2734375344576182        0.894375820895871      0.45224364092522745                      0.0       3636.0239905505414       13.749232778601623        3649.773223329143
                       13  -0.00013653643743616263    7.152887222858178e-09    0.0010310704681182423       3.8454940343402475     0.006118635309154571   -0.0036906276335933125   -4.599897883837136e-06        -19.4500421998995   -0.0022174838942196594        1.405832730426376      0.27343753446674113       0.8943758208955229      0.45224364092521935                      0.0        3636.023990788159       13.749232778907146       3649.7732235670665
                       14   -0.0002444879534961623   1.3602037361622997e-07    0.0009036314812318931        3.833404717400317     0.006086914072898146     -0.00360933147467471   -4.583362398799375e-06       -15.40090413816923    -0.016750801954643176       0.6731565297171809      0.18579618976612833       0.8823908475375182       0.4521431180590749                      0.0       1959.6962263564437       23.757165848143178       1983.4533922045869
                       15  -0.00024448795145435415   1.3602037437496778e-07    0.0009036314726897339       3.8334047173470998     0.006086914072744992    -0.003609331474236278   -4.583362398710943e-06      -15.400904123877213     -0.01675080204393975       0.6731565242231456      0.18579618974341808       0.8823908474752373      0.45214311805854696   1.3436265433597328e-09       1959.6961952494282         23.7571659335156       1983.4533611829438
                       16  -0.00024448795325373966    1.360203733600061e-07    0.0009036314822505808       3.8334047174091057       0.0060869140729092    -0.003609331474740094   -4.583362398820776e-06      -15.400904139423405     -0.01675080194202586       0.6731565283950403      0.18579619036597084       0.8823908475458098      0.45214311805915686    1.360315415865898e-09       1959.6962094571552       23.757165842498324       1983.4533752996535
                       17   -0.0002444879549373441   1.3602037400949995e-07    0.0009036314786925884        3.833404717305464     0.006086914072639232   -0.0036093314741058604   -4.583362398692333e-06      -15.400904110099468    -0.016750802064589718       0.6731565231017997       0.1857961895010626       0.8823908474497544      0.45214311805835034   1.0183534016050544e-09       1959.6962186321955       23.757165999341723       1983.4533846315371
                       18  -0.00015563891288773832     1.70016376080034e-07    0.0004409748826153786       3.8285339059363777    0.0060722770486052605   -0.0035745205361947165  -4.5771303521190655e-06      -13.943864485824292    -0.023728524407800027      0.10000000000000009      0.21959820542439562       0.8771854003658273      0.45210034483972616       0.1968816509799165       1224.4409700009107        38.04139024033283       1262.4823602412437
                       19   -0.0002000634331919503   1.5301837484813177e-07    0.0006723031819236367       3.8309693116683476     0.006079595560751704   -0.0035919260054347135   -4.580246375459221e-06      -14.672384311996762      -0.0202396631812216       0.3865782648585907        0.202697197595262       0.8797881239516727      0.45212173144940054      0.09844082548995914         826.163897948873        29.42405813694947        855.5879560858225
                       20   -0.0001778511730398443   1.6151737546408288e-07    0.0005566390322695076       3.8297516088023627     0.006075936304678483    -0.003583223270814715  -4.5786883637891435e-06      -14.308124398910527    -0.021984093794510814       0.2432891324292954       0.2111477015098288         0.87848676215875       0.4521110381445633      0.14766123823493693        726.8822207888127        33.36391921181903        760.2461400006317
                       21  -0.00017782503148369776   1.6151737824317744e-07    0.0005566266157234507        3.829751608915604     0.006075936304942282   -0.0035832232691209074   -4.578688363294924e-06      -14.308124489139951    -0.021984094029974748       0.2432891345019259       0.2111477017282821       0.8784867621682408        0.452111038147014      0.14766123906301587        726.8615910709481        33.36373955261439        760.2253306235625
                       22   -0.0001778514077124243    1.615173786342136e-07    0.0005566245765841757        3.829751608878745     0.006075936304893885    -0.003583223268860171   -4.578688363215372e-06      -14.308124503778657     -0.02198409406764551      0.24328913501833993      0.21114770177922437        0.878486762169543      0.45211103814764314      0.14766123932875974        726.8779379158262        33.36391050975528        760.2418484255816
                       23  -0.00017785117320858173   1.6151737803932498e-07     0.000556639031356089       3.8297516089008483     0.006075936305067834   -0.0035832232691833904   -4.578688363279783e-06      -14.308124396137758    -0.021984093805771873       0.2432891345085686      0.21114770174065872       0.8784867621676444       0.4521110381472564      0.14766124087405252        726.8822077275591       33.363919095205766         760.246126822765
                       24  -0.00017785101689673957   1.6151737476266443e-07    0.0005566390315654007       3.8297516088131824     0.006075936304466557    -0.003583223270769691   -4.578688364025183e-06      -14.308124394553523    -0.021984093808103827       0.2432891347345194       0.2111477018213262       0.8784867621716579      0.45211103814757103      0.14766124181091644        726.8821134007406       33.363918046995956        760.2460314477366
                       25   -0.0001645326036426877    1.928026181659247e-07   0.00042860615972381295       3.8309479692659654     0.006080663564756208   -0.0035634024586959964   -4.572501485071086e-06      -14.275282487565821    -0.022123104014969537       0.2685678233660318      0.21395422453178697       0.8785949146013503       0.4521437770840274       0.1797327089120282        624.8353978455178       31.791287373163268        656.6266852186811
                       26  -0.00016453260361306058   1.9280261775693505e-07    0.0004286061592679727        3.830947969218231     0.006080663564345549   -0.0035634024594506527  -4.5725014855538385e-06      -14.275282486091756    -0.022123104020084525         0.26856782494125       0.2139542248021575       0.8785949146094949       0.4521437770856464      0.17973271067719487        624.8353927032935       31.791287286264136        656.6266799895576
                       27  -0.00016453260333840485    1.928026179267675e-07    0.0004286061586169518       3.8309479692722843     0.006080663564419852   -0.0035634024590629376   -4.572501485364907e-06      -14.275282499191636     -0.02212310404941389        0.268567823741388      0.21395422451301727       0.8785949145993424       0.4521437770844012      0.17973270896473093        624.8353970919263       31.791287355012656         656.626684446939
                       28   -0.0001519096522037916    1.548009645162313e-07    0.0003573483514053401        3.827690112755944     0.006039197127745744   -0.0036309648925387855   -4.617753497397036e-06       -14.56784367770331    -0.023680227080307942       0.3961590724428068      0.23299241597998593       0.8791188023320026      0.45227449932680375      0.31005495856510645        410.7543073115574       25.336064572743098        436.0903718843005
                       29   -0.0001519096517809172   1.5480096440059374e-07   0.00035734835154067716        3.827690112784053    0.0060391971274774406    -0.003630964892730015   -4.617753497702266e-06      -14.567843667343395    -0.023680227063701702       0.3961590737403373      0.23299241601990384       0.8791188023305422        0.452274499328196      0.31005496015458966       410.75430630194893        25.33606451048176        436.0903708124307
                       30   -0.0001519096519896541   1.5480096429792254e-07   0.00035734835096460325       3.8276901127151004     0.006039197127218905    -0.003630964892792225   -4.617753497768941e-06      -14.567843680460236    -0.023680227094159144      0.39615907375100834      0.23299241592305858       0.8791188023234943       0.4522744993278867      0.31005495868356725       410.75430668257206       25.336064527434925         436.090371210007
                       31   -0.0001519096522577029    1.548009645204218e-07   0.00035734835124817763       3.8276901127071317     0.006039197127433233   -0.0036309648924356215   -4.617753497501595e-06      -14.567843679032938    -0.023680227087742922       0.3961590726508111       0.2329924159168109       0.8791188023194987       0.4522744993270563       0.3100549591079558       410.75430716845455       25.336064560679915       436.09037172913446
                       32   -0.0001286679929484465   1.4221932673582165e-07    0.0003391525075055529       3.8248239317856583     0.005991741658069934     -0.00364272571809556   -4.650029781143508e-06      -14.282058307795007    -0.023844578753307366        0.510840341009728       0.2292947283403827       0.8780727717254126       0.4523878107767453       0.4137201879543726       371.52900081531163        20.67184815826947        392.2008489735811
                       33  -0.00012866799291544307   1.4221932667353403e-07    0.0003391525077674302       3.8248239317271384     0.005991741657554721   -0.0036427257179858035    -4.65002978137332e-06      -14.282058304756928    -0.023844578752089285       0.5108403419024414       0.2292947283534182       0.8780727717041852      0.45238781077736373      0.41372018824844137       371.52900068681976       20.671848129973796       392.20084881679355
                       34  -0.00012866799293253118    1.422193267200031e-07   0.00033915250714966656        3.824823931729926     0.005991741657661805   -0.0036427257180396983   -4.650029781311839e-06      -14.282058309456747     -0.02384457876151885       0.5108403413528353      0.22929472830687347       0.8780727717082453       0.4523878107770261       0.4137201882974466       371.52900078903986       20.671848145243864        392.2008489342837
                       35  -0.00012685785998254923   1.3921528014259548e-07   0.00033953619827211106       3.8208166492870603     0.005958854457492377   -0.0036366208607272973   -4.664301579777814e-06      -14.206083478027848     -0.02403287356763169       0.5572692324139692      0.22885591210819517       0.8767075653411717       0.4524212267306444       0.4356841103036988        368.9213872784397        19.17804717079733       388.09943444923704
                       36  -0.00012688285601849647    1.392152812798251e-07    0.0003395494445924173       3.8208166484448483     0.005958854452178105   -0.0036366208577323584   -4.664301581286372e-06      -14.206083412524936    -0.024032873559934293       0.5572692320896779      0.22885591224448043        0.876707565014333      0.45242122672900675      0.43568411669315754        368.9204800068649        19.17821119895735       388.09869120582226
                       37  -0.00012685760474466414   1.3921528186560344e-07    0.0003395523596920148       3.8208166482876886     0.005958854450898122   -0.0036366208568199177   -4.664301581643756e-06      -14.206083399142383    -0.024032873565078307       0.5572692319842489      0.22885591227416166       0.8767075649307243      0.45242122672852947       0.4356841182280373        368.9211825603752       19.178056441458956        388.0992390018342
                       38  -0.00012685786031429265    1.392152816293797e-07     0.000339536199478796       3.8208166484464234    0.0059588544520357035   -0.0036366208576043015   -4.664301581292103e-06       -14.20608350602947    -0.024032873746659418       0.5572692321641466       0.2288559122322375       0.8767075650141505      0.45242122672883134       0.4356841145622692       368.92138685075105        19.17804714337893          388.09943399413
                       39  -0.00012685725406400786   1.3921528020538477e-07    0.0003395362163406343       3.8208166457145225     0.005958854434746208   -0.0036366208512073946   -4.664301586865079e-06      -14.206083591849062    -0.024032874277146322       0.5572692316353036      0.22885591253482815       0.8767075640395088      0.45242122672257784       0.4356841180492781       368.92140398349335       19.178043368770123        388.0994473522635
                       40  -0.00012781691876864504     1.41194915494027e-07    0.0003459639310293694        3.819697063451521     0.005951587104135225   -0.0036324618022663645   -4.666318423729694e-06      -14.243342980299156     -0.02427123957581741       0.5569364945129671      0.22902111298049582       0.8762720295843076       0.4524188120598652       0.4413558431825386        368.6112001217879       19.148454111058825        387.7596542328467
                       41   -0.0001278169188315267   1.4119491556139872e-07    0.0003459639314475236       3.8196970625894546     0.005951587097778758    -0.003632461801939065   -4.666318426045265e-06      -14.243342983644725    -0.024271239599971076       0.5569364944726083      0.22902111302530195       0.8762720291006373       0.4524188120570773       0.4413558434010847       368.61119980824583        19.14845411093677        387.7596539191826
                       42  -0.00012781691895781436   1.4119491621366724e-07   0.00034596393445687074        3.819697059292346     0.005951587065914151   -0.0036324617954517956  -4.6663184363684035e-06      -14.243342985624505     -0.02427123968105016       0.5569364970271182      0.22902111278116472       0.8762720262891619      0.45241881204448287       0.4413558438759715        368.6111982982312        19.14845404569415        387.7596523439254
                       43  -0.00012781691828642585   1.4119491595769303e-07   0.00034596393617665564        3.819697059708192     0.005951587050679612    -0.003632461792329426   -4.666318443338551e-06       -14.24334293320494     -0.02427123952663535       0.5569364958488277       0.2290211129138676       0.8762720245960027       0.4524188120357194       0.4413558437227545        368.6111973624745       19.148454079406715        387.7596514418812
                       44  -0.00012781691737995412   1.4119491632143948e-07    0.0003459639358239447       3.8196970598773796      0.00595158702432702    -0.003632461782360826   -4.666318451192113e-06       -14.24334295092117    -0.024271239629856178       0.5569364985068022      0.22902111346315585       0.8762720221721765        0.452418812026278      0.44135584314906584       368.61119605260734       19.148454001514075       387.75965005412144
                       45   -0.0001278169164255767   1.4119491685106504e-07   0.00034596393666368186        3.819697058514444     0.005951586982900751    -0.003632461774301329   -4.666318465907945e-06      -14.243342984914934    -0.024271239826392167       0.5569364959264891      0.22902111282479137       0.8762720190326834       0.4524188120105548       0.4413558462870686        368.6111941851282        19.14845404879942       387.75964823392763
aborted minimisation     
Minimisation aborted as it proceeded too slow                
 restart
                       46   -0.0001278169164255767   1.4119491685106504e-07   0.00034596393666368186        3.819697058514444     0.005951586982900751    -0.003632461774301329   -4.666318465907945e-06      -14.243342984914934    -0.024271239826392167       0.5569364959264891      0.22902111282479137       0.8762720190326834       0.4524188120105548       0.4413558462870686        368.6111941851282        19.14845404879942       387.75964823392763
                       47  -0.00012784130919817467   1.4119485623685116e-07    0.0003459642536501364       3.8196970439488123     0.005951586894726609    -0.003632461772171076   -4.666318501054811e-06      -14.243343396627829    -0.024271242213989623       0.5569364955462444      0.22902111358750482       0.8762720146032792       0.4524188119744047       0.4413557775581447         368.611001001379       19.148606299337956         387.759607300717
                       48   -0.0001278169003047119   1.4119483598266497e-07   0.00034596480723479543        3.819697039076288     0.005951586864943037   -0.0036324617713040653   -4.666318512935451e-06      -14.243343533008845     -0.02427124301723441       0.5569364953884659      0.22902111384107474       0.8762720131023205       0.4524188119621031      0.44135575429680696        368.6111743323825       19.148455203740852        387.7596295361234
                       49  -0.00012780994345797686   1.4117679522531502e-07    0.0003459130659978714       3.8196926954036363     0.005951560505669631   -0.0036324610869817925   -4.666329017606045e-06      -14.243467770191662    -0.024271959586409445       0.5569363780312251      0.22902134089491333       0.8762706878290114       0.4524188011360947       0.4413351744606624       368.60696392039125       19.148526141030118       387.75549006142137
                       50  -0.00012781696728211681   1.4119492069316858e-07    0.0003459640504124839        3.819697040762559     0.005951586870292612   -0.0036324617254193687   -4.666318500491181e-06      -14.243343576221756    -0.024271243294887144       0.5569364988851222      0.22902111426326452       0.8762720125693362       0.4524188119708983       0.4413558006752547        368.6111871989137       19.148454696769246       387.75964189568293
                       51    -0.000127614661437839   1.4129636695312337e-07    0.0003489893997544734        3.819228490179032    0.0059486146286905055   -0.0036311714865977012     -4.6672313067775e-06      -14.258950724906343     -0.02436279262886676       0.5570145868260987      0.22905908187563984       0.8761014149284201      0.45241776525290694      0.44015195614477065        368.4456572945802       19.156005643100386        387.6016629376806
                       52  -0.00012781709544157105    1.411949199141079e-07   0.00034596260165831345       3.8196969111040855     0.005951586048914274    -0.003632461385607999   -4.666318756296212e-06      -14.243347794374861    -0.024271268536001957       0.5569364892044177      0.22902112289338034       0.8762719657326118      0.45241881168154263      0.44135585733149885        368.6111466607039       19.148454019231256        387.7596006799352
                       53   -0.0001275225240611872    1.404304115391755e-07    0.0003863780878435133       3.8120960505718546     0.005903519202422654    -0.003612963128356803   -4.681386135142845e-06      -14.493609855497969    -0.025739879448648424       0.5579861638327159      0.22961499077424868       0.8735369781735942        0.452401696614291       0.4221162589636407        366.9791257241168       19.292313430847443       386.27143915496424
                       54  -0.00012749741158707664   1.4043041049909844e-07    0.0003863909472116725       3.8120960500826744    0.0059035191990598965    -0.003612963127405889   -4.681386136366256e-06      -14.493609778023936     -0.02573987937296121       0.5579861624450686      0.22961499073807604       0.8735369779775479       0.4524016966131034       0.4221162767494473       366.97804661792213        19.29216610623316        386.2702127241553
                       55  -0.00012752313819516133    1.404304100086632e-07   0.00038639234782310647       3.8120960499125562    0.0059035191982217865   -0.0036129631273382717    -4.68138613666255e-06       -14.49360977111856    -0.025739879376037406       0.5579861621827631      0.22961499073451222       0.8735369779350288        0.452401696612884       0.4221162803589582        366.9788481136034       19.292326806976327       386.27117492057977
                       56  -0.00012752252360151079   1.4043041038592065e-07      0.00038637807817197       3.8120960499814833     0.005903519198729867   -0.0036129631274958696    -4.68138613643333e-06      -14.493609870102201     -0.02573987955836167       0.5579861625417288      0.22961499073302474       0.8735369779751823       0.4524016966129951      0.42211627485389336        366.9791237498263       19.292313318036445       386.27143706786273
                       57  -0.00012752332549182725   1.4043041215103736e-07    0.0003863780717185776       3.8120960497074923    0.0059035191969404755    -0.003612963125763996   -4.681386136760439e-06      -14.493609882939296     -0.02573987961627064       0.5579861632342422      0.22961499072294633       0.8735369778566869      0.45240169661253166      0.42211626786757783       366.97915117947196       19.292318336652247        386.2714695161242
                       58  -0.00012636715613437708   1.3922968153265017e-07   0.00038369508719502277       3.8114813893646007     0.005899674427310467   -0.0036120666807725977   -4.682729748110161e-06       -14.50876314891157    -0.025854006415060807       0.5566420003679853      0.22957207402146002       0.8733303922606279       0.4524003474327971       0.4386616544379125        365.9192083570441       19.178771998742704       385.09798035578683
                       59  -0.00012636748048995073   1.3922977205560991e-07   0.00038369543572419764       3.8114813546681248     0.005899674204768784    -0.003612066538493666   -4.682729805378527e-06      -14.508764416606645    -0.025854013339065028       0.5566420131685617      0.22957207220953674        0.873330378775041      0.45240034736601864      0.43866160470934457       365.91918787785596        19.17877437384903         385.097962251705
                       60   -0.0001261665730081039    1.397981364052692e-07    0.0003858713686961348        3.811263502016938     0.005898276888921426    -0.003611173194219229   -4.683089392373946e-06      -14.516724223700708     -0.02589748863243656       0.5567223806755912      0.22956069484541464       0.8732457042556097      0.45239992806217566      0.43834937290491904        365.8239384993346        19.17980524918013        385.0037437485147
                       61  -0.00012636582266598227    1.392385364571171e-07   0.00038345049167212285         3.81147789147838     0.005899652009007667   -0.0036120525012331354  -4.6827355504897626e-06      -14.508892553071403    -0.025854706537622806       0.5566432626728717       0.2295718909718569       0.8733290366834109      0.45240034068309143      0.43865669070719804       365.91766778665465       19.178610218281104       385.09627800493575
                       62  -0.00012692599086014812   1.4129391123044936e-07   0.00038908399846863495       3.8106892382008746     0.005894593704156686   -0.0036088198083559027  -4.6840375256530285e-06      -14.537720804428405    -0.026012108687775193        0.556933979493893      0.22953070088533248       0.8730225371496779      0.45239882262102055       0.4375267695291942        365.7025653432329       19.188852499327627       384.89141784256054
                       63  -0.00012692599093234275   1.4129391145938966e-07    0.0003890839991669703       3.8106892345411327     0.005894593690516928   -0.0036088198078097836    -4.68403753312883e-06      -14.537720809070507    -0.026012108716661902       0.5569339793306132      0.22953070061077768       0.8730225215206049       0.4523988225231502      0.43752676944684854       365.70256016035887        19.18885251687267       384.89141267723153
                       64   -0.0001269259904822762   1.4129391067502275e-07   0.00038908399773462574       3.8106892321347257     0.005894593674568241   -0.0036088198077578485   -4.684037542789469e-06      -14.537720787237953    -0.026012108634084326       0.5569339823392045      0.22953070508108758        0.873022507610991       0.4523988227888135       0.4375267706988133        365.7025560430924       19.188852384049678       384.89140842714204
                       65  -0.00012744285477822337   1.4367310378295633e-07    0.0003974467336855345       3.7554501558986337     0.005680682892246812   -0.0036009304759003187  -4.8023381422622755e-06      -14.579137007390845    -0.026331175618594053       0.5580569196184819      0.23074122245272502       0.6329391616306577      0.45130154803786043       0.4377876124603324        325.5767154315424        19.93822885453429       345.51494428607674
                       66   -0.0001274156951480522   1.4367310386375607e-07   0.00039744889089829243       3.7554501559092497     0.005680682892097383   -0.0036009304757606865   -4.802338142322554e-06       -14.57913699282763     -0.02633117559472811       0.5580569198983198        0.230741222446475       0.6329391616312032       0.4513015480382793       0.4377876128734872         325.561832567277        19.93806165667921       345.49989422395623
                       67  -0.00012744288709532354    1.436731036247939e-07    0.0003974483529130392       3.7554501558526594     0.005680682891993676     -0.00360093047587949   -4.802338142354303e-06      -14.579136996759257     -0.02633117560295046        0.558056919924107      0.23074122245030412       0.6329391616305307       0.4513015480383169      0.43778761282047896       325.57666097771596       19.938230147685463       345.51489112540145
                       68    -0.000116178061544077   1.4367193136712857e-07    0.0004107145613886393       3.7554498096485185     0.005680680897669621    -0.003600930257809497   -4.802338869912697e-06      -14.579049723735176    -0.026331046154127496        0.558059369919393      0.23074120133408801       0.6329391608925171       0.4513015516977792       0.4377905352295368        322.2402497428579       19.877649704914653        342.1178994477725
                       69  -0.00011617262490459427   1.4367187946177457e-07   0.00041071319447216254       3.7554497906658204     0.005680680794553836    -0.003600930249616472   -4.802338904947429e-06       -14.57905010814446      -0.0263310492133925       0.5580594853895751      0.23074120003153026       0.6329391608535451      0.45130155185803805      0.43779057293732127       322.24024713349365       19.877611915733745        342.1178590492274
                       70  -0.00011617751349265513    1.436706161873456e-07    0.0004106798101972583        3.755449328822585     0.005680678286802838    -0.003600930050974159   -4.802339756969758e-06      -14.579059456365014    -0.026331123602338094       0.5580622931991179      0.23074116838102798       0.6329391599024095       0.4513015557550067      0.43779148996938044       322.23936769316106       19.877534218690247        342.1169019118513
                       71  -0.00011617157692231081     1.43655136622355e-07    0.0004107507022604192       3.7554436682308547     0.005680647548767083   -0.0036009276080626084    -4.80235020032213e-06      -14.579170623888446    -0.026332028619719193       0.5580967187543848       0.2307407806961428       0.6329391482112916       0.4513016035450635       0.4378028180785849        322.2286763656092       19.876504772298148        342.1051811379074
                       72  -0.00011617810429152142     1.43671927305181e-07   0.00041071495375510474        3.755449676307508     0.005680680167974513    -0.003600929996339786  -4.8023390669457875e-06      -14.579052634094381     -0.02633106958151419       0.5580602559049372       0.2307411933471628       0.6329391599323139       0.4513015529601321       0.4377910419922735        322.2400121404947       19.877621959585145       342.11763410007984
                       73  -0.00011047609572750575    1.436411932087208e-07   0.00041384817966001904        3.754438810604773     0.005675148275827726   -0.0035989477461322314    -4.80383279119833e-06      -14.601115348725397    -0.026508672667400774       0.5647768709436878       0.2306806427497998       0.6329318787739262       0.4513111228468095      0.44163329468690105        321.2511978044962       19.631441918842334        340.8826397233385
                       74  -0.00010835870978837546    1.335525918975313e-07   0.00045733904981324426        3.739705694423488     0.005594673367753412   -0.0035755096658442688   -4.826912525934612e-06      -14.915130487460948    -0.029041314816571837       0.6606638527547415      0.22976751188528427       0.6328440934611899      0.45144694881505926       0.4912064783768564       307.08157520750143       16.833495400904567         323.915070608406
                       75   -0.0001083587095776614   1.3355259162503192e-07    0.0004573390510900577       3.7397056914522806     0.005594673356731737   -0.0035755096645370787   -4.826912529761758e-06      -14.915130498418847    -0.029041314901201782       0.6606638551927864       0.2297675118549925       0.6328440915536544      0.45144694880267805      0.49120648171217507        307.0815744244949       16.833495331618373       323.91506975611327
                       76  -0.00010835870942305614   1.3355259171430178e-07   0.00045733905136961697       3.7397056897567156     0.005594673348632728    -0.003575509659478175   -4.826912525619609e-06       -14.91513051021335    -0.029041314961287437       0.6606638568593624      0.22976751216029978       0.6328440889014353       0.4514469487934492       0.4912064807497849       307.08157405061854       16.833495310926224       323.91506936154474
                       77  -0.00010835870809672913   1.3355259132608667e-07    0.0004573390569971742        3.739705674697439     0.005594673282798028   -0.0035755096348567216   -4.826912520742813e-06      -14.915130569366642    -0.029041315383732724       0.6606638700509915      0.22976751056500733       0.6328440722192025      0.45144694868878515       0.4912064870871067        307.0815700400181       16.833495067810478        323.9150651078286
                       78  -0.00010835870915538643   1.3355259181105644e-07    0.0004573390536585954        3.739705691230409     0.005594673347685248   -0.0035755096559062353   -4.826912522320434e-06      -14.915130467799129    -0.029041314842433774       0.6606638572226828      0.22976751185385802       0.6328440880059383      0.45144694877905395       0.4912064813427781       307.08157395115245       16.833495307388517       323.91506925854094
                       79  -0.00010835870937595806   1.3355259186359218e-07   0.00045733905171710154       3.7397056904502977     0.005594673347211745     -0.00357550966267865   -4.826912531898949e-06      -14.915130468143373     -0.02904131478872929       0.6606638538985927      0.22976751190757685       0.6328440910079502      0.45144694870523133      0.49120647802755446       307.08157445724487       16.833495393198085       323.91506985044293
                       80  -0.00010835870929954878   1.3355259209034968e-07    0.0004573390507795828        3.739705690865052    0.0055946733462560495     -0.00357550965996412   -4.826912526706172e-06      -14.915130479300236    -0.029041314815632657       0.6606638530044397       0.2297675119031056       0.6328440926350903       0.4514469487179993       0.4912064787457613        307.0815745451092       16.833495398333966        323.9150699434432
                       81  -0.00010835870930823577    1.335525922660512e-07    0.0004573390518909228        3.739705684825025     0.005594673329750215   -0.0035755096549019427   -4.826912522073571e-06      -14.915130462415002    -0.029041314789906302        0.660663853589246      0.22976751180815688       0.6328440937794115      0.45144694875299474       0.4912064788534085       307.08157419862204       16.833495381651705        323.9150695802737
                       82   -2.495933433626629e-05   1.6164347898291527e-07    0.0007398499655197595       2.7628223010998614                    0.001   -0.0022866584075690263   -4.773755803642096e-06      -12.983410978625788    -0.030532482699898833       0.8669028202224183      0.22690849867826868       0.4095575013085329       0.4380353803701551       0.6348679085750515       16409.031029712427        17.38529005133751       16426.416319763764
                       83   -6.665902206232088e-05    1.475980354402234e-07     0.000598594507666502       3.2512639977616744     0.003297336683876705   -0.0029310840367066477   -4.800334164788354e-06      -13.949270733043367    -0.029786898758235335         0.76378333648858      0.22833800528177647       0.5212007973848614      0.44474116459260715       0.5630371934759539       296.01438831957296       15.935249771938551       311.94963809151153
                       84   -8.750886592534817e-05   1.4057531366887725e-07    0.0005279667787398731        3.495484846092581     0.004446005025815059   -0.0032532968512754582  -4.8136233453614834e-06      -14.432200610252158    -0.029414106787403586       0.7122235946216606      0.22905275858353036       0.5770224454230256      0.44809405670383323       0.5271218359264056        273.6923879270417       16.090836847875938       289.78322477491764
                       85   -7.708394399383452e-05   1.4408667455455032e-07    0.0005632806432031875        3.373374421927128    0.0038716708548458814    -0.003092190443991053   -4.806978755074918e-06      -14.190735671647762    -0.029600502772819462       0.7380034655551204      0.22869538193265343       0.5491116214039435       0.4464176106482202       0.5450795147011789       269.59074976571077       15.939659375270843        285.5304091409816
                       86   -8.229640495959135e-05   1.4233099411171378e-07    0.0005456237109715302       3.4344296340098546      0.00415883794033047   -0.0031727436476332556   -4.810301050218201e-06      -14.311468140949959    -0.029507304780111522       0.7251135300883904      0.22887407025809192       0.5630670334134846       0.4472558336760267       0.5361006753137927       269.49777813855263        15.99690212791429        285.4946802664669
                       87   -7.969017447671293e-05   1.4320883433313195e-07    0.0005544521770873589        3.403902027968491     0.004015254397588175   -0.0031324670458121543   -4.808639902646559e-06       -14.25110190629886    -0.029553903776465492       0.7315584978217555      0.22878472609537268       0.5560893274087141      0.44683672216212345       0.5405900950074853       268.86198137365574        15.96369425567779       284.82567562933355
                       88   -7.966923963818659e-05   1.4320883763755359e-07     0.000554469571025538        3.403902028186562     0.004015254399054256    -0.003132467043573257     -4.8086399017388e-06      -14.251101772852193    -0.029553903479639237        0.731558498098851      0.22878472618364473       0.5560893273944013        0.446836722163254       0.5405901001291626        268.8573693276636       15.963582866878191        284.8209521945418
                       89   -7.969177770557123e-05   1.4320883908488323e-07    0.0005544765368482388        3.403902028216134     0.004015254399576954   -0.0031324670425596783   -4.808639901331044e-06      -14.251101719365836    -0.029553903365864758       0.7315584982590446       0.2287847262320884       0.5560893273860371       0.4468367221638451       0.5405901025724305        268.8594586413443         15.9637207085356        284.8231793498799
                       90   -7.969017552701511e-05   1.4320883770458523e-07    0.0005544521774603708        3.403902028053042    0.0040152543983491135    -0.003132467043625695   -4.808639901852931e-06      -14.251101905224628     -0.02955390380992626       0.7315584981563308      0.22878472617040319       0.5560893273941121       0.4468367221630319       0.5405900977814628       268.86197859357304       15.963694240984035       284.82567283455705
                       91    -7.96909653535465e-05   1.4320883902470217e-07    0.0005544521569458124        3.403902028018588      0.00401525439842766    -0.003132467042359685   -4.808639901594291e-06      -14.251101903982445    -0.029553903857235123       0.7315584984899386      0.22878472625321133       0.5560893273748064      0.44683672216383663       0.5405901003297959       268.86208049980945       15.963698865772415       284.82577936558187
                       92   -8.057717299521285e-05   1.5146242941427993e-07    0.0005964503791684363        3.404109231871872     0.004017118764180189   -0.0031271140756063865   -4.806696711187063e-06      -14.248159236181465    -0.029635050339163842       0.7323775294060955      0.22896846481454047       0.5560535757087611      0.44683894682033237       0.5473873348145464        263.0606991495733       15.947362257020428        279.0080614065937
                       93    -8.05666363105995e-05    1.514623821982996e-07    0.0005964511120079982        3.404109217840849      0.00401711870986924   -0.0031271140257743673   -4.806696733397506e-06      -14.248159075555888     -0.02963505676504958        0.732377565172226      0.22896847425696612       0.5560535732500133      0.44683894689724357       0.5473875838317177       263.06074181538753       15.947298313293956        279.0080401286815
                       94   -8.057714246144752e-05   1.5146211374544918e-07    0.0005964534162874386        3.404109138090133    0.0040171184013933665     -0.00312711374346878   -4.806696859503472e-06      -14.248158178629295    -0.029635093248423512       0.7323777680640864      0.22896852782142424       0.5560535593019793       0.4468389473335147       0.5473889960640701       263.06057577968244       15.947349351436934       279.00792513111935
                       95   -8.055531802487166e-05   1.5142605081057473e-07    0.0005961052713898428       3.4040984031105004     0.004017076870974225   -0.0031270756994288204   -4.806713823906577e-06      -14.248042518737206    -0.029640017354229373       0.7324050980730328       0.2289757374462511       0.5560516814869128      0.44683900606206967       0.5475788650657805       263.04733906382444       15.945275606806495        278.9926146706309
                       96   -8.057708859110942e-05   1.5146245998726013e-07    0.0005964505589622169       3.4041092069357264     0.004017118685767234   -0.0031271139044713675   -4.806696725350154e-06      -14.248159100516148    -0.029635063436861477       0.7323776356221361      0.22896848232919587       0.5560535704391066      0.44683894699025145       0.5473874576929099        263.0606801473211       15.947359010354617        279.0080391576757
                       97   -8.259722477696878e-05    1.521148010979115e-07    0.0006001836628379378       3.4035770606684643     0.004015445324778133   -0.0031234619549749504  -4.8069989830037796e-06      -14.245265035033583    -0.029914567962695978       0.7346442815498839       0.2293422374171149       0.5559411165805785       0.4468425730208215       0.5500093655665959       262.81574417279677       15.900852444572836        278.7165966173696
                       98    -8.05730367528958e-05   1.5146237462291866e-07    0.0005964253922998645         3.40410913791294     0.004017118445714393    -0.003127113584684572  -4.8066968004277155e-06      -14.248159314496798    -0.029635094628757328       0.7323778935558451      0.22896851448907352       0.5560535576974696      0.44683894735424196       0.5473873781254515       263.06068453481004        15.94731251851853       279.00799705332855
                       99   -7.996794298292459e-05   1.5132999916237178e-07    0.0006030700173717688       3.4021669172398146     0.004010614502767447   -0.0031156039861286156   -4.808354749773733e-06       -14.23457567622484    -0.030618442523678818       0.7397124910373438      0.23031546902985867       0.5556630683215382       0.4468514447195395       0.5639300660711584        262.2833298091421       15.706207214026614       277.98953702316874
                      100    -7.99679429604291e-05   1.5132999910625225e-07    0.0006030700176333228       3.4021669160657684      0.00401061450083404   -0.0031156039857947082  -4.8083547526258495e-06      -14.234575675766123    -0.030618442564945236       0.7397124920814977       0.2303154690732534        0.555663065889326      0.44685144475765615       0.5639300665216345       262.28332948583915        15.70620720939925       277.98953669523837
                      101   -7.996794286742058e-05    1.513299991462555e-07    0.0006030700180983529       3.4021669171569218     0.004010614502798905   -0.0031156039842078435   -4.808354750638544e-06      -14.234575666813276    -0.030618442548414445       0.7397124927778178       0.2303154690087003       0.5556630662357156       0.4468514448758607       0.5639300667940788         262.283329545259       15.706207189953874        277.9895367352129
                      102   -7.996794277353818e-05   1.5132999902114768e-07    0.0006030700184553096       3.4021669158571157     0.004010614500082773   -0.0031156039855371772  -4.8083547563534975e-06      -14.234575664801612     -0.03061844258562462       0.7397124930752841      0.23031546898096522       0.5556630671174163      0.44685144490584466        0.563930067662124       262.28332955036495        15.70620717465783        277.9895367250228
                      103   -7.996794281424767e-05    1.513299991567189e-07    0.0006030700176799953       3.4021669157876944      0.00401061450055447   -0.0031156039843799306   -4.808354751512638e-06       -14.23457567705192     -0.03061844257819399       0.7397124923769547      0.23031546900937236        0.555663068292437      0.44685144479871775       0.5639300667303839       262.28332970510274        15.70620718422154        277.9895368893243
                      104   -6.616381297442267e-05   1.4440294826962535e-07    0.0006693795763517349       3.2770547315661136    0.0038005663324538657   -0.0029992787664933885      -5.179091366697e-06      -13.687514883872801     -0.03598332399529577       0.9132955651669412      0.22962052421480456       0.3758380540326581       0.4593178645619086       0.6613191864607257       246.86644841368658       14.125849866478674       260.99229828016524
                      105   -6.613676883553498e-05    1.444029489253396e-07    0.0006693823616931203       3.2770547315504372    0.0038005663326874497    -0.002999278766026935   -5.179091366514702e-06      -13.687514868429298     -0.03598332395344528       0.9132955652797461       0.2296205242305641       0.3758380540332278      0.45931786456199486       0.6613191854376401       246.86045937069213       14.125694652019437       260.98615402271156
                      106   -6.616387685967212e-05   1.4440294865458023e-07    0.0006693814456029447        3.277054731481801    0.0038005663324932257    -0.002999278766176001   -5.179091366575329e-06       -13.68751487541226     -0.03598332397111022       0.9132955652830046      0.22962052423239565        0.375838054032557        0.459317864561991        0.661319185335083       246.86641758835978       14.125851572135465       260.99226916049525
                      107   -6.184434094084317e-05   1.4440428870880515e-07     0.000675821752796523       3.2770544593849147    0.0038005664973664284   -0.0029992776737353686   -5.179090947202216e-06      -13.687485251036785     -0.03598323967016541       0.9132959551070252      0.22962058309221584       0.3758380538046902       0.4593178648396018       0.6613154164834132       246.32485610632415       14.105402537899566        260.4302586442237
                      108   -6.184313352188948e-05   1.4440437910066282e-07    0.0006758201910474306       3.2770544390569447    0.0038005664888336567   -0.0029992776041210083    -5.17909092335904e-06      -13.687486485559546     -0.03598324206689819       0.9132959806297807      0.22962058640163335       0.3758380537909095       0.4593178648513947       0.6613151229868732         246.324834778191        14.10539507578834        260.4302298539793
                      109    -6.19059668582598e-05     1.44440151917193e-07    0.0006752316599383078         3.27704639110363     0.003800563108659929   -0.0029992500518118336   -5.179081486605598e-06      -13.687974941479824    -0.035984190250012905       0.9133060833799389      0.22962189649813364      0.37583804832299017      0.45931786951994596       0.6611989514085472       246.31416707522402       14.105590938737173        260.4197580139612
                      110   -6.185092473875741e-05   1.4441926348625445e-07    0.0006759241336078538        3.277051086380861    0.0038005650895997735   -0.0029992661321945123   -5.179086993057796e-06       -13.68768738951261     -0.03598363063947261       0.9133001876247095       0.2296211326374738       0.3758380515171402      0.45931786680021564       0.6612667858106764       246.31991615003807       14.105619143622675       260.42553529366074
                      111   -6.184431811813264e-05   1.4440426295497888e-07    0.0006758219179352088        3.277054430243253     0.003800566445573547   -0.0029992776626921267   -5.179090953306787e-06      -13.687486577787004     -0.03598324251205218       0.9132959638646176       0.2296205858547115       0.3758380538715226      0.45931786483921083       0.6613153180600762        246.3248516066762       14.105402695860352        260.4302543025365
                      112   -6.227137067993766e-05   1.4435244257137297e-07    0.0006761360011239576       3.2769957568947907    0.0038004621740839193   -0.0029992554102587503   -5.179103235651236e-06       -13.69015795004013     -0.03598896482516097       0.9133135898882536      0.22962614765278933       0.3758381883855187       0.4593178640577118       0.6611173033754385       246.31842859442835       14.108444601718581        260.4268731961469
                      113   -6.215853756169219e-05   1.4547997436563693e-07    0.0006887140797612842        3.275628913072512    0.0037986293048166715   -0.0029974025756163334   -5.178783411063839e-06      -13.758748553396638      -0.0361304372974737       0.9141430010432152      0.22978559613509686       0.3758400194877143      0.45931810651712035        0.651656923181692       245.91089116109254       14.137064228300659        260.0479553893932
                      114   -6.215853755716714e-05   1.4547997435683647e-07    0.0006887140795736246        3.275628911874068    0.0037986293042995504    -0.002997402575215214   -5.178783410772934e-06       -13.75874855358054    -0.036130437298357736       0.9141430010463785      0.22978559631229376       0.3758400195060907      0.45931810652283583       0.6516569233704557       245.91089110732634       14.137064226364497        260.0479553336908
                      115   -6.215853755927033e-05    1.454799743881121e-07    0.0006887140798700624       3.2756289106473324    0.0037986293037091095   -0.0029974025747346532   -5.178783410500664e-06      -13.758748556359052     -0.03613043730455638       0.9141430010978315       0.2297855961284309       0.3758400195116363      0.45931810652627786       0.6516569231793987       245.91089110332553       14.137064229238042       260.04795533256356
                      116   -6.215853751353398e-05    1.454799744173631e-07    0.0006887140802330103       3.2756289095490536     0.003798629304213338   -0.0029974025732715736   -5.178783408592432e-06      -13.758748549156715    -0.036130437287197725       0.9141430011349754      0.22978559612542807      0.37584001949917345       0.4593181065569714       0.6516569233986775        245.9108910787612       14.137064228326908        260.0479553070881
                      117   -6.215853747542248e-05   1.4547997434884937e-07    0.0006887140801254078         3.27562891150522    0.0037986293040673637   -0.0029974025746813382   -5.178783411843019e-06       -13.75874855002971     -0.03613043729398345       0.9141430011336864      0.22978559613755487       0.3758400195460266       0.4593181065242159       0.6516569231616414       245.91089112612673       14.137064227835964        260.0479553539627
                      118   -6.215853729973785e-05   1.4547997433038575e-07    0.0006887140799154927       3.2756289101691163    0.0037986293034801997     -0.00299740257202309  -5.1787834118328735e-06      -13.758748548714669     -0.03613043730581438       0.9141430013391028      0.22978559614653588       0.3758400193193457      0.45931810653685246       0.6516569233926033       245.91089108310155       14.137064227354607       260.04795531045613
                      119   -6.215853745179354e-05   1.4547997432026243e-07    0.0006887140800146958        3.275628911404676    0.0037986293040889255    -0.002997402573167532   -5.178783412126519e-06      -13.758748549332328    -0.036130437308415364        0.914143001334935      0.22978559600038218       0.3758400188595402        0.459318106538452       0.6516569231771214         245.910891131391       14.137064234693792        260.0479553660848
                      120   -4.028743462487327e-05   1.4458500574618244e-07    0.0007366708458103864       2.8382465258101677    0.0036319738048072522   -0.0026284170849830476   -5.170760713125303e-06      -13.202818086181978    -0.036255922035525995       0.9416568515549968      0.23016006716618992       0.3674198009461809      0.46253922240495615       0.6708184909003121       240.85753180403742       14.243264626936954       255.10079643097438
                      121   -4.031435983259496e-05   1.4458500474607941e-07    0.0007366750937899233       2.8382465258755145    0.0036319738053022417    -0.002628417084537055  -5.1707607131498365e-06       -13.20281803483212     -0.03625592200492409       0.9416568516284693      0.23016006719613083       0.3674198009408588      0.46253922240518835       0.6708184912046145       240.85463957195583       14.243419686870988       255.09805925882682
                      122  -4.0287537942938515e-05   1.4458500498886743e-07    0.0007366758079183559         2.83824652594641    0.0036319738055195713    -0.002628417084369365   -5.170760713086614e-06      -13.202818028693613     -0.03625592199175912       0.9416568516298909      0.23016006719508175       0.3674198009413844      0.46253922240519674       0.6708184912604898       240.85743905406716        14.24326878448071       255.10070783854786
                      123  -4.0287434446979194e-05   1.4458500511743263e-07    0.0007366708456695336       2.8382465259128886     0.003631973805261513     -0.00262841708435795   -5.170760713116093e-06      -13.202818067928213     -0.03625592209373986       0.9416568516352795      0.23016006718900256      0.36741980094162036       0.4625392224051215       0.6708184906372923        240.8575317216116       14.243264627544681       255.10079634915627
                      124    -4.02869934837348e-05    1.445850000094697e-07    0.0007366708580997395        2.838246526982905     0.003631973810174099    -0.002628417077524261    -5.17076071270193e-06      -13.202817887209168      -0.0362559226715511       0.9416568524679001       0.2301600674176528      0.36741980089540666       0.4625392224068902       0.6708184883779973       240.85757713867812       14.243262163468806       255.10083930214694
                      125   -4.190256329158019e-05   1.4269164216658903e-07    0.0007434046211331483       2.8385558796398382    0.0036333420385973036    -0.002626534808957646   -5.170732916237762e-06      -13.147796986935676     -0.03643106475087326       0.9418985886653208      0.23022876827870703       0.3674060681559287      0.46253972037207564       0.6700274316914347       240.55121320586085        14.26246069547447        254.8136739013353
                      126   -4.191293288910165e-05     1.42691727261188e-07    0.0007434042154395683        2.838555904345525    0.0036333421779406166    -0.002626534604389854   -5.170732861605313e-06       -13.14779413564828     -0.03643107420005673       0.9418986075438802      0.23022877233237699      0.36740606726070096       0.4625397204198515       0.6700274469924983       240.55114072877691       14.262519211778812       254.81365994055574
                      127   -4.190276922353169e-05   1.4269223365736005e-07    0.0007434040663839663       2.8385560513579806     0.003633343006635395   -0.0026265333882257405  -5.1707325367514425e-06      -13.147777172294337      -0.0364311303113393       0.9418987197375845      0.23022879641947075      0.36740606194198605       0.4625397207038022       0.6700275381444438       240.55111231803016       14.262462582623483       254.81357490065363
                      128   -4.191354712246595e-05    1.427002199323105e-07    0.0007436498125026174       2.8385584142288636     0.003633356316502529   -0.0026265138771800847  -5.1707273469198754e-06      -13.147501862187926     -0.03643202967335646       0.9419005197856078      0.23022918343678625       0.3674059762944387      0.46253972526467885       0.6700290276102319       240.54958504414378        14.26271617393944       254.81230121808323
                      129  -4.2468821337446854e-05   1.4401466689534015e-07    0.0007444978627820506        2.838940381327497    0.0036355095188776694     -0.00262335393951362   -5.169883486275012e-06       -13.10340464295704      -0.0365778386812981       0.9421920458944297      0.23029177763815203      0.36739215292316296      0.46254046312153263       0.6702660226261052        240.4338560772022       14.269004370438465       254.70286044764066
                      130   -4.246882127891105e-05   1.4401466673614603e-07    0.0007444978626686769        2.838940381980581    0.0036355095193151814   -0.0026233539390130723   -5.169883486285607e-06      -13.103404645899246     -0.03657783867129465       0.9421920465739311      0.23029177770854642       0.3673921522272604       0.4625404631462937       0.6702660226091144         240.433856037254       14.269004366193089        254.7028604034471
                      131   -4.246882125272632e-05   1.4401466660949321e-07    0.0007444978624970341       2.8389403829903372    0.0036355095201731063   -0.0026233539375639554   -5.169883486210528e-06       -13.10340464760519     -0.03657783867701246       0.9421920468739193      0.23029177757199337      0.36739215097475275      0.46254046318763486       0.6702660232174207        240.4338559839461       14.269004374853784       254.70286035879988
                      132   -4.246882135080283e-05   1.4401466676086795e-07    0.0007444978624285014        2.838940381480878     0.003635509519093469   -0.0026233539381640887   -5.169883486593129e-06      -13.103404648153246     -0.03657783869754541       0.9421920465161868      0.23029177764590866        0.367392152447706       0.4625404631658265       0.6702660230333741       240.43385604402266        14.26900436569443        254.7028604097171
                      133   -4.246882134322161e-05   1.4401466675350152e-07    0.0007444978626736291       2.8389403814217453    0.0036355095194703655   -0.0026233539381362867   -5.169883486283967e-06      -13.103404642846067    -0.036577838686561615           0.942192046448      0.23029177764706873       0.3673921531753397      0.46254046317860054       0.6702660232927009       240.43385606308826       14.269004357329901       254.70286042041815
                      134   -4.246882135167737e-05   1.4401466663108768e-07    0.0007444978626348308       2.8389403812071397     0.003635509520049854   -0.0026233539366678615   -5.169883486103536e-06      -13.103404640922625     -0.03657783869203808       0.9421920476189087      0.23029177757327496      0.36739215359322486      0.46254046321475883       0.6702660228848627       240.43385606308934       14.269004337708395       254.70286040079773
                      135  -4.1269868865420815e-05   1.3222198682730354e-07    0.0007289413986720547        2.870619044925675    0.0036753307940081666     -0.00252799339795994   -5.176210136882706e-06      -13.307109705534467    -0.036937281353726405       0.9933000830292398      0.23025407333668604      0.33142836736295606       0.4659452973535429        0.697299080825811        239.2119754272718       13.879266236339863       253.09124166361167
                      136  -4.1269868868218815e-05   1.3222198679486134e-07    0.0007289413986712326        2.870619044795224    0.0036753307941711126   -0.0025279933974437395  -5.1762101367577404e-06      -13.307109704590815    -0.036937281356044016       0.9933000830738989      0.23025407333849057       0.3314283672485634      0.46594529734126666       0.6972990808406063       239.21197542124696       13.879266237506425       253.09124165875338
                      137   -4.126986884110151e-05   1.3222198669691383e-07    0.0007289413986528628       2.8706190440551884    0.0036753307944931337   -0.0025279933957802303   -5.176210136523696e-06      -13.307109701341194    -0.036937281369491176       0.9933000830497953       0.2302540733356831       0.3314283673622179      0.46594529727592593       0.6972990807843438       239.21197540383574       13.879266238200275         253.091241642036
                      138   -4.126986855709048e-05    1.322219858939571e-07    0.0007289413990209735       2.8706190378439675     0.003675330798929709    -0.002527993379053439   -5.176210132082767e-06       -13.30710965872502      -0.0369372814733023       0.9933000823627189      0.23025407333419887       0.3314283682080231       0.4659452966929549       0.6972990803891124       239.21197522175007       13.879266252173592       253.09124147392365
                      139   -4.126986878769154e-05   1.3222198639358647e-07    0.0007289413989967366       2.8706190400999905    0.0036753307959812073    -0.002527993389132342   -5.176210134575459e-06      -13.307109678827894    -0.036937281412887164       0.9933000819621263      0.23025407333696418       0.3314283679001335      0.46594529701935805         0.69729908079022       239.21197531082134       13.879266253963381       253.09124156478472
                      140  -4.1269868865594504e-05   1.3222198679524462e-07     0.000728941398755344       2.8706190429157887     0.003675330794473467    -0.002527993395328452  -5.1762101352438935e-06      -13.307109698429736    -0.036937281375161286       0.9933000826972684        0.230254073338019      0.33142836760628236       0.4659452972996194       0.6972990807129467       239.21197539282332       13.879266241579389        253.0912416344027
                      141  -1.9564305814376444e-05    4.425390374158636e-08    0.0007560687746617279         2.14101920845668     0.004108056468785069   -0.0007744423601200442  -4.7279361889465064e-06       -9.053613635650162     -0.04841348583485488       0.9285199648246216      0.23033401393677255       0.3790940493809526      0.40599317128670104       0.6657053187248332       228.93096880264756       17.403444862597738       246.33441366524528
                      142  -3.0417087339898636e-05    8.823794528444506e-08    0.0007425050866668913       2.5058191266911773     0.003891693631396618   -0.0016512178790399918   -4.952073162914606e-06      -11.180361670592315     -0.04267538359429064       0.9609100239269306       0.2302940436367293      0.35526120837195435      0.43596923432012197       0.6815021997753226        231.3558146938601       15.255977244654463       246.61179193851459
                      143  -2.4990696577137554e-05    6.624592451301571e-08    0.0007492869306643096       2.3234191675739284     0.003999875050090843   -0.0012128301195800182   -4.840004675930556e-06       -10.11698765312124     -0.04554443471457276       0.9447149943757762       0.2303140287867509      0.36717762887645344       0.4209812028034115       0.6736037592500779       229.30925172449838       16.233366477422514        245.5426182019209
                      144   -2.496963860420268e-05    6.624592364221629e-08    0.0007493042746261358       2.3234191673947997     0.003999875050977218   -0.0012128301207685087  -4.8400046756560824e-06      -10.116987502897445     -0.04554443446819298       0.9447149948001992      0.23031402881135793      0.36717762888283323        0.420981202804921       0.6736037599889002       229.30856265934162       16.233262199645907       245.54182485898752
                      145  -2.4992432905058068e-05     6.62459229498433e-08    0.0007493104926312485       2.3234191672139843     0.003999875051115773   -0.0012128301215154874   -4.840004675593892e-06      -10.116987446803655     -0.04554443439533652       0.9447149950192237      0.23031402882452578      0.36717762888518757        0.420981202805652       0.6736037600779534       229.30882306113543       16.233393101766254        245.5422161629017
                      146   -2.499069629014417e-05    6.624592383699596e-08    0.0007492869324329125         2.32341916722598     0.003999875049957508   -0.0012128301207687871   -4.840004675803906e-06      -10.116987637783154     -0.04554443482264937       0.9447149948212996      0.23031402879305982      0.36717762888262995       0.4209812028045998       0.6736037577782366       229.30925166388528        16.23336648005398       245.54261814393925
                      147  -2.4992636556804372e-05    6.624587519642204e-08    0.0007492869934493145       2.3234191414413683     0.003999875040463959    -0.001212830208202765   -4.840004665994084e-06      -10.116986499633613     -0.04554444284952072       0.9447150278548742      0.23031402926766625        0.367177629339941      0.42098120289303526       0.6736036504933312       229.30928249225377       16.233377499543316       245.54265999179708
                      148   -2.454338261539611e-05    6.564128352575186e-08    0.0007578115148416308       2.3231080705792913     0.003999756190752028    -0.001213893181200617   -4.839891366731522e-06        -10.1032177849036     -0.04564093873388256       0.9451133886049987       0.2303196788438986       0.3671831519493828       0.4209822655304098       0.6722885254069713       229.20966183840463       16.239707308912983        245.4493691473176
                      149  -2.4541054147635006e-05    6.564139317424989e-08    0.0007578111564890077        2.323108035660683    0.0039997562257121705   -0.0012138932213513556   -4.839891301917694e-06      -10.103215972011137     -0.04564095173447348       0.9451134362064011      0.23031968032629857       0.3671831525375927      0.42098226569756336       0.6722885924583046       229.20966864659127       16.239693984846387       245.44936263143765
                      150   -2.454721675551018e-05    6.565596555751867e-08    0.0007577573381479478        2.323103393018664     0.003999760870897426   -0.0012138985607270136   -4.839882686773046e-06      -10.102975024707517     -0.04564268008006059       0.9451197640687485       0.2303198774117136       0.3671832307228167      0.42098228791794884       0.6722975052061493       229.20883490510556       16.239668250523643        245.4485031556292
                      151   -2.456692318382303e-05    6.568901121061656e-08    0.0007582022112128083       2.3230928268479523     0.003999771443784046   -0.0012139107731258187   -4.839863103784563e-06      -10.102422287783755    -0.045646601968477876        0.945134161580242      0.23032032604632832       0.3671834087104311      0.42098233848638256       0.6723178377624537       229.20666490639803       16.240050929673803       245.44671583607183
                      152   -2.454406769665426e-05    6.564128578774255e-08      0.00075781175662151        2.323107998631487     0.003999756201312199   -0.0012138933623574415   -4.839891299196427e-06       -10.10321452139248     -0.04564096260459648        0.945113470017245      0.23031968047542634      0.36718315314392747      0.42098226581297704       0.6722886023270327       229.20965254534778       16.239711065234985       245.44936361058276
                      153  -2.4889849149449918e-05    6.630318808183103e-08    0.0007590891920238534       2.3228804111586223     0.003999969720601272   -0.0012141782448017713   -4.839484381990463e-06      -10.091483545245865     -0.04572493930058118       0.9454197937907531      0.23032901350413998       0.3671869822231588       0.4209833407810627       0.6727116783623934         229.187241889774       16.241558041610574       245.42879993138456
aborted minimisation     
Minimisation aborted as it proceeded too slow               
 finished