                   sim_nr                 advtheta                     advq                   advCO2               deltatheta               gammatheta                   deltaq                   gammaq                 deltaCO2                 gammaCO2                  sca_sto                    alpha                    FracH                       wg                      R10                     data               background                    Costf
                        1    0.0007804664255677194   1.2284502291108572e-07   -0.0006055304438774857        4.384798753035704     0.005418080921717161     0.004045540028996242   -5.033217081253176e-06       -104.5631772525021     0.019388826526567583       1.0503751591815225      0.23432868176180965       0.8316137291713486       0.5852576069649063       0.5459973980192275       38287.302314336855                      0.0       38287.302314336855
                        2    0.0007804376278604462   1.2284502110675925e-07   -0.0006055224918888896        4.384798753152922     0.005418080921801541     0.004045540028683476   -5.033217081272807e-06       -104.5631772194606      0.01938882654576794       1.0503751591517332       0.2343286817977996        0.831613729170128       0.5852576069650516        0.545997400785418        38286.44758453516   2.6906001225452603e-09       38286.447584537855
                        3    0.0007804654680343263   1.2284502113747372e-07   -0.0006055188101982831        4.384798753237812     0.005418080921951743     0.004045540028555907   -5.033217081290924e-06      -104.56317718915696      0.01938882658032323       1.0503751591234605      0.23432868179380084       0.8316137291706365       0.5852576069650424       0.5459974010649855       38287.187153326115   1.0766510097469776e-11        38287.18715332612
                        4    0.0007804663882786776   1.2284502192338435e-07   -0.0006055304467245951        4.384798753031514     0.005418080921855978      0.00404554002841674   -5.033217081320114e-06      -104.56317722911275      0.01938882656583777       1.0503751591519523      0.23432868175403632       0.8316137291711722       0.5852576069648195       0.5459973966970653       38287.301262615234    4.530878572462195e-15       38287.301262615234
                        5  -0.00036197815327896157   1.2136066546680235e-07     0.004168226724789975        4.384878042336014      0.00541827943040755     0.004044924157098867    -5.03328264342345e-06      -104.51988643806489     0.019439909278722804       1.0503293906086741       0.2343363445408828       0.8316132856581082       0.5852575991324022       0.5462732713233036        7301.503554972214        5.541428412066185         7307.04498338428
                        6   -0.0003619781454343408   1.2136066219053883e-07     0.004168226698697253       4.3848780423556875    0.0054182794303573945    0.0040449241566523865   -5.033282643566219e-06      -104.51988643857248     0.019439909264735582        1.050329390589571       0.2343363445446201       0.8316132856582892       0.5852575991324069       0.5462732718885164        7301.503365648215        5.541428339676283        7307.044793987891
                        7   -0.0003619781548008993   1.2136066266028742e-07     0.004168226729052856        4.384878042316248     0.005418279430335535     0.004044924156648517  -5.0332826435261315e-06      -104.51988643627266     0.019439909287635334       1.0503293905751065      0.23433634453759827       0.8316132856580056       0.5852575991323639       0.5462732714712137        7301.503485101055         5.54142842570681        7307.044913526762
                        8  -0.00036197815338033274   1.2136066545815562e-07     0.004168226723874904        4.384878042327427    0.0054182794304068445    0.0040449241571334825   -5.033282643344578e-06      -104.51988643780068      0.01943990928522354       1.0503293905850637      0.23433634453825786       0.8316132856574778       0.5852575991323774        0.546273271467606        7301.503554685391        5.541428412315168        7307.044983097706
                        9  -0.00017362112505606576  -1.8733200296592432e-07     0.003334066534269228        4.383277839105815     0.005411594751339643     0.004002895398668923   -5.035606127675221e-06      -104.38997028150787      0.02029270189016129       1.0444821464727339       0.2339393786814835       0.8315351837325752       0.5852522191989062       0.5954326856457328        888.7918590475063        4.184155518545575        892.9760145660518
                       10  -0.00017362112303102753  -1.8733200400520453e-07    0.0033340665297578722         4.38327783910683     0.005411594751324088     0.004002895398532647   -5.035606127663677e-06      -104.38997027938622     0.020292701895338074        1.044482146430891      0.23393937867939296       0.8315351837316693       0.5852522191988762       0.5954326861473849        888.7918502075709        4.184155506640898        892.9760057142117
                       11   -0.0001736211251238439  -1.8733200303284395e-07    0.0033340665342430605        4.383277839106213     0.005411594751336195     0.004002895398657889  -5.0356061276717035e-06      -104.38997028138593     0.020292701889643435        1.044482146455687       0.2339393786803025       0.8315351837319347       0.5852522191988941       0.5954326858319696         888.791858916623        4.184155519294405        892.9760144359175
                       12  -0.00010367587379238763  -2.3599127273409576e-07     0.003156012301047904        4.383367183495683     0.005410559509108862     0.003996231460365079   -5.034717567034288e-06      -104.29247442687904     0.020428268397248935        1.040722055372904        0.233710192915416       0.8314197313276699       0.5852495406536581       0.6382365132663992        705.7698174092548       3.8629173396579097        709.6327347489126
                       13   -0.0001036463555280124   -2.359912705563569e-07     0.003156006523124772        4.383367183626179     0.005410559508972869     0.003996231461002407   -5.034717566680596e-06      -104.29247444745364      0.02042826828872904         1.04072205437059      0.23371019281631478       0.8314197312732907       0.5852495406527806       0.6382365196044182         705.760377200923       3.8627457294194256        709.6231229303424
                       14  -0.00010367542228265634  -2.3599127067045118e-07     0.003156004374088849        4.383367183563072     0.005410559508867951    0.0039962314609230795   -5.034717566687394e-06      -104.29247445919091     0.020428268270688187       1.0407220543241122      0.23371019281251257       0.8314197312688624       0.5852495406527233       0.6382365196567257        705.7691897705569       3.8629113261696877        709.6321010967265
                       15  -0.00010367587455787015  -2.3599127113831322e-07    0.0031560122963702362       4.3833671836724815    0.0054105595090845286     0.003996231460895909   -5.034717566683229e-06       -104.2924744141779     0.020428268332495336       1.0407220543753153       0.2337101928374954       0.8314197312717899       0.5852495406528946       0.6382365209196958        705.7698131519612       3.8629173541593014        709.6327305061205
                       16  -0.00010367170245205567  -2.3599120311075136e-07    0.0031560123877441802         4.38336719146133      0.00541055950791179     0.003996231483343983    -5.03471755134315e-06      -104.29247385014368     0.020428265468110877       1.0407220104825519      0.23371018939158555       0.8314197287994944       0.5852495406189441       0.6382368526085882        705.7683505810586       3.8628940198027837        709.6312446008614
                       17   -9.871394520851004e-05    -2.25279462047422e-07     0.003090011728812938        4.384553306615445     0.005410395229563382     0.003999794095662114   -5.032361446518141e-06        -104.207425832961      0.01999339626997589       1.0340264512631878      0.23318710886934102       0.8310446734461139       0.5852444151649319       0.6895953779303401         688.873926641097       3.9183513886080297         692.792278029705
                       18   -9.870809381444111e-05  -2.2527957774671938e-07     0.003090015149131306       4.3845533197931195     0.005410395216084183     0.003999794037401373   -5.032361432400175e-06      -104.20742450122407     0.019993389774382045       1.0340263784358739       0.2331871013645469       0.8310446678839343       0.5852444150717774       0.6895954056677045        688.8738669954524       3.9183198924720894        692.7921868879246
                       19   -9.872028367081801e-05  -2.2528223031626803e-07     0.003090079038794196        4.384553621393787     0.005410394906518999    0.0039997927015750084   -5.032361108954302e-06      -104.20739406312565     0.019993240795682977       1.0340247093363732      0.23318692935253924       0.8310445403950101       0.5852444129365844         0.68959603830766        688.8717503843055       3.9184253214091536        692.7901757057147
                       20   -9.870973504977907e-05  -2.2528931169981742e-07    0.0030899815033174896       4.3845544254590205     0.005410394070124064      0.00399978912733229    -5.03236024226339e-06      -104.20731407073136     0.019992839682176505        1.034020238112775      0.23318646785169778       0.8310441988347113       0.5852444072120111       0.6895976723284631        688.8665012566769       3.9183469757455205        692.7848482324224
                       21    -9.87148184623997e-05   -2.252794529973078e-07     0.003090011723686197        4.384553331980789     0.005410395214428544     0.003999794076492587   -5.032361404005537e-06      -104.20742354760047      0.01999338499247287       1.0340263300932235      0.23318709672876411       0.8310446635201427       0.5852444150071809       0.6895953720463215        688.8738555983136       3.9183563764574365         692.792211974771
                       22   -9.791802336340735e-05  -2.3311234241898276e-07    0.0030782204618479804        4.385493426484144     0.005409442768257948     0.003995798184197563   -5.031320765603148e-06      -104.11393704043981     0.019528455414836866        1.028844311117213      0.23265318158628595        0.830647543752839       0.5852377771154527       0.6914153097346736        685.8297352599789        3.935651976323398        689.7653872363022
                       23   -9.788805012299936e-05   -2.331123383463899e-07     0.003078222634782084        4.385493427170154     0.005409442768174294     0.003995798185306231   -5.031320764321629e-06      -104.11393697669418     0.019528455179507354       1.0288443085080858       0.2326531813332975       0.8306475435286074        0.585237777112035       0.6914153090861594        685.8276056612439       3.9354822861258416        689.7630879473697
                       24   -9.791802353701555e-05  -2.3311233856766265e-07    0.0030782204502733876        4.385493427094264     0.005409442768066478    0.0039957981851912235   -5.031320764350422e-06      -104.11393698952868      0.01952845516459088       1.0288443085246781       0.2326531813344231       0.8306475435275522       0.5852377771120238       0.6914153086271524         685.829732649943       3.9356519617854664        689.7653846117285
                       25   -9.791966821659569e-05  -2.3311059467755037e-07    0.0030782366795140507        4.385493704560079     0.005409442681500909    0.0039957986347641024   -5.031320195531466e-06      -104.11391373495835      0.01952834162873153       1.0288431306095576      0.23265306699631177       0.8306474411813367       0.5852377755545569       0.6914148100393547        685.8285317711885       3.9356634167621176        689.7641951879507
                       26   -9.791802559816129e-05  -2.3311234239637735e-07      0.00307822046569316        4.385493427683949    0.0054094427675438535    0.0039957981831141055   -5.031320763604338e-06       -104.1139369312883      0.01952845488069897        1.028844305502337      0.23265318110437433       0.8306475432861293        0.585237777108013       0.6914153072832008        685.8297324992991        3.935651986763367        689.7653844860624
                       27    -9.78177976797707e-05  -2.3310968195507222e-07    0.0030786992949137304         4.38563461439116     0.005409358738511411     0.003995670688798258   -5.031085555395216e-06      -104.10109247703663      0.01946560091002723       1.0281835804797739       0.2325964731294225        0.830592623726645       0.5852369016574712       0.6911268379845659        685.4800915748496       3.9348373792125413        689.4149289540621
                       28   -9.791796538240747e-05  -2.3311234197017705e-07    0.0030782202426468622        4.385493429450661     0.005409442766818959     0.003995798181661608    -5.03132076048759e-06      -104.11393676809404      0.01952845412450698       1.0288442980463106      0.23265318164754573        0.830647542679473       0.5852377770984615       0.6914153034758757        685.8297268855355       3.9356515410889013        689.7653784266244
                       29   -0.0001087296024819413  -2.2467177228153346e-07    0.0031950146269206867        4.418970133790814     0.005389877539435045     0.003968710470061795    -4.97506667967832e-06      -101.07749704261147     0.004669925080382513       0.8727382263724375      0.21922743418254537       0.8176524334139603       0.5850309613408409       0.6233028310004585        645.2740006966744        4.644378656045078        649.9183793527195
                       30  -0.00010872960261372369  -2.2467177217006625e-07      0.00319501462853448        4.418970134816145      0.00538987753951643     0.003968710469597693   -4.975066677679284e-06       -101.0774969945567     0.004669924859025886        0.872738219717057       0.2192274342988801       0.8176524330639554       0.5850309613361093       0.6233028300555805        645.2739982780897        4.644378701108672        649.9183769791983
                       31   -0.0001087296029120315  -2.2467177185436352e-07    0.0031950146305174225        4.418970136134076     0.005389877538780048     0.003968710469414001   -4.975066673562923e-06      -101.07749693059299     0.004669924365743327       0.8727382160226935      0.21922743443302622       0.8176524324638877       0.5850309613279163       0.6233028234034004        645.2739959574246        4.644378729357812        649.9183746867825
                       32  -0.00010872960276304532  -2.2467177203891527e-07    0.0031950146316529707        4.418970136715501     0.005389877542108451     0.003968710469423898   -4.975066674015971e-06      -101.07749690263891     0.004669924796011164       0.8727382230684448      0.21922743426463354       0.8176524328085353       0.5850309613353749       0.6233028272229619        645.2739984658024        4.644378682546068        649.9183771483484
                       33  -0.00013060767266820058  -2.0421016918709733e-07    0.0034374760521112286        4.573220389280899     0.005422277570551916     0.003923675790328624   -4.629500409547141e-06       -93.73013163764526    -0.028393218482473368      0.30324458665308907      0.23167916489249066       0.7678057886345565       0.5844047482431314       0.3010656927341424        743.4937420864401        16.40609567252134        759.8998377589614
                       34  -0.00011966863757507094   -2.144409707343155e-07    0.0033162453395159577       4.4960952615358565    0.0054060775549934804     0.003946193130195209    -4.80228354461273e-06       -97.40381434012836    -0.011861646701045423       0.5879914065127634        0.225453299537518       0.7927291110242585       0.5847178547919861          0.4621842618673         562.588642019151        8.591638522548719        571.1802805416997
                       35  -0.00011966863762173945  -2.1444097063655477e-07    0.0033162453400656924       4.4960952627093205     0.005406077556415388     0.003946193130605013    -4.80228354114911e-06       -97.40381431308616    -0.011861646726910768       0.5879914068469085       0.2254532997760159        0.792729110751387       0.5847178547913986      0.46218426050559636        562.5886408542218        8.591638523167818        571.1802793773896
                       36  -0.00011966863772821276  -2.1444097070071794e-07    0.0033162453402918223        4.496095262196953     0.005406077554779202    0.0039461931286187794   -4.802283541980647e-06       -97.40381431116695     -0.01186164688069265       0.5879914053267359        0.225453299578977       0.7927291107659997       0.5847178547905552       0.4621842610214655        562.5886417472223        8.591638556580277        571.1802803038025
                       37  -0.00011966863768917877    -2.14440970728774e-07     0.003316245339947535        4.496095262075785     0.005406077554853415     0.003946193128029971   -4.802283541366386e-06       -97.40381431853177    -0.011861646841161106       0.5879914067894874      0.22545329952639687       0.7927291107999742       0.5847178547924862      0.46218426226943166        562.5886417684457        8.591638529528593        571.1802802979743
                       38  -0.00011966863766381733   -2.144409705698488e-07     0.003316245339775685        4.496095262083559     0.005406077554019438    0.0039461931266106505   -4.802283537560866e-06       -97.40381431441924    -0.011861647010578003       0.5879914075546195      0.22545329949999798       0.7927291105814307       0.5847178547921086       0.4621842620719683        562.5886416040343        8.591638530610432        571.1802801346447
                       39  -0.00011966863747890481  -2.1444097059698668e-07     0.003316245340108784        4.496095261941527    0.0054060775549993195     0.003946193127198702  -4.8022835392441245e-06       -97.40381431118317    -0.011861646855189898       0.5879914062571967      0.22545329951970866       0.7927291106900953       0.5847178547912029      0.46218426174791105         562.588641789539         8.59163853845631        571.1802803279953
                       40  -0.00011966863731176062  -2.1444097067982735e-07    0.0033162453394508283        4.496095261077195      0.00540607755398613     0.003946193121871252   -4.802283535606696e-06       -97.40381431849428    -0.011861646846736306        0.587991407181033      0.22545329954886342       0.7927291105010752       0.5847178547913795       0.4621842621897754        562.5886416410448        8.591638522831701        571.1802801638764
                       41   -0.0001196686374986658  -2.1444097052962554e-07    0.0033162453395916766        4.496095260186428     0.005406077553444148     0.003946193123209493   -4.802283535634929e-06       -97.40381431823042    -0.011861646766953306       0.5879914067511471      0.22545329955242466       0.7927291105237204       0.5847178547912236       0.4621842621902337        562.5886417007067        8.591638524300286         571.180280225007
                       42   -6.745163885018581e-05   -7.603127684706148e-08     0.003492928443877147        3.857187089042294     0.004441693208494035   -0.0012461990309567618   2.0755884249070935e-06       -76.51497221534567     -0.10291848217902533       0.7707095940629831       0.2377719765804529       0.3930921663882296       0.5841606150920478       0.6416709101083091         418.750025284837        44.66012396297346       463.41014924781047
                       43   -9.356013821262832e-05   -1.452361237906887e-07     0.003404586891696552        4.176641175289075    0.0049238853817437575     0.001349997049619224  -1.3633475598528184e-06       -86.95939327773702    -0.057390064440035374       0.6793505002878732      0.23161263805898544       0.5929106387062439       0.5844392349420169       0.5519275859878041        446.0943041304893       18.746730912618304       464.84103504310764
                       44   -8.050588853140712e-05  -1.1063370031887498e-07    0.0034487576677868495       4.0169141321656845     0.004682789295118896   5.1899009331231255e-05     3.56120432527138e-07       -81.73718274654134     -0.08015427330953034       0.7250300471754283      0.23469230731971916       0.4930014025472368       0.5842999250170323       0.5967992480480566       418.52420538238783       29.733639855260183       448.25784523764804
                       45     -8.0505888134133e-05  -1.1063369950067821e-07    0.0034487576697449923        4.016914129215258     0.004682789290959905    5.189897430053334e-05    3.561204782609464e-07       -81.73718258079442      -0.0801542736865791       0.7250300511260745      0.23469230733160962        0.493001399911189       0.5842999250152682       0.5967992488070717        418.5242027047539       29.733640122627815       448.25784282738175
                       46   -8.050588867693296e-05  -1.1063369939546825e-07    0.0034487576715432388        4.016914129510516     0.004682789287973753    5.189897605881149e-05    3.561204749174792e-07       -81.73718253795323     -0.08015427408727202       0.7250300468356936      0.23469230720873502       0.4930013998681588       0.5842999250100812       0.5967992457421705        418.5242035358481       29.733640247495597        448.2578437833437
                       47   -8.050588864999075e-05  -1.1063370037992848e-07    0.0034487576683925056        4.016914132937018    0.0046827892947039875   5.1899011582216705e-05    3.561204283768809e-07       -81.73718273254411     -0.08015427329030592       0.7250300463085084      0.23469230726706464       0.4930014027644738       0.5842999250172538       0.5967992476808073       418.52420523542685       29.733639844176476        448.2578450796033
                       48   -8.001876450774601e-05    -7.68350949381056e-08    0.0035938705321958827         3.93282047851033     0.004429589075367955   -0.0012841682935571502    2.026162438861289e-06        -73.3006506742417     -0.10325541189185826       0.7659763800901833        0.230398008545886      0.39100402898891984       0.5841304886922183       0.5504893310616854       359.22665714987676        45.03316471196327          404.25982186184
                       49   -8.001876454588304e-05   -7.683509500607851e-08    0.0035938705317830923        3.932820478709378      0.00442958907442524    -0.001284168289165895   2.0261624328060017e-06       -73.30065069255771     -0.10325541180572285       0.7659763807477262       0.2303980085286343      0.39100402939659845       0.5841304886937296       0.5504893311978982       359.22665710080383       45.033164643859195       404.25982174466304
                       50   -8.001876449701469e-05    -7.68350948525396e-08     0.003593870532444886        3.932820478192511     0.004429589071973992   -0.0012841682959099114    2.026162438994761e-06        -73.3006506495626     -0.10325541192861717        0.765976380419898      0.23039800854028644       0.3910040290162189       0.5841304886931922       0.5504893313939174        359.2266569950577        45.03316472878408       404.25982172384175
                       51   -8.001876414018207e-05   -7.683509355010108e-08     0.003593870535925637       3.9328204738264643    0.0044295890468682465   -0.0012841683307564104    2.026162470409158e-06       -73.30065037964305     -0.10325541270470694       0.7659763812248783       0.2303980085150995       0.3910040272661157       0.5841304886924868       0.5504893316895334        359.2266557722832        45.03316518618558       404.25982095846877
                       52   -8.001876380439251e-05   -7.683509399475674e-08    0.0035938705346526606       3.9328204755967833    0.0044295890507752254   -0.0012841683124071915    2.026162447885857e-06       -73.30065046455645     -0.10325541223863174       0.7659763814893856      0.23039800859977985       0.3910040286009586       0.5841304886948544       0.5504893318448714       359.22665606615936        45.03316490325647       404.25982096941584
                       53   -8.001876402767495e-05    -7.68350945277175e-08     0.003593870533484908       3.9328204756494105      0.00442958905412271   -0.0012841683054308757    2.026162431841751e-06       -73.30065054355829     -0.10325541196134433       0.7659763810760816       0.2303980085780331      0.39100402928034494       0.5841304886940202       0.5504893311763883         359.226656360872       45.033164742231826       404.25982110310383
                       54   -8.001876420831203e-05   -7.683509430426237e-08     0.003593870534068764       3.9328204744325452     0.004429589049327023    -0.001284168302907396   2.0261624299067676e-06        -73.3006505067835     -0.10325541186188834       0.7659763802470394      0.23039800855771633      0.39100402927727695       0.5841304886934797       0.5504893312667374        359.2266562228177       45.033164715393056        404.2598209382108
                       55    -8.00181219911643e-05   -7.683371097872957e-08    0.0035938746623682388       3.9328116534494693     0.004429532652578865    -0.001284189171939256    2.026143997621343e-06       -73.30028380627003     -0.10325536022901403       0.7659767530659112      0.23039802984264934      0.39100458592138515       0.5841304913304797       0.5504897425496438        359.2246458425712       45.033181620860105        404.2578274634313
                       56   -4.041003082647283e-05    6.811636332357886e-09    0.0038408074165433657       3.3968686443328115                    0.001   -0.0025272304032893807     8.61784372446643e-07      -51.212762137067145     -0.09970658460713845       0.7885846162061718      0.23194900935406945      0.42850633541182515       0.5842995967681286       0.5784839097215109       2667.8443541469496       48.684401638889014       2716.5287557858387
                       57   -6.021439766710937e-05   -3.501172930287396e-08    0.0037173389743696238        3.664844561421571    0.0027147945376839767   -0.0019056993484232653    1.443973405653966e-06       -62.25670640565441     -0.10148099824949837       0.7772804981481776      0.23117350894997774       0.4097551822003725       0.5842150427301734       0.5644866203915981        337.3685222477527        46.10417822419773        383.4727004719504
                       58    -7.01165810874278e-05  -5.5923412120489566e-08     0.003655604753282753       3.7988325199659503    0.0035721918065259664   -0.0015949338209902079   1.7350679222576272e-06       -67.77867853994806     -0.10236820507067831       0.7716284391191806       0.2307857587479319       0.4003796055946462       0.5841727657111959       0.5574879757266418        330.5210830700224         45.3800202302734       375.90110330029586
                       59   -6.516548937726858e-05   -4.546757071168187e-08    0.0036864718638261887       3.7318385406937606    0.0031434931721049724   -0.0017503165847067366   1.5895206639557967e-06       -65.01769247280123     -0.10192460166008833        0.774454468633679       0.2309796338489548      0.40506739389750934       0.5841939042206847       0.5609872980591195       323.89176781196704        45.69493641778379        369.5867042297508
                       60   -6.516548834176368e-05  -4.5467570013420095e-08     0.003686471866002858       3.7318385325660053     0.003143493102694162   -0.0017503165664456372   1.5895205768794899e-06       -65.01769217661766      -0.1019246003156186       0.7744544720685831      0.23097963394046203      0.40506739861406815       0.5841939042363451       0.5609873002923385       323.89176547162464        45.69493571164188       369.58670118326654
                       61   -6.516548943802272e-05  -4.5467570880224485e-08    0.0036864718631782157       3.7318385420293487    0.0031434931800385403   -0.0017503165766739072   1.5895206633833128e-06       -65.01769251945832      -0.1019246015214674       0.7744544691223074      0.23097963383222586       0.4050673941675112       0.5841939042219877       0.5609872981035142        323.8917672185534        45.69493633789837       369.58670355645177
                       62  -5.3992359368974677e-05   -3.978841201499981e-08     0.003702392834734403       3.6566268159548017     0.002450694908509009   -0.0014208909468533884    5.673501807888608e-07        -62.2476289221649     -0.08425495170069401       0.8215530255379968      0.23180180749725016      0.46390936652508025       0.5843951899832386       0.5876346415112286       309.69742007880245       37.097364366291856        346.7947844450943
                       63   -5.399235918293339e-05   -3.978841130574821e-08    0.0037023928369531644       3.6566268137127604    0.0024506948987548377   -0.0014208909612866117    5.673502007186632e-07      -62.247628760446226     -0.08425495195383421       0.8215530253891639        0.231801807493065        0.463909365466137       0.5843951899819987       0.5876346412600908        309.6974194827105        37.09736455849492        346.7947840412054
                       64  -5.3992359444063266e-05   -3.978841197465415e-08     0.003702392835041237        3.656626816773691    0.0024506949166522842   -0.0014208909520661633    5.673501964452007e-07       -62.24762890513183     -0.08425495185189931       0.8215530253104428       0.2318018074753213       0.4639093657060355       0.5843951899818328       0.5876346412614408         309.697419736749        37.09736446426844        346.7947842010174
                       65  -5.0714955421715256e-05    -2.54484809735262e-08    0.0037482731902673504       3.6166437406962273     0.002302626661767642   -0.0017375216094686838   1.0523536891548873e-06      -58.933673580595844      -0.0901460106194999       0.8173059840611399       0.2315946347504896      0.43821186990330374        0.584362578658475       0.5812264144312413        300.6513731249071        41.62726697716122        342.2786401020683
                       66   -5.071495541324037e-05  -2.5448480941824085e-08    0.0037482731905175808       3.6166437405674414    0.0023026266614692113   -0.0017375216121434884   1.0523536900859607e-06        -58.9336735539027     -0.09014601063828948       0.8173059842350427      0.23159463473945535      0.43821186979911503        0.584362578658881       0.5812264144360784         300.651373041944        41.62726699616729        342.2786400381113
                       67   -5.071495543434621e-05   -2.544848085691115e-08    0.0037482731906825963        3.616643740129945      0.00230262665994759   -0.0017375216147443625   1.0523536912161822e-06       -58.93367353475616     -0.09014601070641601       0.8173059842286379      0.23159463471737335       0.4382118696522981        0.584362578658768       0.5812264143844974       300.65137300514965        41.62726702927523        342.2786400344249
                       68   -5.071495542171016e-05   -2.544848096944096e-08     0.003748273190180556        3.616643740669933     0.002302626661920621   -0.0017375216090356048   1.0523536879702524e-06       -58.93367357580108     -0.09014601063030915       0.8173059842011685      0.23159463474162037      0.43821186994340877       0.5843625786590885       0.5812264145153856       300.65137311143985        41.62726697417581        342.2786400856157
                       69   -5.071495541410676e-05  -2.5448480920475466e-08    0.0037482731902489033        3.616643740370863     0.002302626661590112   -0.0017375216102706796   1.0523536883695156e-06       -58.93367356143807     -0.09014601065634371       0.8173059841390391       0.2315946347604508       0.4382118698619186       0.5843625786591976       0.5812264145670607       300.65137309090437        41.62726698898148       342.27864007988586
                       70   -5.071495539473055e-05  -2.5448480942914005e-08     0.003748273190053944       3.6166437402369347     0.002302626662348664    -0.001737521609373783   1.0523536865848957e-06       -58.93367356890475     -0.09014601063786581       0.8173059842324639      0.23159463476014455      0.43821186991822514       0.5843625786592371       0.5812264144461645        300.6513731019177        41.62726697347209       342.27864007538983
                       71  -5.0714955306145376e-05  -2.5448480710710298e-08    0.0037482731894891786        3.616643737894164    0.0023026266630997274   -0.0017375216114553368   1.0523536800328998e-06       -58.93367350964978     -0.09014601075824913       0.8173059844068404      0.23159463475641184      0.43821186973949444       0.5843625786610952       0.5812264144823374         300.651373011894       41.627266997897664        342.2786400097917
                       72    -5.07149552265838e-05  -2.5448480578909007e-08     0.003748273189233109       3.6166437365114024    0.0023026266650223535   -0.0017375216124558442   1.0523536766806424e-06      -58.933673461292265     -0.09014601077837385       0.8173059843392139      0.23159463474116643      0.43821186960494224       0.5843625786624991       0.5812264146988504       300.65137292312653        41.62726700333778        342.2786399264643
                       73   -1.708081556007731e-05   4.7519425603183196e-08     0.003553884511708465       2.8688879477728477    0.0028265916638784147   -0.0023278313240335437   -1.475413460355016e-06       -35.07804351966046     -0.12559257588843184       0.9312868674127619      0.23066054520094567        0.393213126981507       0.5852918228709245       0.6516500854712364        277.6194803757902       51.730795793773595        329.3502761695638
                       74   -3.389788549089628e-05   1.1035472314828499e-08     0.003651078850987908       3.2427658442345377    0.0025646091628230283   -0.0020326764667511136  -2.1152988560006437e-07       -47.00585855012815     -0.10786929325396587       0.8742964257369512      0.23112758997571764       0.4157124984424053       0.5848272007646997       0.6164382499512389       283.11922743446286        45.53432425233286        328.6535516867957
                       75   -2.548935052548685e-05   2.9277448959005848e-08    0.0036024816813481865       3.0558268960036927     0.002695600413350722    -0.002180253895392329   -8.434716729775402e-07       -41.04195103489431     -0.11673093457119886       0.9027916465748564      0.23089406758833164      0.40446281271195617       0.5850595118178121       0.6340441677112381       278.43554545918835       48.346383239769594        326.7819286989579
                       76  -2.5489350538114987e-05   2.9277449004289076e-08     0.003602481679619753       3.0558268939036286    0.0026956004189162153   -0.0021802538890295475   -8.434716912147794e-07       -41.04195100179808     -0.11673093458766619         0.90279164730414       0.2308940675953816      0.40446281300943976       0.5850595118228041        0.634044168078999         278.435545360152         48.3463831862278        326.7819285463798
                       77  -2.5489350594403402e-05   2.9277449267502235e-08     0.003602481678285494       3.0558268906622184     0.002695600421714639    -0.002180253887672966   -8.434717056225727e-07       -41.04195092489245     -0.11673093471886874       0.9027916476555169      0.23089406757166087       0.4044628128827781       0.5850595118264308       0.6340441682321867        278.4355452624436        48.34638320862457       326.78192847106817
                       78  -2.5489350546433203e-05   2.9277449106374757e-08     0.003602481680965758       3.0558268945955107    0.0026956004145466247   -0.0021802538961175908   -8.434716776267823e-07       -41.04195098197336      -0.1167309346394375       0.9027916465988526      0.23089406758752817       0.4044628124893482       0.5850595118193488       0.6340441677915516       278.43554538669747        48.34638326661823       326.78192865331573
                       79  -2.5489350606162225e-05   2.9277448847677766e-08    0.0036024816813219635        3.055826896952236    0.0026956004135553005   -0.0021802538932192087   -8.434716723697143e-07       -41.04195106182992     -0.11673093451942086       0.9027916461693011      0.23089406758247394      0.40446281267368656       0.5850595118163168       0.6340441674700692        278.4355454460042       48.346383214183405        326.7819286601876
                       80  -2.5489350454631528e-05   2.9277449089171095e-08    0.0036024816801979546        3.055826894116766     0.002695600416624898   -0.0021802538936392516   -8.434716855394706e-07      -41.041950975877725     -0.11673093463973515       0.9027916464655072      0.23089406758239586      0.40446281254699445       0.5850595118197534       0.6340441675874517       278.43554540464896       48.346383241810145        326.7819286464591
                       81   -2.548935049319519e-05    2.927744901749665e-08    0.0036024816810037554       3.0558268954620553    0.0026956004141901546   -0.0021802538949065786   -8.434716753893737e-07        -41.0419510162317     -0.11673093459564056       0.9027916464669525      0.23089406760219236      0.40446281268308226       0.5850595118182528       0.6340441676434994        278.4355454355618        48.34638324479438       326.78192868035615
                       82  -2.8897527210822367e-05   5.6934728953816504e-08    0.0032994357651799366       2.6006795955126925      0.00358464809750558    -0.001419360078173524   -3.978704755599401e-06       -28.44572841419503      -0.1299975785057671       0.9086982322606407      0.23052120971254064       0.3816424057014145        0.585671971324113       0.6323811919821427       264.79196119639647        49.26862636506909        314.0605875614656
                       83  -2.8897527258165464e-05    5.693472901034134e-08    0.0032994357642096763       2.6006795941822185     0.003584648099817159   -0.0014193600761952779   -3.978704764910088e-06      -28.445728388929638     -0.12999757854000574       0.9086982321251456       0.2305212097048102      0.38164240571808866       0.5856719713254517       0.6323811919019322        264.7919611521715        49.26862637353012       314.06058752570164
                       84  -2.8897527223524988e-05    5.693472894631836e-08    0.0032994357648105585       2.6006795952300923    0.0035846480985586996    -0.001419360077136683    -3.97870475835593e-06      -28.445728411511105     -0.12999757850104365       0.9086982321856163      0.23052120971445414       0.3816424057889821       0.5856719713245657        0.632381191945635        264.7919611949208       49.268626359184026        314.0605875541048
                       85  -2.8897527181791878e-05    5.693472901231154e-08      0.00329943576461694        2.600679594637763    0.0035846480988300494   -0.0014193600784805592   -3.978704757370683e-06       -28.44572839820742      -0.1299975785222832       0.9086982321715824      0.23052120971354106      0.38164240594259646       0.5856719713252017       0.6323811919262781       264.79196116682704       49.268626372652705       314.06058753947974
                       86  -2.8897527222807788e-05    5.693472897862504e-08    0.0032994357649737084       2.6006795952357518    0.0035846480979525716    -0.001419360078456914   -3.978704756004503e-06      -28.445728405355307     -0.12999757851360635       0.9086982321418933      0.23052120970878476       0.3816424057351776       0.5856719713245131        0.632381192003546        264.7919611842877        49.26862637084667       314.06058755513436
                       87   -2.918053583907663e-05    6.566169170282571e-08    0.0031310701057767083         2.39833967583644     0.004011891663796605    -0.001262249648294491  -4.8699193320433935e-06      -24.893311800224218     -0.13230796844692735       0.8725355281537581      0.23059422313511294       0.4309057866862587       0.5859421419635641        0.619206506086484        261.3219651442101        50.03757684689982        311.3595419911099
                       88   -2.918053585379565e-05    6.566169170908549e-08    0.0031310701048732417        2.398339675193605      0.00401189166606655   -0.0012622496471711218   -4.869919334680525e-06      -24.893311793332327     -0.13230796843386392       0.8725355279517579      0.23059422313711625       0.4309057870144589       0.5859421419646929       0.6192065058921559       261.32196514124826       50.037576839077744         311.359541980326
                       89  -2.9180535850207375e-05    6.566169175496694e-08    0.0031310701048875202       2.3983396748559564     0.004011891665808566   -0.0012622496480246361  -4.8699193367007686e-06       -24.89331177633669     -0.13230796846556364       0.8725355280354592       0.2305942231319005       0.4309057867835525       0.5859421419648762       0.6192065059114267       261.32196512331325       50.037576858459154        311.3595419817724
                       90  -2.9180535855164997e-05    6.566169167969959e-08    0.0031310701055691278       2.3983396760921423     0.004011891663971323   -0.0012622496481656696  -4.8699193311241146e-06      -24.893311805912376     -0.13230796843149695       0.8725355279752591      0.23059422313338448      0.43090578667428897       0.5859421419633932       0.6192065059868384       261.32196514416256        50.03757684044028       311.35954198460286
                       91   -2.918053583546949e-05    6.566169177159568e-08    0.0031310701045356437        2.398339675055872      0.00401189166610997    -0.001262249648660448     -4.8699193366206e-06       -24.89331176048917     -0.13230796846913312       0.8725355277574505      0.23059422313520017       0.4309057865356853       0.5859421419652722       0.6192065059110403       261.32196510276566        50.03757686850066        311.3595419712663
                       92  -2.9180535839503806e-05    6.566169170239732e-08    0.0031310701056515384       2.3983396759742006     0.004011891663710155   -0.0012622496484488196   -4.869919331755193e-06      -24.893311799560767     -0.13230796844563683       0.8725355281511809      0.23059422313849764      0.43090578668187784        0.585942141963741        0.619206506071686        261.3219651411014         50.0375768468264       311.35954198792774
                       93  -2.9180535857512837e-05    6.566169167577529e-08    0.0031310701051722083        2.398339676204573     0.004011891664140124   -0.0012622496484889947   -4.869919331257566e-06      -24.893311804627945     -0.13230796842406703       0.8725355280159242       0.2305942231341137      0.43090578687341546       0.5859421419643907       0.6192065060567691        261.3219651457585        50.03757683681062        311.3595419825691
                       94   -2.918053586258647e-05    6.566169171873722e-08    0.0031310701052390177       2.3983396762715197     0.004011891663384087    -0.001262249649165028  -4.8699193304457276e-06      -24.893311793295027     -0.13230796844105372       0.8725355282680893      0.23059422312272682       0.4309057866690183       0.5859421419648971       0.6192065061334926        261.3219651307548       50.037576847962455       311.35954197871723
                       95  -3.6619631667578916e-05     6.37693481260365e-08     0.002855554409667423        2.482157496031442     0.004218763857905376    -0.001347463604923379  -4.7878428875944456e-06       -23.53190823604073     -0.12714602179095524       0.8197281669324441      0.23015897029694735       0.4621730236393548       0.5863076868259168       0.5847841476470146        260.2360178477604        48.66950965940244       308.90552750716284
                       96   -3.661963169915273e-05    6.376934807651684e-08     0.002855554408617386       2.4821574970695393     0.004218763858828397   -0.0013474636055198386   -4.787842884404028e-06      -23.531908235383924     -0.12714602173146586       0.8197281667958962      0.23015897030810376       0.4621730237571258       0.5863076868278024       0.5847841474856761        260.2360178212755        48.66950963985936       308.90552746113485
                       97    -3.66196317045552e-05    6.376934802650611e-08    0.0028555544098003375       2.4821574972079143      0.00421876385671606   -0.0013474636053285196   -4.787842882282903e-06       -23.53190826867893     -0.12714602173311015       0.8197281668696061      0.23015897030091415       0.4621730236312629        0.586307686825168       0.5847841475858973       260.23601786810735        48.66950963293552       308.90552750104285
                       98   -3.661963167158298e-05    6.376934816142702e-08     0.002855554408939436       2.4821574954849623     0.004218763858675756   -0.0013474636053649068   -4.787842889303314e-06       -23.53190822078489     -0.12714602178858034       0.8197281669369492      0.23015897029899973       0.4621730235363081       0.5863076868273911       0.5847841476521154         260.236017834767       48.669509664817724        308.9055274995847
                       99   -3.661963164286485e-05    6.376934818692229e-08     0.002855554408502844       2.4821574952040466     0.004218763858670242   -0.0013474636052755516   -4.787842888444709e-06      -23.531908220361096     -0.12714602176948772       0.8197281670702015       0.2301589702969965       0.4621730233888619       0.5863076868283524       0.5847841477110807         260.236017830531        48.66950965899509        308.9055274895261
                      100   -3.661963162265012e-05    6.376934812406461e-08    0.0028555544085716103        2.482157495935045    0.0042187638579897005   -0.0013474636056351515   -4.787842886740844e-06      -23.531908235534242      -0.1271460217417289       0.8197281669833449      0.23015897029147525      0.46217302360743145       0.5863076868280171       0.5847841477253555        260.2360178459988        48.66950964495326       308.90552749095207
                      101   -3.661963165470662e-05    6.376934814954781e-08     0.002855554408622751        2.482157495723498     0.004218763858194709   -0.0013474636051368143   -4.787842888680232e-06      -23.531908225318297     -0.12714602176471443       0.8197281671035199       0.2301589703008124       0.4621730237213103       0.5863076868281101       0.5847841476707805       260.23601784325575        48.66950965211219       308.90552749536795
                      102  -3.6619631683177875e-05    6.376934811989234e-08    0.0028555544083033874       2.4821574961944624     0.004218763857520179   -0.0013474636048464185   -4.787842887144886e-06      -23.531908233928906      -0.1271460217288314       0.8197281669773473      0.23015897030283997       0.4621730237109163       0.5863076868286394       0.5847841477820639         260.236017854398        48.66950963812896       308.90552749252697
                      103    -3.32988745155912e-05    6.701054925819914e-08    0.0023451602825267726       2.4255589013972765     0.004283453770347409    -0.001520514222740174  -4.6504570316018155e-06      -21.463638481447617     -0.10749564877188299       0.8523305566168204      0.23112940753574673      0.44794191518797966       0.5873111729728049       0.6097807307362713       261.53028560051166        43.53507214836885        305.0653577488805
                      104  -3.3298874411412274e-05    6.701054950559629e-08    0.0023451602765235374       2.4255588986758028    0.0042834537752152076    -0.001520514224039674   -4.650457042110016e-06       -21.46363836805682     -0.10749564866345772       0.8523305570224364       0.2311294075364449       0.4479419148481257       0.5873111729863676       0.6097807309078362        261.5302854860009        43.53507215095985        305.0653576369607
                      105   -3.329887450072104e-05     6.70105491906434e-08    0.0023451602792941995        2.425558902094783     0.004283453769210794   -0.0015205142238728163  -4.6504570265785035e-06      -21.463638495204957     -0.10749564857257375       0.8523305569138968       0.2311294075243087       0.4479419147989987       0.5873111729789928       0.6097807307793017       261.53028562495143          43.535072092048        305.0653577169994
                      106   -3.329887449513556e-05    6.701054938515096e-08    0.0023451602798097437       2.4255588998852344     0.004283453772335673   -0.0015205142229395379   -4.650457038789772e-06       -21.46363842575494     -0.10749564875452687       0.8523305566145185       0.2311294075244587       0.4479419149445309       0.5873111729782535       0.6097807307401721        261.5302855710667        43.53507216062253       305.06535773168923
                      107   -3.329887452347812e-05    6.701054923759676e-08    0.0023451602827416936        2.425558901874707     0.004283453769502347   -0.0015205142218174255  -4.6504570312616615e-06      -21.463638487277027     -0.10749564875561111       0.8523305564873753      0.23112940753118136      0.44794191506703945       0.5873111729722701       0.6097807306858867       261.53028559312156        43.53507214101426       305.06535773413583
                      108   -3.329887452267668e-05    6.701054924120639e-08    0.0023451602808426744       2.4255589017553434     0.004283453769279205   -0.0015205142220519631   -4.650457032134984e-06      -21.463638476438017     -0.10749564867528925       0.8523305565961599       0.2311294075419564         0.44794191523888       0.5873111729761259       0.6097807307044443       261.53028560756303        43.53507211921282       305.06535772677586
                      109   -3.329887447676592e-05    6.701054941288938e-08    0.0023451602774773334        2.425558899883249      0.00428345377181357   -0.0015205142221408115   -4.650457038002106e-06       -21.46363841505071     -0.10749564864069765        0.852330556739417      0.23112940753311512      0.44794191536483324       0.5873111729833029       0.6097807308301402       261.53028559021647        43.53507212428416       305.06535771450064
                      110   -3.329887452765317e-05    6.701054923342364e-08    0.0023451602794863973        2.425558901750013     0.004283453768309917   -0.0015205142219950685   -4.650457028751017e-06      -21.463638488384767      -0.1074956485907206       0.8523305566292176      0.23112940751927258      0.44794191546019063       0.5873111729786373       0.6097807307938066        261.5302856599107       43.535072090546755       305.06535775045745
                      111   -3.148016327945405e-05    7.147451607765192e-08    0.0014309017833003194        2.437281823251608     0.004080096338370792     -0.00133497115145611   -5.076592716427673e-06       -15.74262590517955     -0.06578702021586426       0.8606703168092753      0.23068388597972592      0.42709358064074493       0.5891364808426786       0.6074173113733856        267.7236205478703       34.627445448729766        302.3510659966001
                      112   -3.238951889752257e-05    6.924253266792553e-08    0.0018880310329135459        2.431420362324442       0.0041817750543591   -0.0014277426870981417   -4.863524874014745e-06      -18.603132193313584     -0.08664133449387362       0.8565004367130478      0.23090664675773637       0.4375177479143623       0.5882238269077417       0.6085990210548289        262.6761439870579        38.55667837287668        301.2328223599346
                      113   -3.193484108848831e-05    7.035852437278862e-08    0.0016594664081069326        2.434351092788025     0.004130935696364946   -0.0013813569192771258   -4.970058795221209e-06      -17.172879049246568     -0.07621417735486896       0.8585853767611618      0.23079526636873116       0.4323056642775536       0.5886801538752101       0.6080081662141072       264.47517026524145       36.460916804385064        300.9360870696265
                      114  -3.1934841142233295e-05    7.035852411453441e-08    0.0016594664102712777       2.4343510958635797     0.004130935691333317     -0.00138135691860551   -4.970058782365822e-06      -17.172879147211457     -0.07621417724701995       0.8585853767202591       0.2307952663588948       0.4323056641855046       0.5886801538701456       0.6080081660917553       264.47517029143546        36.46091675060739       300.93608704204286
                      115  -3.1934841078435695e-05     7.03585244283417e-08    0.0016594664088411236        2.434351091990292     0.004130935697766153   -0.0013813569197250904   -4.970058797675606e-06       -17.17287903490945     -0.07621417744226813       0.8585853767639573      0.23079526636262349       0.4323056642579508       0.5886801538738338       0.6080081662042396         264.475170236482        36.46091682934962        300.9360870658316
                      116   -3.231364456573256e-05     6.86763050493386e-08    0.0016964071977055236       2.4517924581537116     0.004104231337880028     -0.00138276044047775   -4.880401430826542e-06       -17.93925464304867     -0.07673398875883551       0.8582046575799778      0.23057462363625356      0.43095585966334593       0.5886002192375238        0.606522233356432        264.3834746991503        36.36928274647424        300.7527574456246
                      117   -3.231364456382708e-05    6.867630504417149e-08    0.0016964071978669015        2.451792458210288     0.004104231337781051   -0.0013827604404719161  -4.8804014303303905e-06      -17.939254645641157     -0.07673398875975725       0.8582046575776938      0.23057462363383624       0.4309558596453803        0.588600219237286       0.6065222333506757       264.38347469922473        36.36928274610885        300.7527574453336
                      118   -3.231364456400651e-05    6.867630504845409e-08    0.0016964071977265802        2.451792458125814     0.004104231337843203   -0.0013827604405264957    -4.88040143070754e-06        -17.9392546431227     -0.07673398875873876       0.8582046575726863      0.23057462363532027       0.4309558596631933       0.5886002192375828       0.6065222333557481        264.3834746988124        36.36928274667594        300.7527574454883
                      119   -3.231364456070967e-05    6.867630505383465e-08    0.0016964071976427947        2.451792458038533      0.00410423133785603   -0.0013827604405312643   -4.880401430659932e-06      -17.939254641335115     -0.07673398875818933       0.8582046575746076      0.23057462363674713        0.430955859672142       0.5886002192379199       0.6065222333530862        264.3834746982683        36.36928274707938        300.7527574453477
                      120   -3.231364456539494e-05    6.867630504747111e-08     0.001696407197731195       2.4517924581469073     0.004104231337832197   -0.0013827604404954177   -4.880401430692943e-06      -17.939254643156342      -0.0767339887592034       0.8582046575818656      0.23057462363688205        0.430955859644014       0.5886002192376213       0.6065222333525657        264.3834746987849       36.369282746767354        300.7527574455522
                      121   -3.137110756489252e-05     6.88956244346451e-08    0.0016971619125248497       2.4347363241976963     0.004090356585499969   -0.0013956245775142095   -4.818708836570266e-06       -17.80512258456866     -0.07669800205132794       0.8569137689377746       0.2305325361109451       0.4299472103949413       0.5886603726497839       0.6054761995502664       264.23527890428545        36.48371062059425        300.7189895248797
                      122   -3.134230777667108e-05    6.889562332227316e-08    0.0016971584607830598       2.4347363244215607     0.004090356584308315   -0.0013956245768384416  -4.8187088364252355e-06       -17.80512254809802     -0.07669800217631104       0.8569137689919843      0.23053253607810095      0.42994721040078365       0.5886603726515617       0.6054762024084823       264.23534653277807       36.483558239141956       300.71890477192005
aborted minimisation     
Minimisation aborted as it proceeded too slow                
 restart
                      123   -3.134230777667108e-05    6.889562332227316e-08    0.0016971584607830598       2.4347363244215607     0.004090356584308315   -0.0013956245768384416  -4.8187088364252355e-06       -17.80512254809802     -0.07669800217631104       0.8569137689919843      0.23053253607810095      0.42994721040078365       0.5886603726515617       0.6054762024084823       264.23534653277807       36.483558239141956       300.71890477192005
                      124   -3.131416532091568e-05    6.889562133444396e-08      0.00169715183094564       2.4347363247381275    0.0040903565821640816    -0.001395624575810766   -4.818708836228829e-06      -17.805122494792872     -0.07669800242653624       0.8569137690812165       0.2305325360243263      0.42994721040995043       0.5886603726544917       0.6054762070321136       264.23545246220647        36.48340851079851         300.718860973005
                      125   -3.134195960166082e-05    6.889562093948329e-08    0.0016971500646146805        2.434736324682434    0.0040903565817383665     -0.00139562457586935   -4.818708836278581e-06      -17.805122500058427      -0.0766980024732399       0.8569137690883164       0.2305325360211961       0.4299472104099124        0.588660372654713        0.605476207264978        264.2353455900649       36.483554261357845       300.71889985142275
                      126  -3.1342306999733224e-05    6.889562079711675e-08     0.001697158451891807        2.434736324756452     0.004090356582566456   -0.0013956245760132532   -4.818708836208138e-06       -17.80512244297208     -0.07669800228356244       0.8569137691097322        0.230532536040307       0.4299472104090493       0.5886603726546206       0.6054762079783114        264.2353464485253        36.48355828996627        300.7189047384916
                      127   -3.134144053241578e-05    6.889561932530764e-08    0.0016971584878591054        2.434736325599454     0.004090356579847457   -0.0013956245721717649  -4.8187088347574785e-06      -17.805122221229045     -0.07669800250864228       0.8569137698041691      0.23053253597722773      0.42994721042408895       0.5886603726613634       0.6054762152639279       264.23534903806944        36.48355384586901        300.7189028839384
                      128  -3.1250366444856895e-05    6.878008343237384e-08    0.0016965021553810263        2.434751647281149      0.00409027685383317   -0.0013955868076508152   -4.818698902183917e-06       -17.80031366210212     -0.07670291566385713       0.8569191573410864       0.2305308060749024       0.4299475886608855       0.5886605126298131        0.605731049384425        264.2324941497221       36.485522727127446        300.7180168768495
                      129   -3.126329972276724e-05    6.878016772981082e-08    0.0016965012662380763       2.4347516741114963     0.004090276811068641   -0.0013955866371953628  -4.8186988314338365e-06      -17.800307742831276     -0.07670292174287238       0.8569191903459445      0.23053080492035272      0.42994758898544355       0.5886605128199922       0.6057311005012496        264.2324273215946        36.48559280347603       300.71802012507067
                      130  -3.1250485724314374e-05    6.878050549855088e-08    0.0016965013269018832       2.4347517816558195    0.0040902766405739085   -0.0013955859548443821  -4.8186985481850466e-06      -17.800284029479226     -0.07670294598930884       0.8569193224163931      0.23053080029984369      0.42994759028577034       0.5886605135810208       0.6057313054426423        264.2324780183469        36.48553454581819        300.7180125641651
                      131   -3.125986418598813e-05    6.878307433512657e-08    0.0016966503721381676        2.434752659436976     0.004090275195857685   -0.0013955804512546515   -4.818696266636418e-06       -17.80008795469678     -0.07670314216035869         0.85692040280024        0.230530761838558       0.4299476011046366       0.5886605198353573       0.6057329669145366        264.2323157262008        36.48569846022694       300.71801418642775
                      132  -3.1282260218512004e-05    6.887052119370054e-08    0.0016964086762882883         2.43478047298645     0.004090231077794957   -0.0013954039025165722   -4.818622980124676e-06       -17.79395558105765     -0.07670941995286693       0.8569545699951686      0.23052956682192305      0.42994793733867587       0.5886607167026735       0.6057859722184693       264.22943932310204         36.4881140410868       300.71755336418886
                      133   -3.128226021606495e-05    6.887052118508008e-08    0.0016964086762953823        2.434780473017813     0.004090231077760617    -0.001395403902502268    -4.81862298008993e-06       -17.79395558133164     -0.07670941995257541       0.8569545701662837      0.23052956681822415      0.42994793750680643       0.5886607168412088       0.6057859722149805       264.22943932504063        36.48811403834133       300.71755336338197
aborted minimisation     
Minimisation aborted as it proceeded too slow               
 finished