                   sim_nr                 advtheta                     advq                   advCO2               deltatheta               gammatheta                   deltaq                   gammaq                 deltaCO2                 gammaCO2                  sca_sto                    alpha                    FracH                       wg                      R10                     data               background                    Costf
                        1   -0.0011883214741767192    6.178117983886371e-07   0.00014917313587607396        3.254763387291428    0.0036001062153481382   -0.0032179148395015634   -6.167438504275202e-07       -85.26637867993156    -0.045213872741471955       1.0663204584661043      0.23985971662513267       0.3403827318152188       0.5878015298396956       0.5536562079892454       110063.32599644951                      0.0       110063.32599644951
                        2   -0.0011882932541987356    6.178117971379836e-07   0.00014917691531539083       3.2547633873840995     0.003600106216095713   -0.0032179148401377277   -6.167438508967626e-07       -85.26637864634168     -0.04521387257911469       1.0663204584486758       0.2398597166290236       0.3403827318163902        0.587801529839639       0.5536562083149903       110060.08773743041   2.5810523952222046e-09       110060.08773743299
                        3   -0.0011883215558410954    6.178117985924894e-07   0.00014917619466309692       3.2547633873186648    0.0036001062154037144   -0.0032179148393038167   -6.167438500639029e-07         -85.266378654578     -0.04521387267959608       1.0663204584492896      0.23985971663034722      0.34038273181538936       0.5878015298397704       0.5536562083854326        110063.2889064686    5.605308556414157e-13        110063.2889064686
                        4   -0.0011883214735864064    6.178117985834368e-07    0.0001491731383490468        3.254763387297374    0.0036001062150670914    -0.003217914839314199   -6.167438501782836e-07       -85.26637868088547    -0.045213872805018776        1.066320458458696      0.23985971662705274       0.3403827318154976       0.5878015298397581       0.5536562081419101       110063.32596753782    6.385896333033439e-18       110063.32596753782
                        5   -0.0011883228562801088     6.17813935387784e-07   0.00014920007719121557       3.2547634526246196    0.0036001031342716054   -0.0032179127840195037   -6.167411153042844e-07       -85.26638915129699     -0.04521456997838572       1.0663203771885965       0.2398597377085051      0.34038273487321125       0.5878015305255627       0.5536578828411702       110063.89744733828     6.38425223604907e-10       110063.89744733892
                        6    0.0016286552858119246   1.4018146783672158e-06     0.013667552004102258        3.278724820375671    0.0024694172067561597    -0.002463819050528443   3.8652373741830743e-07       -89.07508401433802      -0.3008325179095508       1.0364926128412324       0.2475920134197078      0.34150475778044387       0.5880531177115734       1.1683848466791042        319615.3461930012       115.60759396460237        319730.9537869658
                        7   0.00022016690581760272   1.0098132383779264e-06    0.0069083625699891665       3.2667441038335494     0.003034761711052149    -0.002840866945015003   -1.151100565046064e-07        -87.1707313471348      -0.1730231953255114       1.0514065356536684      0.24372586502242025       0.3409437447978313       0.5879273237756345       0.8610205273341744         54178.7312761191        28.90189849115059        54207.63317461025
                        8   -0.0004840772841795582    8.138125183832817e-07    0.0035287678529326203        3.260753745562489    0.0033174339632001436    -0.003029390892258283   -3.659269534660633e-07       -86.21855501353318     -0.10911853403349167       1.0588634970598865      0.24179279082377647        0.340663238306525        0.587864426807665         0.70733836766171        62896.15308091419        7.225474622787647       62903.378555536976
                        9  -0.00013195518918097796    9.118128783806041e-07     0.005218565211460893        3.263748924698019    0.0031760978371261463    -0.002935128918636643  -2.4051850498533486e-07       -86.69464318033398     -0.14107086467950153       1.0551350163567772      0.24275932792309834      0.34080349155217815       0.5878958752916498       0.7841794474979418        51315.13358985946       16.257317901272206        51331.39090776073
                       10  -0.00013195519193729766    9.118128758685957e-07     0.005218565245879738        3.263748924700345    0.0031760978399247375    -0.002935128920618194  -2.4051850714506707e-07        -86.6946431606082     -0.14107086406709463        1.055135016410507      0.24275932791291124      0.34080349155033496       0.5878958752911558       0.7841794463612768        51315.13293910046       16.257317760378736        51331.39025686084
                       11  -0.00013195520034774578     9.11812872801454e-07     0.005218565161459485        3.263748924570711    0.0031760978434623435    -0.002935128923508682   -2.405185111240218e-07       -86.69464315239739     -0.14107086315819828       1.0551350165146027      0.24275932787738036      0.34080349154672507       0.5878958752901916       0.7841794440361225        51315.13325330483       16.257317440555692        51331.39057074539
                       12   -0.0007165351652656169    5.398458728037849e-07    0.0058930428031855825       3.2594603811827025     0.003594716589994538    -0.003245021249755363   -6.072530129932036e-07       -84.32889792695673     -0.04475247306190523       1.0644372457469535      0.24044326159107146       0.3404830182481584       0.5878101000727723       0.5830875749275002        24938.97234823541        2.652780487224456       24941.625128722633
                       13   -0.0007165351547243314    5.398458735561943e-07     0.005893042820843128       3.2594603812691267     0.003594716587071561     -0.00324502124814976   -6.072530105182054e-07       -84.32889794078552     -0.04475247385337194       1.0644372456593088      0.24044326161159305      0.34048301825170213       0.5878101000734417       0.5830875765294081       24938.971944782745       2.6527805309509955       24941.624725313697
                       14   -0.0007165351677443565    5.398458702655737e-07     0.005893042770436374       3.2594603811497493    0.0035947165920957773   -0.0032450212514938486   -6.072530150966832e-07       -84.32889792038935     -0.04475247260042891        1.064437245794009      0.24044326157642734       0.3404830182467766       0.5878101000722866       0.5830875737736907       24938.972240109273       2.6527804590035386       24941.625020568277
                       15   -0.0007165351655501177    5.398458725246313e-07     0.005893042803824753       3.2594603811819347      0.00359471659023064   -0.0032450212499550994   -6.072530132165672e-07       -84.32889792461751     -0.04475247299318141       1.0644372457467999      0.24044326159069823      0.34048301824825705       0.5878101000727187       0.5830875748347566        24938.97234679563       2.6527804869368077       24941.625127282565
                       16   -0.0004889349149157008   4.2323435297439486e-07      0.00482244099808123       3.2607247769178604    0.0036112411701117453   -0.0032871935874393193   -6.390430023616641e-07       -84.38167838178582    -0.045712804946817655        1.063832536619449       0.2403803853706945       0.3405380765049034       0.5878060924923496       0.5752692010816913       11253.791907727396       2.9736369309326074       11256.765544658329
                       17    0.0006490663368338792  -1.5982324617255478e-07   -0.0005305680274405287        3.267046755593652    0.0036938640706977825   -0.0034980552758591007   -7.979929492039666e-07       -84.64558065593127     -0.05051446437137978        1.060808990981926      0.24006600426880975      0.34081336778862825       0.5877860545902361       0.5361773318526435       23899.857745715788       12.988712992917606       23912.846458708707
                       18    8.006571095908917e-05   1.3170555340092004e-07     0.002145936485320351       3.2638857662557563    0.0036525526204047648   -0.0033926244316492098   -7.185179757828153e-07       -84.51362951885854     -0.04811363465909872       1.0623207638006875      0.24022319481975216      0.34067572214676584       0.5877960735412929        0.555723266467167         5364.05497651768       6.2289262445408875        5370.283902762221
                       19     8.00603605051139e-05   1.3170555072958734e-07    0.0021459646800731313         3.26388576675938     0.003652552622165725   -0.0033926244323759054    -7.18517975750363e-07        -84.5136293097145     -0.04811363426615794       1.0623207637762409      0.24022319488155242       0.3406757221457093        0.587796073541737       0.5557232726783425        5363.923575729628         6.22888876082517        5370.152464490454
                       20    8.009927243428079e-05   1.3170554358563036e-07     0.002146038250226576        3.263885768154759    0.0036525526271731276    -0.003392624434443431   -7.185179757472156e-07       -84.51362874268203      -0.0481136331390838       1.0623207636048175      0.24022319502149714      0.34067572214465114       0.5877960735427906       0.5557232892229331        5363.625317254956        6.229225528655093        5369.854542783611
                       21   -7.476382997851912e-05    1.315217492733614e-07     0.004078569328775715       3.2639206132081173    0.0036526749799810684   -0.0033926749302611117   -7.185160780959693e-07       -84.49920818896969     -0.04808629237301366        1.062318656681029      0.24022734554106553      0.34067565653482623       0.5877961035605612       0.5561503691261072        1004.201071046659         5.69419412736184       1009.8952651740208
                       22   -7.476382930558562e-05   1.3152174810879804e-07     0.004078569324608897       3.2639206132851974    0.0036526749798688907   -0.0033926749307474006    -7.18516078316926e-07       -84.49920817849844     -0.04808629238531562        1.062318656576797      0.24022734553358416       0.3406756565351493       0.5877961035605541       0.5561503707442554       1004.2010609241464        5.694194134260946       1009.8952550584073
                       23   -7.476383029907823e-05   1.3152174927808636e-07     0.004078569329395946        3.263920613296322     0.003652674979972028    -0.003392674930128102   -7.185160780715011e-07       -84.49920818126617    -0.048086292387824504       1.0623186566329497       0.2402273455339258       0.3406756565340971       0.5877961035605739       0.5561503699106343       1004.2010702110607        5.694194125464907       1009.8952643365257
                       24  -5.5361083358236845e-05    5.571931478002981e-08    0.0038536636398373804         3.27573313683738    0.0036446443360249854   -0.0034142685494369506   -7.310887862249895e-07       -83.22298167719015     -0.05002786611748737       1.0518106926807793      0.23918994386589687       0.3406408135781154       0.5877966034422116       0.7222075690175949        637.2420217388939        6.337821532270284        643.5798432711641
                       25   -5.536108286999155e-05    5.571931480915906e-08     0.003853663637518138        3.275733136959851     0.003644644336059798   -0.0034142685492907776   -7.310887862123495e-07         -83.222981665965     -0.05002786612904724       1.0518106926629456       0.2391899438593864      0.34064081357750164       0.5877966034422359       0.7222075695880186        637.2420210213138        6.337821537089262         643.579842558403
                       26   -5.536108343373331e-05    5.571931478683021e-08     0.003853663639279789       3.2757331369660996     0.003644644336027369   -0.0034142685492769926   -7.310887862176949e-07       -83.22298166623567     -0.05002786613462361        1.051810692674619      0.23918994385801046      0.34064081357725845       0.5877966034422357       0.7222075691847332        637.2420215236142        6.337821532324489        643.5798430559387
                       27   -5.536108341416628e-05   5.5719314822724715e-08     0.003853663638841063       3.2757331376905174     0.003644644336087935    -0.003414268548383084   -7.310887861717602e-07       -83.22298160280623     -0.05002786622135899       1.0518106926739719      0.23918994381699343      0.34064081357271203       0.5877966034423663        0.722207569195545        637.2420204539893        6.337821533462783        643.5798419874521
                       28  -5.5361083358092646e-05     5.57193145191678e-08    0.0038536636360144896       3.2757331382283255     0.003644644335998779   -0.0034142685478262915   -7.310887861999333e-07       -83.22298155416146    -0.050027866293695655       1.0518106926899096      0.23918994379167222       0.3406408135692185       0.5877966034424285       0.7222075678085833        637.2420196722278        6.337821529622854        643.5798412018506
                       29   -5.536108334434193e-05   5.5719314727883494e-08     0.003853663639629399       3.2757331368853633     0.003644644335895836   -0.0034142685493908386   -7.310887862575335e-07       -83.22298167047823     -0.05002786612890836       1.0518106926457778      0.23918994387464407       0.3406408135775546       0.5877966034421885       0.7222075691014167        637.2420216645588        6.337821532965529        643.5798431975244
                       30   -6.588176523871403e-05   3.3997392410052543e-08     0.003035135146806015        3.600188793951625    0.0036307455989249985   -0.0030252080761142496   -7.230397369878203e-07      -54.358136215943674     -0.09152060493831475       1.0419705012934921       0.2231404653140397       0.3385224572873771       0.5878465784628358       0.7419802499418937        366.1474637474149       10.073908262765702       376.22137201018063
                       31    -6.58557886489546e-05   3.3997397748570443e-08    0.0030351233307088707       3.6001887940151365    0.0036307455963595046    -0.003025208073288027   -7.230397367659421e-07      -54.358136221533684     -0.09152060522928647          1.0419705008816      0.22314046572822815      0.33852245727515556       0.5878465784619222       0.7419802420893502       366.14403861337536       10.074093250446193       376.21813186382155
                       32   -6.588075422236852e-05    3.399739906550212e-08     0.003035118085542552        3.600188793934259    0.0036307455953637153   -0.0030252080726198404    -7.23039736761296e-07       -54.35813623671274     -0.09152060533957754       1.0419705007624382       0.2231404658441784      0.33852245727091185       0.5878465784616401       0.7419802395979502        366.1465432323937       10.073909913792269       376.22045314618595
                       33   -6.588176661473637e-05    3.399739680397815e-08    0.0030351351559116295       3.6001887941824533    0.0036307455973129217   -0.0030252080735243673   -7.230397366667724e-07       -54.35813613682752     -0.09152060505077513       1.0419705009567264       0.2231404657707546      0.33852245727376495       0.5878465784621808       0.7419802439149077        366.1474588422346       10.073908232364918        376.2213670745995
                       34   -6.587901722178826e-05    3.399741890872211e-08     0.003035135424056503        3.600188795510238     0.003630745585609471    -0.003025208059786832    -7.23039735779312e-07      -54.358135608870796     -0.09152060579931459       1.0419704982609055      0.22314046873858043      0.33852245718786367       0.5878465784575323       0.7419802084350895       366.14713596241796        10.07392820992129       376.22106417233925
                       35   -6.508983535280684e-05   4.4500275799059965e-08     0.003032266366600119        3.600740033808631    0.0036268903347099115   -0.0030190179956517665   -7.222727616397981e-07       -54.16921647581546     -0.09178976840698806        1.041165415450475      0.22423197663843106       0.3384899246376784       0.5878450123245096         0.72757170008959        359.5084047934749       10.025687515031203        369.5340923085061
                       36   -6.508766198890328e-05   4.4500172930428155e-08    0.0030322658292429804       3.6007400341208236    0.0036268902421538957    -0.003019018031010105   -7.222727957166834e-07       -54.16921369796373     -0.09178977245029596       1.0411653873540065       0.2242319901209067       0.3384899243256241       0.5878450122910562       0.7275716532718128        359.5082978006568       10.025704029946736       369.53400183060353
                       37   -6.507944532341985e-05   4.4481630077119195e-08    0.0030321407752968263        3.600740089140118     0.003626873555412531   -0.0030190244052748136   -7.222789385838225e-07       -54.16871319530892     -0.09179050167610191       1.0411603229411892      0.22423442028500745      0.33848986806833875       0.5878450062607645       0.7275632105038072        359.4919057648591       10.025879937354693        369.5177857022138
                       38   -6.510884837165627e-05    4.446519794939563e-08     0.003032553526672666        3.600740151559367    0.0036268587220557105    -0.003019030026395011   -7.222843903918392e-07      -54.168262604616345     -0.09179114473340727        1.041155806589303       0.2242365905091352      0.33848981769736897       0.5878450008930833        0.727555778976539        359.4776325425661       10.025943264408436       369.50357580697454
                       39   -6.509088427736256e-05    4.450029157836898e-08    0.0030322661492375984       3.6007400396138287    0.0036268901817465863    -0.003019017959437217    -7.22272790258989e-07       -54.16921112265663     -0.09178977611511804       1.0411653643354484      0.22423200117152448      0.33848992387616483        0.587845012267407       0.7275716438772459        359.5083252928454       10.025680833320639       369.53400612616605
                       40   -6.352591949224085e-05     3.57540880333562e-08    0.0030085299754415546       3.6007752030283546    0.0036187798759182597   -0.0030219791102304885   -7.252186618226458e-07      -53.924480665240296     -0.09214529888879512       1.0386962715168708       0.2254170132768961       0.3384622086318412       0.5878420782751328       0.7235031471439131        355.5194083857679       10.106173837227223       365.62558222299515
                       41   -6.349745697739086e-05   3.5754092499550234e-08     0.003008532213171833       3.6007752033373635     0.003618779873756365    -0.003021979107469707   -7.252186616294056e-07      -53.924480546786015     -0.09214529900164017       1.0386962706054124       0.2254170137200018       0.3384622086148964       0.5878420782742181       0.7235031470487501        355.5168565237578       10.106382037299095        365.6232385610569
                       42   -6.352591170805393e-05    3.575409237873729e-08     0.003008529870906071        3.600775203238626     0.003618779873453589   -0.0030219791075721627   -7.252186616872032e-07       -53.92448056333501     -0.09214529903692018       1.0386962705975085      0.22541701371781306       0.3384622086142049       0.5878420782741816       0.7235031467062614       355.51940506728505       10.106173867004507       365.62557893428954
                       43   -6.352607207886279e-05    3.575444510917743e-08     0.003008530982650304       3.6007752205186714    0.0036187796735708197    -0.003021978891475414   -7.252186506373103e-07       -53.92447219817841     -0.09214531095206283       1.0386961957900487      0.22541704964031378      0.33846220717811815       0.5878420781969217       0.7235031125618638        355.5191407948602        10.10617367415404       365.62531446901426
                       44   -6.352589623759156e-05    3.575408774689601e-08    0.0030085299719176846       3.6007752031295137    0.0036187798709107688    -0.003021979109535903   -7.252186628856714e-07       -53.92448049981019     -0.09214529912467881       1.0386962698061175      0.22541701391574587      0.33846220860807363       0.5878420782732542       0.7235031461348562       355.51940419826263       10.106174043830363         365.625578242093
                       45   -6.261359861864683e-05   4.3572086055275526e-08    0.0030172554955332515        3.601166045121232     0.003613981879072788    -0.003017128159696674   -7.250487593262646e-07      -53.726985047287954     -0.09242702050667391       1.0369126031284912       0.2262604722236643      0.33842861407682856       0.5878402279664715       0.7226704060725169        352.4172904860871       10.132458182896181        362.5497486689833
                       46   -6.261359864024956e-05    4.357208597500179e-08     0.003017255495472875        3.601166045037885    0.0036139818773786433   -0.0030171281602785825   -7.250487603951588e-07       -53.72698504036973     -0.09242702052831342       1.0369126019688069      0.22626047254693255      0.33842861406350466       0.5878402279651737       0.7226704058448039       352.41728960661584       10.132458185311933       362.54974779192776
                       47    -6.26135986085128e-05    4.357208620265545e-08    0.0030172554953731743       3.6011660449202396     0.003613981876211079    -0.003017128159705145   -7.250487606218843e-07       -53.72698503862934     -0.09242702056082985        1.036912601540227      0.22626047227167928       0.3384286140572461       0.5878402279643538        0.722670404651355        352.4172900398466       10.132458184950409         362.549748224797
                       48   -6.261359855065521e-05   4.3572086213045365e-08     0.003017255496264465        3.601166045312859    0.0036139818755767947   -0.0030171281597117573   -7.250487612032998e-07      -53.726985010081826     -0.09242702053147625        1.036912600325344      0.22626047221055218       0.3384286140458745       0.5878402279635566       0.7226704056023481        352.4172899519813       10.132458190461323        362.5497481424426
                       49   -6.261359845480762e-05    4.357208639242153e-08    0.0030172554986954204        3.601166046072564     0.003613981870253579   -0.0030171281598380204   -7.250487644721756e-07       -53.72698491593155     -0.09242702050581403       1.0369125967220936      0.22626047223296886       0.3384286140138856       0.5878402279593802       0.7226704014019507       352.41728908337694       10.132458186042948       362.54974726941987
                       50   -6.261359876132762e-05     4.35720861601687e-08    0.0030172554961069424        3.601166044977834      0.00361398187659844   -0.0030171281593283205   -7.250487604047597e-07       -53.72698501960785     -0.09242702051349916        1.036912602535481      0.22626047221897727       0.3384286141176451       0.5878402279665959       0.7226704057890023        352.4172902850367       10.132458184712139       362.54974846974886
                       51   -6.261359860625332e-05    4.357208607570109e-08    0.0030172554957850466        3.601166044960339     0.003613981876520192    -0.003017128159529036    -7.25048760782893e-07      -53.726985027533445      -0.0924270205199414       1.0369126031601863      0.22626047221862394       0.3384286141797408       0.5878402279676908       0.7226704060752844        352.4172903613211        10.13245818640763        362.5497485477287
                       52   -6.261359830415209e-05    4.357208678655655e-08    0.0030172554990115963       3.6011660430626344    0.0036139818515905945   -0.0030171281580978694   -7.250487752532374e-07       -53.72698482350229     -0.09242702063450373       1.0369126034162142      0.22626047227234014      0.33842861519996714       0.5878402279799433       0.7226704068856646        352.4172891163924       10.132458222522448       362.54974733891487
                       53  -5.4288734527021664e-05   1.0396165716863591e-07     0.003389725232250096       3.4675881359839984                    0.001    -0.002865448691556983  -2.1887667840199873e-06       -30.83821808453801     -0.10470024107221909       0.7488625878615405      0.22984473066936095       0.4221155468472113       0.5885586225328484       0.6067794957709101        8289.950704263045       17.447074638691454        8307.397778901737
                       54   -5.845116657283425e-05     7.37668716119555e-08     0.003203490363891674       3.5343770905526153     0.002306990939536394   -0.0029412884256268283  -1.4569077716731262e-06      -42.282601565912984      -0.0985636307894465        0.892887595495016      0.22805260144651263         0.38027208046202         0.58819942524966       0.6647249509217135       370.40172780045106       12.817250523135732        383.2189783235868
                       55   -6.053238259574054e-05   5.8669478833615516e-08    0.0031103729297124625       3.5677715678369237     0.002960486409304591    -0.002979208292661751  -1.0909782654996953e-06       -48.00479330660047     -0.09549532564806021       0.9649000993117534       0.2271565368350885       0.3593503472694243       0.5880198266080657       0.6936976784971147        314.8229335254045       11.231725381101432       326.05465890650595
                       56  -5.9491774584287394e-05     6.62181752227854e-08     0.003156931646802068       3.5510743291947695    0.0026337386744204926     -0.00296024835914429  -1.2739430185864106e-06       -45.14369743625672     -0.09702947821875335       0.9288938474033845      0.22760456914080057      0.36981121386572213       0.5881096259288628       0.6792113147094145        316.5698376926448       11.963705709139955       328.53354340178475
                       57  -6.0012078590013966e-05    6.244382702820057e-08    0.0031336522882572655        3.559422948515847     0.002797112541862542   -0.0029697283259030208   -1.182460642043053e-06      -46.574245371428596     -0.09626240193340677        0.946896973357569      0.22738055298794452       0.3645807805675732       0.5880647262684643       0.6864544966032646        312.0618757208107       11.582519984376038       323.64439570518675
                       58  -6.0012078397210945e-05    6.244382725084402e-08    0.0031336522909431444        3.559422948259844     0.002797112531851613   -0.0029697283256587327  -1.1824606487276247e-06      -46.574245235832166      -0.0962624019267856       0.9468969719693237      0.22738055312115898       0.3645807809617173       0.5880647262722456       0.6864544960692109        312.0618746416056        11.58252000919256        323.6443946507981
                       59   -6.001207857681424e-05    6.244382721651801e-08    0.0031336522885172277       3.5594229481671293    0.0027971125414917144    -0.002969728325833887  -1.1824606421232334e-06       -46.57424536077894      -0.0962624019337315        0.946896973021726       0.2273805530302154       0.3645807805711865        0.588064726267812       0.6864544962137789        312.0618755585206       11.582519985273093       323.64439554379373
                       60   -6.001207857216778e-05    6.244382705031639e-08    0.0031336522883237687       3.5594229481332587     0.002797112541925376   -0.0029697283258953828  -1.1824606421335037e-06      -46.574245365521996     -0.09626240192123295       0.9468969728521139      0.22738055298566473      0.36458078056899323       0.5880647262678657       0.6864544963336501       312.06187566824514       11.582519984854224       323.64439565309937
                       61   -6.001207865971494e-05    6.244382694931745e-08    0.0031336522878421306       3.5594229480619926     0.002797112544692679    -0.002969728325845673  -1.1824606406605833e-06       -46.57424538658515     -0.09626240190277449       0.9468969734003241       0.2273805529871655       0.3645807804991258       0.5880647262673246       0.6864544963593211        312.0618756693683       11.582519976725983       323.64439564609427
                       62  -5.3763969199421965e-05    7.767542221472381e-08    0.0032018660263472324        3.456746271706578     0.002656116879401182   -0.0029591228963485416  -1.3052281187070283e-06       -42.63279808682057     -0.09317953439194403       0.8100470202463841      0.23145078758128595       0.3713172615601701       0.5879727366275738       0.6023613190276196       292.08808546288407       12.464431851537864       304.55251731442195
                       63    -5.37639692068108e-05    7.767542232771314e-08    0.0032018660269823754       3.4567462717593562    0.0026561168750133405    -0.002959122895845886   -1.305228121180619e-06       -42.63279804622114     -0.09317953442445959       0.8100470207391286      0.23145078759249235      0.37131726172677715       0.5879727366299268       0.6023613190521182       292.08808538209587       12.464431858244005       304.55251724033985
                       64  -5.3763969219943744e-05    7.767542219483294e-08    0.0032018660262946724        3.456746271937857    0.0026561168794052518   -0.0029591228960110607   -1.305228118770243e-06       -42.63279808437922     -0.09317953440487012       0.8100470209613064      0.23145078758224613       0.3713172615934801       0.5879727366288242       0.6023613193891935       292.08808543677526       12.464431847804835        304.5525172845801
                       65   -5.376396919627496e-05    7.767542222403228e-08    0.0032018660264310273       3.4567462714689596    0.0026561168788463672   -0.0029591228961152547  -1.3052281192727658e-06       -42.63279807561832     -0.09317953439778384       0.8100470201845924      0.23145078758418597       0.3713172616090157       0.5879727366282781       0.6023613191433261        292.0880854473978       12.464431854667994       304.55251730206584
                       66   -5.376396917661534e-05    7.767542222980354e-08     0.003201866026319345       3.4567462709990253     0.002656116879350797    -0.002959122895855136  -1.3052281191651442e-06        -42.6327980741192     -0.09317953439643037       0.8100470201907162      0.23145078758426194       0.3713172616197985         0.58797273662821       0.6023613189832764       292.08808544139214       12.464431854403566        304.5525172957957
                       67   -5.376396906998167e-05     7.76754221085135e-08    0.0032018660256054768       3.4567462687468247     0.002656116880534923    -0.002959122893941398  -1.3052281206112077e-06       -42.63279804889367     -0.09317953444295107       0.8100470207925696      0.23145078756446186      0.37131726181465446       0.5879727366315185       0.6023613194050217        292.0880853559211        12.46443185954191         304.552517215463
                       68   -5.376396916723959e-05    7.767542218136236e-08    0.0032018660260456746       3.4567462711729204    0.0026561168801365366     -0.00295912289527479  -1.3052281190679855e-06       -42.63279807631289      -0.0931795344148415       0.8100470202545504      0.23145078758243565      0.37131726159672895        0.587972736628515        0.602361319069324        292.0880854349067       12.464431855673874       304.55251729058057
                       69   -5.376396899016227e-05     7.76754219614275e-08    0.0032018660244281343        3.456746265641265     0.002656116881588744    -0.002959122886312183   -1.305228126100924e-06      -42.632797924019194     -0.09317953461065526       0.8100470190770872      0.23145078761573296      0.37131726204442783        0.587972736636766        0.602361318419316        292.0880851422798       12.464431910312998        304.5525170525928
                       70  -2.0290166007173567e-05   5.8480556424206736e-08    0.0029995864565044547       2.6204870478836146    0.0028861890502011912    -0.001919029207820859  -2.0580137665160055e-06       -25.15286174619913     -0.11412869160413404       0.8106926028669452        0.233158752170334       0.4448605528390064       0.5891878486205815       0.6175927291157448       272.05193805996726       19.354051172180295       291.40598923214753
                       71  -3.7027067603297766e-05    6.807798931946517e-08     0.003100726241425844       3.0386166597950965    0.0027711529648011867   -0.0024390760520847004  -1.6816209426115168e-06       -33.89282991650985     -0.10365411299803903       0.8103698115566647         0.23230476987581      0.40808890719958824       0.5885802926240776       0.6099770240716822       277.24234016513645       15.465356365127304        292.7076965302638
                       72  -2.8658616805235775e-05    6.327927287183606e-08    0.0030501563489651494       2.8295518538393556    0.0028286710075011894   -0.0021790526299527795  -1.8698173545637613e-06      -29.522845831354488     -0.10889140230108654       0.8105312072118052      0.23273176102307203       0.4264747300192973       0.5888840706223296        0.613784876593714        273.2696227348998       17.298732481970855       290.56835521687066
                       73  -2.8658615767808903e-05    6.327927158958551e-08     0.003050156339938873        2.829551827665641     0.002828671029253639   -0.0021790525946175747  -1.8698173729426248e-06      -29.522845341246562      -0.1088914029744405       0.8105312104023381       0.2327317610696063      0.42647473211735015       0.5888840706634508       0.6137848786116491        273.2696215358333        17.29873269063181       290.56835422646515
                       74  -2.8658616670473782e-05    6.327927254897484e-08    0.0030501563471458386       2.8295518462673006    0.0028286710102861093    -0.002179052621303948  -1.8698173617448033e-06      -29.522845673040898     -0.10889140247668604       0.8105312073929196       0.2327317610092114      0.42647473061007934       0.5888840706329214       0.6137848764683778       273.26962247272263       17.298732547501196        290.5683550202238
                       75  -2.8658616837289128e-05    6.327927283359803e-08    0.0030501563486217483       2.8295518530564805    0.0028286710085625704   -0.0021790526284013482  -1.8698173548030494e-06        -29.5228458161443      -0.1088914023198998       0.8105312071722635      0.23273176099567663       0.4264747300172234       0.5888840706232212       0.6137848765126428       273.26962268597634        17.29873248844823        290.5683551744246
                       76   -2.865861679467131e-05    6.327927282851837e-08    0.0030501563487385034       2.8295518528570422    0.0028286710079664613   -0.0021790526281203247  -1.8698173556751653e-06       -29.52284580027665     -0.10889140232187806       0.8105312067224064      0.23273176102073526       0.4264747300205005       0.5888840706233527       0.6137848764283609        273.2696226787328       17.298732496346243       290.56835517507903
                       77  -2.8658616753596527e-05    6.327927272417979e-08     0.003050156347996408        2.829551851873136    0.0028286710098707714   -0.0021790526264864798  -1.8698173559089829e-06      -29.522845798556634     -0.10889140235329409       0.8105312069175201      0.23273176103720228      0.42647472998955693       0.5888840706241649        0.613784876319726        273.2696226606358       17.298732500749978       290.56835516138574
                       78   -2.865861670074796e-05    6.327927273756927e-08     0.003050156348054654        2.829551851875719     0.002828671009642343   -0.0021790526270140864  -1.8698173558930375e-06       -29.52284580101754      -0.1088914023539217       0.8105312073731052      0.23273176101671256       0.4264747301051316       0.5888840706252016       0.6137848768066867        273.2696226663499        17.29873249769445       290.56835516404436
                       79  -1.0547387982269216e-05   1.7554470994544222e-08    0.0027530909360481493        1.994297145696445    0.0035047006659233238   -0.0009277418292811627  -2.5233965582823053e-06      -12.913817023478044      -0.1295257500476447       0.7662325000330232       0.2318678023417037      0.45864810775657605       0.5899357633411821       0.5766105588287092       250.72375402377875       26.862361290292885       277.58611531407166
                       80  -1.0547388146845901e-05    1.755447101660117e-08     0.002753090936729683       1.9942971508897065    0.0035047006667351544   -0.0009277418362526431   -2.523396552303531e-06      -12.913817164513159     -0.12952574992604213       0.7662325009365347      0.23186780232759097       0.4586481073091437        0.589935763334188       0.5766105593560038       250.72375403076015       26.862361204638013       277.58611523539815
                       81  -1.0547387995603168e-05   1.7554470817463302e-08    0.0027530909350455186       1.9942971445052626     0.003504700668629647   -0.0009277418277041415  -2.5233965583682915e-06      -12.913817029685129      -0.1295257500800388       0.7662325001564094       0.2318678023190784      0.45864810764678826       0.5899357633419153       0.5766105588941857        250.7237539790318       26.862361296972736       277.58611527600453
                       82  -1.0547387948188838e-05   1.7554470929083822e-08     0.002753090935583512       1.9942971447894424     0.003504700667094687    -0.000927741827852124  -2.5233965586766534e-06      -12.913817011687529     -0.12952575006895434       0.7662325000056422      0.23186780234366722       0.4586481077307403       0.5899357633422412       0.5766105588517876       250.72375400825652       26.862361300598206       277.58611530885474
                       83  -1.0547387963504061e-05   1.7554470992976364e-08    0.0027530909360233297       1.9942971456192746    0.0035047006658183054   -0.0009277418293755544  -2.5233965582707184e-06      -12.913817023835017     -0.12952575004483202       0.7662325000441734      0.23186780234873622      0.45864810770722236       0.5899357633412694        0.576610558809965        250.7237540209946       26.862361289537112        277.5861153105317
                       84  -1.0547387971215124e-05    1.755447100533267e-08    0.0027530909360371767       1.9942971456509841    0.0035047006657303497   -0.0009277418294249325   -2.523396558090568e-06      -12.913817024365942     -0.12952575004047112       0.7662325000678936        0.231867802339619      0.45864810767081526       0.5899357633413335       0.5766105588364692       250.72375402201686        26.86236128793707        277.5861153099539
                       85  -1.0547387954857549e-05   1.7554470967183575e-08     0.002753090935781898        1.994297144871897     0.003504700665701877   -0.0009277418290256426  -2.5233965583426387e-06      -12.913817010996784     -0.12952575003757036       0.7662325000816197      0.23186780233972243       0.4586481074839135       0.5899357633427673       0.5766105589369719       250.72375400714589       26.862361291684966       277.58611529883086
                       86  -1.0547387965150097e-05   1.7554470942074766e-08    0.0027530909355512677       1.9942971443670416    0.0035047006663312154    -0.000927741827653246  -2.5233965591341973e-06      -12.913816998766519      -0.1295257500702331        0.766232500075346      0.23186780234317816      0.45864810768942255       0.5899357633433174       0.5766105588199304       250.72375400881194       26.862361303999887       277.58611531281184
                       87    -4.86210341086213e-06    1.008341448414973e-08     0.002684235471194437        1.901365266632758     0.003591851682080858   -0.0008952748631072034   -2.439590041646814e-06      -13.381785731439368     -0.12790940154194225       0.7929448062128128      0.23160769642448675       0.4096782107313491       0.5900861379039639       0.5923435151233276        249.2032998527738       26.237117957396396        275.4404178101702
                       88  -4.8621033705053066e-06   1.0083414451030742e-08    0.0026842354708839482       1.9013652663445924    0.0035918516826279603   -0.0008952748628419983  -2.4395900410724426e-06       -13.38178573084269     -0.12790940153122796        0.792944806498989      0.23160769643113172       0.4096782105097948       0.5900861379051001       0.5923435152422591       249.20329984420573       26.237117953290966        275.4404177974967
                       89   -4.862103399206523e-06   1.0083414473066728e-08     0.002684235470992082       1.9013652665025815     0.003591851682175332   -0.0008952748629446337  -2.4395900414352615e-06      -13.381785732406184     -0.12790940153987262       0.7929448063595619      0.23160769642565038      0.40967821065130594       0.5900861379045924       0.5923435151901622       249.20329985133506       26.237117955668655        275.4404178070037
                       90   -4.862103404774986e-06    1.008341446154835e-08    0.0026842354709695564       1.9013652666677443    0.0035918516819944575    -0.000895274863071466  -2.4395900416009115e-06       -13.38178573093579     -0.12790940154148364       0.7929448063796607       0.2316076964257558        0.409678210710147       0.5900861379049289       0.5923435152729724       249.20329984839995       26.237117956090216       275.44041780449015
                       91   -4.862103416789247e-06   1.0083414492012525e-08     0.002684235471202147       1.9013652668452712    0.0035918516818775345   -0.0008952748630849205  -2.4395900417010317e-06      -13.381785729600882      -0.1279094015438656       0.7929448062308415      0.23160769641976975       0.4096782107856244       0.5900861379041501       0.5923435151315468       249.20329985013404        26.23711795785935        275.4404178079934
                       92  -4.8621034096415355e-06    1.008341447523725e-08    0.0026842354710643708       1.9013652666355814    0.0035918516820431104   -0.0008952748630563955  -2.4395900415345643e-06      -13.381785730327902     -0.12790940154003816       0.7929448062410152      0.23160769642296353      0.40967821066865784       0.5900861379043708       0.5923435151349539        249.2032998522027       26.237117956931332       275.44041780913403
                       93  -4.8621033961336775e-06   1.0083414450526546e-08     0.002684235470717606        1.901365266661474    0.0035918516820379774   -0.0008952748629172906   -2.439590041095843e-06      -13.381785725686429      -0.1279094015315657       0.7929448063288098      0.23160769642946918       0.4096782104875718       0.5900861379056471       0.5923435151814553        249.2032998457492        26.23711795525485       275.44041780100406
                       94    -4.86210341552832e-06   1.0083414489703302e-08    0.0026842354710694695       1.9013652667895993    0.0035918516817832306   -0.0008952748630851419   -2.439590041524847e-06      -13.381785728457423     -0.12790940154075733       0.7929448061718709       0.2316076964316548       0.4096782107289133       0.5900861379045043       0.5923435151093877       249.20329985054667       26.237117957827458       275.44041780837415
                       95  -2.8728762115411578e-06    5.063307874040327e-09     0.002601617738653848       1.9127209389266786    0.0035628196454053056   -0.0008580600383855605  -2.3731115635934625e-06      -12.792833618140435     -0.12701341678435824       0.8307938601170981      0.23176166883380273       0.3838327340299812        0.590394627856383       0.6158544183914136        248.7520664160442        25.87700476076771        274.6290711768119
                       96   -2.872876197673995e-06    5.063307859298142e-09     0.002601617738456747       1.9127209388425817     0.003562819645440647   -0.0008580600383480939    -2.37311156335166e-06      -12.792833617287409     -0.12701341678019065       0.8307938602352523       0.2317616688325681      0.38383273398564133       0.5903946278571599       0.6158544184259034        248.7520664160634       25.877004759365764       274.62907117542915
                       97  -2.8728762007993163e-06    5.063307862410353e-09     0.002601617738394145       1.9127209388368582     0.003562819645334758    -0.000858060038356796    -2.37311156329867e-06      -12.792833616876248     -0.12701341677997893       0.8307938602072971      0.23176166883161126      0.38383273401719276       0.5903946278573999       0.6158544184537327       248.75206641577137        25.87700475960071        274.6290711753721
                       98  -2.8728762012152163e-06    5.063307876366915e-09    0.0026016177385613164       1.9127209387641966     0.003562819645412379   -0.0008580600384997041   -2.373111563246435e-06      -12.792833617204053     -0.12701341677856814        0.830793860102591      0.23176166883353816      0.38383273412390917         0.59039462785706       0.6158544184328534        248.7520664143456       25.877004759988537        274.6290711743341
                       99  -2.8728762138676388e-06   5.0633078816803525e-09    0.0026016177385950706          1.9127209387898     0.003562819645377781   -0.0008580600384697338  -2.3731115632890935e-06      -12.792833617280905     -0.12701341677968214       0.8307938600949456      0.23176166883596455       0.3838327340976518       0.5903946278568444       0.6158544183539298        248.7520664148821       25.877004760026235       274.62907117490835
                      100  -2.8728762046625455e-06    5.063307854261684e-09    0.0026016177381959706       1.9127209387457238    0.0035628196452865473     -0.00085806003839753   -2.373111562844327e-06      -12.792833614062719     -0.12701341677181494       0.8307938601794898      0.23176166883608434      0.38383273396432777       0.5903946278583961       0.6158544184356431       248.75206641554902       25.877004758504455        274.6290711740535
                      101    -2.87287618496823e-06   5.0633078507140985e-09    0.0026016177375875076       1.9127209386369988     0.003562819644908766    -0.000858060038450065   -2.373111561558121e-06       -12.79283360563096      -0.1270134167511258       0.8307938601164999      0.23176166882964117      0.38383273397603623        0.590394627861482       0.6158544183890005       248.75206641227493        25.87700475606661        274.6290711683415
                      102   -2.872876196092578e-06    5.063307862483198e-09    0.0026016177382618224       1.9127209387798951     0.003562819645064489   -0.0008580600387035508  -2.3731115627509815e-06      -12.792833611941079     -0.12701341676661249       0.8307938599354268      0.23176166883288674       0.3838327341528409       0.5903946278586003       0.6158544182553296       248.75206641180802       25.877004759398105       274.62907117120614
                      103    5.540303559820568e-06   -4.090332707040813e-09    0.0022756111385389853       1.7876539636367232    0.0034365240223201378   -0.0008974159943048345  -1.7637162259552366e-06       -9.347710093134845     -0.11684120191034837       0.8443671930825687      0.23148140567748027       0.3763268140030188       0.5919416617996272       0.6229805528174372       248.76365005079307       24.552323201826006        273.3159732526191
                      104    5.540303575776121e-06   -4.090332730280221e-09    0.0022756111383120383       1.7876539634921695     0.003436524022472293   -0.0008974159940531857  -1.7637162260235813e-06       -9.347710096186127     -0.11684120191165191       0.8443671931795773       0.2314814056794559       0.3763268139127682       0.5919416617998002       0.6229805528756556       248.76365004721077        24.55232320129321         273.315973248504
                      105    5.540303578819477e-06   -4.090332726639885e-09     0.002275611138453233       1.7876539636229243     0.003436524022521036   -0.0008974159940629288  -1.7637162260465342e-06       -9.347710095409527     -0.11684120191067325       0.8443671931659651      0.23148140568287146      0.37632681396115986       0.5919416617996764         0.62298055287296       248.76365004943744       24.552323201324537         273.315973250762
                      106    5.540303567363363e-06   -4.090332719640852e-09     0.002275611138183456       1.7876539635375706    0.0034365240221927553   -0.0008974159942467234  -1.7637162253160916e-06       -9.347710090044371     -0.11684120189829239       0.8443671930569216      0.23148140567851244       0.3763268140538512       0.5919416618014054       0.6229805528017662        248.7636500510419        24.55232320071223       273.31597325175414
                      107   5.5403035540651895e-06  -4.0903327306467744e-09    0.0022756111383782536       1.7876539636585556     0.003436524022419194   -0.0008974159939526921  -1.7637162257847725e-06       -9.347710094110823     -0.11684120190266636       0.8443671930247463      0.23148140567710634       0.3763268140462215       0.5919416618005732       0.6229805527925052        248.7636500494598        24.55232320106387        273.3159732505237
                      108    5.540303580598002e-06   -4.090332827296622e-09      0.00227561113674772       1.7876539631642443    0.0034365240224993113   -0.0008974159928951766   -1.763716223243925e-06        -9.34771008755114     -0.11684120185091787       0.8443671931979897      0.23148140567418718      0.37632681387771927       0.5919416618081396        0.622980552776677       248.76365005162384       24.552323193645705       273.31597324526956
                      109   5.5403035808037834e-06   -4.090332744380355e-09     0.002275611137748529       1.7876539633340158     0.003436524022215493   -0.0008974159941536379  -1.7637162245895071e-06       -9.347710087332267     -0.11684120188452425       0.8443671931344143      0.23148140567791647       0.3763268139080466        0.591941661803442       0.6229805528748118       248.76365005350718       24.552323198680106        273.3159732521873
                      110    7.090744071358308e-06  -2.1202358057512037e-08    0.0020704513001801195       1.7518612235191984    0.0034696820015205935   -0.0006906290611423347  -1.4783326434211082e-06        -9.05079156569013     -0.10948349976090464       0.8313410124660834      0.23167044723033584      0.38808078135880053       0.5929622168708384       0.6156413591517627       248.88075958193878        23.79672132610722         272.677480908046
                      111    7.090744063634451e-06  -2.1202358034392908e-08     0.002070451300589804       1.7518612236501627    0.0034696820015529383   -0.0006906290613129483  -1.4783326439848383e-06       -9.050791567809089     -0.10948349977034509       0.8313410124408336      0.23167044723132804      0.38808078138581475       0.5929622168692578       0.6156413591364736        248.8807595804852       23.796721326920288        272.6774809074055
                      112    7.090744064634086e-06    -2.12023580323325e-08     0.002070451300514491       1.7518612235763775     0.003469682001496819   -0.0006906290613927038  -1.4783326439074597e-06       -9.050791567500346     -0.10948349977000996       0.8313410124527123      0.23167044723005148      0.38808078135605834        0.592962216869459       0.6156413591446137       248.88075958089442        23.79672132678888        272.6774809076833
                      113   7.0907440742680895e-06  -2.1202358070559944e-08    0.0020704512999916947       1.7518612234307478     0.003469682001553713   -0.0006906290609950124  -1.4783326431379847e-06       -9.050791566873402     -0.10948349974878563       0.8313410124474079      0.23167044723051902       0.3880807813686289       0.5929622168723492       0.6156413591361183       248.88075958291256       23.796721324433726        272.6774809073463
                      114    7.090744081786381e-06  -2.1202358053461102e-08    0.0020704513000762243       1.7518612234492885     0.003469682001460986   -0.0006906290612538659  -1.4783326432522202e-06       -9.050791565279589     -0.10948349975674163       0.8313410124913136       0.2316704472299983       0.3880807813388093       0.5929622168715449       0.6156413591879106        248.8807595823398        23.79672132537498       272.67748090771477
                      115    7.403201389705703e-06   -2.052243522598354e-08    0.0020705204880178715       1.7405050189668707    0.0034708882200056267   -0.0006968389876297349  -1.4751271908420247e-06       -9.445392612995782     -0.10814189148105133       0.8276726877629823      0.23168180695347912       0.3890930862176367       0.5931088713331529        0.613883653351361         249.040727975923       23.543266381708207       272.58399435763124
                      116    7.403201385598962e-06   -2.052243522001005e-08     0.002070520488124262        1.740505019028128    0.0034708882199999376   -0.0006968389877157192   -1.475127191048638e-06       -9.445392614081506     -0.10814189148286135       0.8276726877703029      0.23168180695391838      0.38909308624084515       0.5931088713328914       0.6138836533382932        249.0407279758923       23.543266381513803       272.58399435740614
                      117    7.403201385399469e-06   -2.052243521794816e-08    0.0020705204880516075       1.7405050190333569     0.003470888219974706   -0.0006968389876954449  -1.4751271909933674e-06       -9.445392614755367     -0.10814189147968917        0.827672687766533       0.2316818069537809       0.3890930862276656       0.5931088713334652       0.6138836533467344       249.04072797641604       23.543266380902395       272.58399435731843
                      118    7.403201373619829e-06  -2.0522435196432254e-08    0.0020705204881041927       1.7405050193745342    0.0034708882198622613   -0.0006968389879060496  -1.4751271914103141e-06        -9.44539261890246      -0.1081418914728325       0.8276726877915797      0.23168180695542306       0.3890930862231118       0.5931088713348607       0.6138836533746401        249.0407279780041       23.543266378065322        272.5839943560694
                      119    7.403201352785367e-06  -2.0522435182142173e-08    0.0020705204876876183       1.7405050200075687     0.003470888219486869   -0.0006968389886032415   -1.475127191927757e-06       -9.445392629893123     -0.10814189143353979       0.8276726878377798      0.23168180695388046       0.3890930861357625       0.5931088713416742       0.6138836534495633        249.0407279849325       23.543266367751844       272.58399435268433
                      120     7.40320138573709e-06  -2.0522435217277523e-08    0.0020705204875359515       1.7405050193815985    0.0034708882197412158   -0.0006968389878906125  -1.4751271907941336e-06       -9.445392618682412     -0.10814189144732565       0.8276726878564347      0.23168180694806062       0.3890930860950136        0.593108871338769       0.6138836533685827       249.04072798154937       23.543266373726976       272.58399435527633
aborted minimisation     
Minimisation aborted as it proceeded too slow                
 restart
                      121    7.403201352785367e-06  -2.0522435182142173e-08    0.0020705204876876183       1.7405050200075687     0.003470888219486869   -0.0006968389886032415   -1.475127191927757e-06       -9.445392629893123     -0.10814189143353979       0.8276726878377798      0.23168180695388046       0.3890930861357625       0.5931088713416742       0.6138836534495633        249.0407279849325       23.543266367751844       272.58399435268433
                      122    7.374462131978011e-06  -2.0522435822380073e-08    0.0020705155147118393       1.7405050206337422     0.003470888217585703   -0.0006968389896819453  -1.4751271926490174e-06       -9.445392658293626     -0.10814189129926922       0.8276726883281535       0.2316818069918911        0.389093086141681        0.593108871343833       0.6138836511646497       249.04084892663658        23.54304255801312        272.5838914846497
                      123    7.403413129862802e-06  -2.0522435747383776e-08      0.00207051769387946        1.740505020737552     0.003470888218002602   -0.0006968389896194652  -1.4751271925865979e-06       -9.445392641312603     -0.10814189124076691       0.8276726883448955      0.23168180699446356      0.38909308614246313       0.5931088713438846       0.6138836513850654       249.04072584731855       23.543267354262575        272.5839932015811
                      124     7.33780777323613e-06  -2.0522472477050274e-08    0.0020703311979174137       1.7405050676226508    0.0034708881209518485    -0.000696839055456012  -1.4751272353299321e-06       -9.445393425713117      -0.1081418789445678       0.8276727210673871      0.23168180960978085       0.3890930865732979       0.5931088714865669       0.6138835173795778       249.04107010136644         23.5427154457538        272.5837855471202
                      125    7.337547796612969e-06  -2.0522529652786207e-08    0.0020703343249830713       1.7405051314098459     0.003470888030154427   -0.0006968391418606829  -1.4751272854012277e-06       -9.445392525792021     -0.10814185714558631       0.8276727647803361      0.23168181355809983       0.3890930871122109       0.5931088716726827       0.6138833770062764        249.0410732117599       23.542710831880335       272.58378404364026
                      126    7.353276813414958e-06  -2.0525985922828188e-08    0.0020702969152681726       1.7405090010357755     0.003470882487073193   -0.0006968443829330221  -1.4751303285334615e-06       -9.445339677730752     -0.10814053931125432       0.8276754167884273      0.23168205268515707       0.3890931198435554       0.5931088829695793       0.6138748311192535        249.0410752425813        23.54262486511312        272.5837001076944
                      127     7.05492416350185e-06  -2.1131222739014717e-08    0.0020639787664107024       1.7411866242069522     0.003469911837933386   -0.0006977621626628981  -1.4756632139916538e-06       -9.436083378608089     -0.10790976233860254       0.8281398209938695      0.23172392801562766      0.38909885143113665       0.5931108612194504        0.612378404357985       249.10158640917487       23.504062575093826       272.60564898426867
                      128    7.337148074636162e-06  -2.0522411280745615e-08     0.002070329813181987       1.7405053170599325    0.0034708878050924456   -0.0006968392376706567  -1.4751273592660934e-06       -9.445390100648844     -0.10814179579849673       0.8276728722666475      0.23168182370479645       0.3890930884239645       0.5931088722088039       0.6138833368140277       249.04108427623436        23.54269703429389       272.58378131052825
                      129   7.3167650694854416e-06  -2.0184828589892012e-08     0.002062840741021306       1.7418804833879515      0.00346914652443732   -0.0006978436791361814  -1.4758105694015061e-06       -9.427057894826717     -0.10768340611312728       0.8285064220846858      0.23175952863789384       0.3891032911203476       0.5931128539241491       0.6128881940663984       249.11184974571958       23.469508374951133        272.5813581206707
                      130    7.416430794644731e-06   -2.043235996981801e-08     0.002066462164889407       1.7408720848386134     0.003470423080696343   -0.0006971071748006078  -1.4753096477778907e-06        -9.44051565680925     -0.10801957698082804        0.827895124197737      0.23170253817427128      0.38909580967657775       0.5931099342208994       0.6136186041323457       249.05691134630638       23.523371861230864       272.58028320753726
                      131    7.004620666218447e-06  -2.0519529266525124e-08     0.002070171228364747       1.7405179784818807     0.003470871706557229   -0.0006968486168038471  -1.4751337159076816e-06       -9.445222786098109     -0.10813757569223836       0.8276804549005654       0.2316825289372369       0.3890931821511331       0.5931089088828886       0.6138754720334365       249.04722837128733       23.539429332734972        272.5866577040223
aborted minimisation     
Minimisation aborted as it proceeded too slow               
 finished