                   sim_nr                 advtheta                     advq                   advCO2               deltatheta               gammatheta                   deltaq                   gammaq                 deltaCO2                 gammaCO2                  sca_sto                    alpha                    FracH                       wg                      R10                     data               background                    Costf
                        1   -0.0009720919294748319    1.903780018486123e-07     0.004804315844015183       3.8213459452179155    0.0065439623608536945   0.00022843768278876418   -7.576406615571991e-07       -70.75108326420732     -0.00568487492469526       1.0637503610683454      0.20419730144973758       0.7305490464368676       0.3924607424516003       0.4750541215057337       26427.586834489197                      0.0       26427.586834489197
                        2   -0.0009720655319415452    1.903780012163833e-07     0.004804312543546592        3.821345945256438     0.006543962360877974   0.00022843768247342349     -7.5764066172039e-07       -70.75108328819117    -0.005684874991142809       1.0637503610616572      0.20419730144909876       0.7305490464379101       0.3924607424515247      0.47505412124915747        26426.50734141985   2.2583558841655847e-09       26426.507341422108
                        3   -0.0009720919077503119   1.9037800166353114e-07      0.00480431231932368       3.8213459451936678     0.006543962360726299   0.00022843768269101595   -7.576406615744706e-07       -70.75108328866551     -0.00568487497466778       1.0637503610748704      0.20419730145176127       0.7305490464370967       0.3924607424515762        0.475054121265174       26427.568331896833    7.171243559424896e-13       26427.568331896833
                        4   -0.0009720919295985558   1.9037800163203824e-07     0.004804315843362372       3.8213459452083978     0.006543962360799913   0.00022843768268896824   -7.576406615626068e-07       -70.75108326198983    -0.005684874906252704       1.0637503610555734       0.2041973014542196       0.7305490464370681       0.3924607424515951       0.4750541217043587       26427.586832003508    1.057733527548639e-18       26427.586832003508
                        5   -0.0003304406647994984   1.0902815939896365e-07    0.0025108051482087695        3.817763584729632    0.0065237202603612345   0.00019094465518661936   -7.596827047210306e-07       -69.93361006825029     0.001202829116814198       1.0589634769156941      0.20587948439197934       0.7306243848408406      0.39245879161527286       0.5494119500450081       3920.7694353503452        1.774658157068119       3922.5440935074134
                        6  -0.00033044065979841923   1.0902815799514566e-07     0.002510805142550949       3.8177635847056473     0.006523720260207757   0.00019094465476232874   -7.596827047714075e-07       -69.93361005667434    0.0012028291803517334       1.0589634768632705         0.20587948440789       0.7306243848413343      0.39245879161523906       0.5494119508461388       3920.7693637585735        1.774658182445722       3922.5440219410193
                        7  -0.00033044066527975467   1.0902815848366196e-07    0.0025108051471933075        3.817763584722018    0.0065237202603207305   0.00019094465499613716   -7.596827047600719e-07       -69.93361006675711     0.001202829121708042       1.0589634768933558      0.20587948439780712       0.7306243848407139        0.392458791615241       0.5494119503043136       3920.7694202891435       1.7746581563385442        3922.544078445482
                        8   -0.0003304406647838808     1.09028159356061e-07    0.0025108051510300683         3.81776358473103     0.006523720260357883   0.00019094465519426637    -7.59682704708252e-07       -69.93361006713782    0.0012028291157931614       1.0589634769017358      0.20587948439472276       0.7306243848405044       0.3924587916152489       0.5494119501782775        3920.769434344912       1.7746581566206605       3922.5440925015328
                        9  -0.00013333438392295368   -9.537137512249451e-08    0.0021882849939965634        3.815487621624379    0.0065097935223353606   0.00014213149969154838   -7.672856881193813e-07       -69.06636631508074     0.005199676323946057        1.052473851529845       0.2076526693308759       0.7306185246020895       0.3924515276473493       0.6336970916773241        753.2107226332844       3.3592105145034337        756.5699331477878
                       10   -0.0001333077155078764   -9.537137619795721e-08      0.00218828327818057       3.8154876217087366     0.006509793522228566   0.00014213149921818343   -7.672856882426372e-07       -69.06636631235304     0.005199676275070808       1.0524738511642344      0.20765266944907196       0.7306185245920388        0.392451527646779       0.6336970950952274        753.1823273426473        3.359355993812913        756.5416833364602
                       11  -0.00013333431999801488   -9.537137642237605e-08    0.0021882825580335557       3.8154876216600138     0.006509793522166055   0.00014213149912279378   -7.672856882580987e-07       -69.06636631709662     0.005199676269719916       1.0524738511764136      0.20765266945462574       0.7306185245911578      0.39245152764681346       0.6336970950202989        753.2104847322937       3.3592116091727355        756.5696963414664
                       12  -0.00010885439654381138   -9.539239211413907e-08    0.0021491633057226004       3.8154882461200494     0.006509790814240088   0.00014212230137489922   -7.672879384329081e-07        -69.0663950365794     0.005198796040993175       1.0524680726263425       0.2076546840950459        0.730618346967627      0.39245151887218144       0.6337517166394662        738.7496001649458       3.5062966412476424        742.2558968061935
                       13  -0.00010884840039102528   -9.539247885160163e-08      0.00214916658687778       3.8154882496472204     0.006509790806226459      0.00014212226485646   -7.672879469715232e-07       -69.06639415610158     0.005198794008449707        1.052468049174045      0.20765469225627947       0.7306183462614012       0.3924515188413158       0.6337519617260021        738.7491316809161        3.506330175203514        742.2554618561196
                       14  -0.00010885776897918986   -9.539400973038946e-08    0.0021492169780969526        3.815488311627086      0.00650979066453218   0.00014212162028899198   -7.672880976602079e-07       -69.06637867260271     0.005198758090661052       1.0524676355594393      0.20765483624000836       0.7306183337996903      0.39245151829691366       0.6337562837713744        738.7419339333661       3.5062799263676476        742.2482138597337
                       15  -0.00010885233167866749   -9.539771304845583e-08    0.0021491361308735887       3.8154884605291297     0.006509790317553204    0.0001421200593445796   -7.672884630103749e-07       -69.06634239672313     0.005198669137446763       1.0524666337228645      0.20765518519714632       0.7306183035715692      0.39245151697204356       0.6337667203284649        738.7245979452379       3.5063774542933936        742.2309753995313
                       16  -0.00010885452776916086   -9.539236349454305e-08    0.0021491631789656244       3.8154882519571625     0.006509790809038246    0.0001421223141136196   -7.672879346769866e-07       -69.06639401004142     0.005198793589258792       1.0524680546082534      0.20765469352527322       0.7306183459533202       0.3924515188379609       0.6337518274273828        738.7494759534835       3.5062962423845985        742.2557721958681
                       17  -0.00011646386922047492  -1.2163771381981602e-07     0.002028423254397644       3.8174863332474076     0.006506282937950541    0.0001311553856895686    -7.69749515165666e-07       -68.63029823907254     0.004151767865744531       1.0419064458977128       0.2117571697738624       0.7302364893621531      0.39243617080478993        0.733518279935252        659.1187953132843       4.0041580092617926        663.1229533225461
                       18  -0.00011643721153095372   -1.216377128142024e-07     0.002028424055211181       3.8174863333901445     0.006506282937934619   0.00013115538611555559   -7.697495150620251e-07       -68.63029821778659     0.004151767833434214        1.041906445688397      0.21175716990571092       0.7302364893462567      0.39243617080418874       0.7335182800072708        659.0982488738476       4.0043055563758525        663.1025544302234
                       19  -0.00011646386401820998  -1.2163771303737526e-07    0.0020284231023199296       3.8174863333401263     0.006506282937870738   0.00013115538601657665   -7.697495150816389e-07       -68.63029822408815     0.004151767826006614       1.0419064457080354      0.21175716991017104       0.7302364893454829      0.39243617080423043       0.7335182798427091        659.1187929053889        4.004158084179701        663.1229509895686
                       20   -9.927108133498275e-05  -1.2160647728075407e-07    0.0020229869569994576       3.8174900497727253      0.00650627980725655   0.00013116844411679938   -7.697461634143229e-07       -68.62969874058543     0.004150193408925996       1.0418988955687376      0.21176258385507052       0.7302358273794095       0.3924361485439788       0.7335147071222217        652.4509080422771        4.102079569770385        656.5529876120474
                       21   -9.926909550049751e-05  -1.2160643177333913e-07    0.0020230094448762666         3.81749005555599     0.006506279803153217   0.00013116846344804362   -7.697461583628137e-07       -68.62969765156602      0.00415019132867809       1.0418988841778392       0.2117625919999428        0.730235826388066       0.3924361485115335       0.7335147075335344        652.4505615418357        4.102083487760793        656.5526450295964
                       22   -9.931464484959904e-05   -1.216062468629737e-07     0.002023073759678754          3.8174900787433     0.006506279785884829   0.00013116854175700682   -7.697461379432683e-07       -68.62969339629669     0.004150182643468209       1.0418988380458285      0.21176262506592333       0.7302358223593346      0.39243614837917057       0.7335147040005037        652.4498341057048        4.101804789040537        656.5516388947453
                       23    -9.95106164547177e-05  -1.2159354050391546e-07     0.002028973978448693       3.8174916891537367     0.006506278631840038   0.00013117393597787027   -7.697447289727093e-07       -68.62939170136461     0.004149598552197317        1.041895659671046       0.2117648988303345       0.7302355455527645       0.3924361393125763       0.7335147460052358        652.4079750422096        4.098777393032292        656.5067524352419
                       24   -9.951061601470878e-05  -1.2159353649096283e-07    0.0020289739674387154        3.817491692677718    0.0065062786282605945   0.00013117395276409537   -7.697447240536149e-07       -68.62939168470207     0.004149598410030341        1.041895650524089       0.2117649036223011       0.7302355445640543       0.3924361392793945       0.7335147458415934        652.4079351941645        4.098777399822541         656.506712593987
                       25   -9.951061632226918e-05  -1.2159354387997724e-07    0.0020289739745122186       3.8174916917027004     0.006506278623815049   0.00013117392052495316   -7.697447327827443e-07        -68.6293916830024     0.004149598399439445       1.0418956492991505      0.21176489969829596       0.7302355444591376      0.39243613926434906       0.7335147442399998        652.4079685488637         4.09877739792024        656.5067459467839
                       26   -9.759977815190855e-05    -1.17930036381228e-07    0.0019792921117514906        3.837263737677935     0.006469873914462602   0.00014250260587888414    -7.64268090172474e-07       -68.51695736051067    0.0032020367191789275       0.9792980210369795      0.23085018940067759       0.7235517962138025      0.39217722576183606       0.7276518135845089        574.1015224236211        4.238382215154965         578.339904638776
                       27   -9.759977809777358e-05  -1.1793003623555062e-07     0.001979292112020647        3.837263740119988      0.00646987391075781    0.0001425026084415859   -7.642680875607016e-07        -68.5169573519729     0.003202036653774853       0.9792980156200799      0.23085018936016172       0.7235517951999029      0.39217722572641245       0.7276518123530744        574.1015204921406        4.238382221498494         578.339902713639
                       28   -9.759977860991545e-05    -1.17930036044208e-07    0.0019792921177189194        3.837263744620664     0.006469873897805846   0.00014250261068332116   -7.642680841197521e-07       -68.51695733302407    0.0032020364634334922       0.9792980143503716      0.23085018945552863       0.7235517930810675      0.39217722565706403       0.7276518063190673        574.1015176084941       4.2383821833056246        578.3398997917997
                       29   -9.759977865583054e-05  -1.1793003662543396e-07    0.0019792921140412718       3.8372637399779115      0.00646987389997185   0.00014250259992574873   -7.642680935612397e-07       -68.51695734660203    0.0032020365494554457       0.9792980169693719       0.2308501894063861        0.723551795219833       0.3921772257344299       0.7276518116712243          574.10152085277        4.238382209766315        578.3399030625363
                       30  -0.00011968196801648463  -1.0705603426061612e-07     0.002214329517799998        4.205544947776977     0.005481072124682014   0.00026331327356644607   -5.458824503287287e-07        -67.0014876034374      -0.0111597699601363       0.4325097773646931      0.23056512151013026       0.5626715469750357       0.3868596562149227       0.4180696359683642        598.2922989443204       10.081231661562732         608.373530605883
                       31  -0.00010864087308419654  -1.1249303532092196e-07     0.002096810814775744        4.021404342727456    0.0059754730195723076    0.0002029079397226651   -6.550752702506014e-07       -67.75922248197402    -0.003978866620478687       0.7059038992008362      0.23070765545540395       0.6431116715944192      0.38951844098837934       0.5728607247764366        484.7577206634999        5.519838148085513       490.27755881158544
                       32  -0.00010864087333864393  -1.1249303520523737e-07     0.002096810818276619        4.021404347760774     0.005975473008744965   0.00020290794290019957   -6.550752643143072e-07       -67.75922246264754    -0.003978866763329182       0.7059038984882919      0.23070765545669497       0.6431116701282115      0.38951844096853533        0.572860721897845        484.7577193344978       5.5198381522768925        490.2775574867747
                       33  -0.00010864087313071022  -1.1249303524225229e-07    0.0020968108153574545        4.021404346095734     0.005975473009483377   0.00020290794048978582   -6.550752677722664e-07       -67.75922247000497    -0.003978866741521767       0.7059038979296812       0.2307076554290366       0.6431116709140088       0.3895184409945136       0.5728607243945198         484.757720160629        5.519838164042639       490.27755832467165
                       34  -0.00010864087319343652  -1.1249303535565073e-07     0.002096810816444012        4.021404349155208     0.005975472996125509   0.00020290793806406856   -6.550752678705186e-07       -67.75922245545891     -0.00397886683812391       0.7059039000139518      0.23070765542651817       0.6431116706085184       0.3895184410339048       0.5728607253406848        484.7577196380389        5.519838144365101         490.277557782404
                       35  -0.00010864087289389011  -1.1249303515901479e-07    0.0020968108154350977       4.0214043514511575     0.005975472959988005    0.0002029079377772438   -6.550752611110343e-07       -67.75922244414014    -0.003978867106487793       0.7059039020950766      0.23070765551521666       0.6431116702216801      0.38951844108137296       0.5728607261329977        484.7577185779411       5.5198381294851755       490.27755670742624
                       36  -0.00010864087257269164  -1.1249303510241096e-07     0.002096810819590871        4.021404350639691     0.005975472951438592   0.00020290793809203979   -6.550752551622531e-07       -67.75922242467365    -0.003978867024971203        0.705903900436498       0.2307076555592536       0.6431116702873241      0.38951844107388744       0.5728607258013501       484.75771854239247        5.519838149986846       490.27755669237933
                       37  -0.00010864086890743398  -1.1249303336448973e-07    0.0020968108785404237        4.021404425127892    0.0059754721764934265   0.00020290790751178623   -6.550751003607874e-07       -67.75922181717901     -0.00397887150598371       0.7059039077216749      0.23070765620812472       0.6431116550423701       0.3895184418711596       0.5728607304245159        484.7576960431626        5.519838216478751       490.27753425964136
                       38   -8.916990843467487e-05  -1.0023309393391586e-07     0.002437884139835587        4.826184710104171                    0.001    6.945132440243974e-05   3.2290171816550034e-07       -63.25889410523122      -0.0392138017421957       0.7980344339016308      0.23458827054027295       0.5081739122272169      0.39627816663255055        0.633555920852249       1028.8383068612113       10.674159615657048       1039.5124664768684
                       39    -9.89053907594357e-05  -1.0636306462741891e-07    0.0022673474773056658        4.423794526415813    0.0034877365097861525   0.00013617963206255244  -1.6608677604255052e-07       -65.50905829360262      -0.0215963341813372       0.7519691665512336       0.2326479629978384        0.575642791910818        0.392898303810465       0.6032083228143428       410.09328929051844       6.8257824692818065       416.91907175980026
                       40   -9.403764959705523e-05  -1.0329807928066738e-07    0.0023526158085706264        4.624989618259992     0.002243868254893076   0.00010281547823249607    7.840747106147488e-08       -64.38397619941692    -0.030405067961766452       0.7750018002264321      0.23361811676905567       0.5419083520690174      0.39458823522150777       0.6183821218332959       446.20459814589907         8.43216693932206       454.63676508522116
                       41   -9.647152017824541e-05  -1.0483057195404336e-07    0.0023099816429381463       4.5243920723379025    0.0028658023823396146   0.00011949755514752425   -4.383965249053785e-08       -64.94651724650977    -0.026000701071551828       0.7634854833888327      0.23313303988344708       0.5587755719899178      0.39374326951598637       0.6107952223238193       410.84540631906395       7.5495236785150945         418.394929997579
                       42   -9.768845546884056e-05  -1.0559681829073092e-07    0.0022886645601219056        4.474093299376857     0.003176769446062884   0.00012783859360503832  -1.0496321426654416e-07        -65.2277877700562    -0.023798517626444516       0.7577273249700331      0.23289050144064274       0.5672091819503678       0.3933207866632257       0.6070017725690802       407.89894017958676        7.167790317451737        415.0667304970385
                       43   -9.768499401013994e-05  -1.0559681803987301e-07    0.0022886920088214407        4.474093299641762     0.003176769446867349    0.0001278385937206073  -1.0496321384565016e-07       -65.22778757027243    -0.023798517337627053       0.7577273253172243      0.23289050140797107       0.5672091819395996      0.39332078666411263       0.6070017718843141        407.8914119632297        7.167801961459799        415.0592139246895
                       44   -9.773030631372176e-05  -1.0559681672945142e-07     0.002288789981124165       4.4740933004088115     0.003176769449170388   0.00012783859402227475  -1.0496321221893726e-07       -65.22778684706168    -0.023798516349449298       0.7577273267806925      0.23289050123261928       0.5672091818922308      0.39332078666720566       0.6070017656012237       407.86688509118306        7.167516765822774       415.03440185700583
                       45   -9.768845576820179e-05  -1.0559681717667952e-07    0.0022886645657939166        4.474093299269213    0.0031767694455049475      0.00012783859368013  -1.0496321404621189e-07       -65.22778775473871    -0.023798517680395044       0.7577273252144965      0.23289050134633818       0.5672091819404106      0.39332078666292636       0.6070017672672021        407.8989383240514        7.167790296395586         415.066728620447
                       46    -9.76884132467314e-05  -1.0559681887223132e-07    0.0022886645646313193        4.474093299227417     0.003176769445239828   0.00012783859280447894  -1.0496321427678075e-07       -65.22778774933991    -0.023798517697056827       0.7577273249161247      0.23289050133653927       0.5672091819388954       0.3933207866627213       0.6070017706624338        407.8989371952216       7.1677905546523695       415.06672774987396
                       47  -0.00010450541789615124   -9.898037608836924e-08    0.0024303819398149343        4.473453957382024     0.003173453266271803   0.00012828075017279287  -1.0365259559359314e-07       -65.13588512123833    -0.024118297383322825       0.7591808085113965       0.2323295280721268       0.5671499180169293       0.3933190093532225       0.5754893280373601        388.0879976344445        6.995456351755097        395.0834539861996
                       48  -0.00010453052873070248   -9.898041608853837e-08    0.0024303762266029505       4.4734539520523215    0.0031734532352238574    0.0001282807129664217  -1.0365259887626165e-07       -65.13588443482263     -0.02411830028217257       0.7591808037506906      0.23232952450836203       0.5671499176126615      0.39331900933536085       0.5754893039298627       388.08798649207785        6.995316945157005       395.08330343723486
                       49  -0.00010450509764960169   -9.898042297307542e-08     0.002430377183336778        4.473453951194719    0.0031734532299436645    0.0001282807065170696  -1.0365259942149237e-07       -65.13588430069322    -0.024118300767479006       0.7591808029015319      0.23232952388135908       0.5671499175423917       0.3933190093322402       0.5754892999970496       388.08796506513835        6.995459689031387       395.08342475416976
                       50  -0.00010450536850886564   -9.898065153699394e-08      0.00243038208442666        4.473453921471056    0.0031734530546690337   0.00012828049438965913  -1.0365261778164265e-07       -65.13588012070797     -0.02411831686712698       0.7591807757222333      0.23232950356516752       0.5671499152334405       0.3933190092314139        0.575489168387997       388.08784934315565        6.995457973000165        395.0833073161558
                       51  -0.00010450659216958505   -9.898037227790323e-08      0.00243038193100058        4.473453949853438     0.003173453221060763    0.0001282807219051121  -1.0365259077279268e-07       -65.13588396819385     -0.02411830186196576       0.7591808020366053      0.23232952285788408        0.567149917341296       0.3933190093313185       0.5754893081129691        388.0879847497047         6.99544997372517       395.08343472342983
                       52  -0.00010385207213252259  -1.0368183800420968e-07    0.0024303545602569736       4.4728394748164835     0.003169832382317022   0.00012390893485071582  -1.0403049194727437e-07       -65.05032150170345    -0.024451777934776056       0.7586198396472481      0.23191018506456135       0.5671022743846647       0.3933169257351131        0.572759780182559        386.8055604946706        7.023110313151673        393.8286708078223
                       53  -0.00010385207215879194  -1.0368183773746419e-07     0.002430354560264207         4.47283947395638     0.003169832378248815    0.0001239089345049183  -1.0403048868541808e-07       -65.05032150010759    -0.024451777956033552       0.7586198372770843      0.23191018451970857       0.5671022739586911      0.39331692572411087       0.5727597802151116       386.80555951301403        7.023110338785445        393.8286698517995
                       54   -0.0001038520721254782  -1.0368183799117215e-07     0.002430354560728704        4.472839474490226    0.0031698323789617283   0.00012390893378995494  -1.0403048787320835e-07        -65.0503214835826    -0.024451777946002347        0.758619840638096      0.23191018501293492       0.5671022739403755       0.3933169257371494       0.5727597799927304       386.80556030168464        7.023110308790715       393.82867061047534
                       55   -0.0001038520720596654  -1.0368183787453423e-07    0.0024303545642486717        4.472839471846716    0.0031698323522345714   0.00012390892480863166  -1.0403045795500363e-07        -65.0503213470102    -0.024451778042419457       0.7586198395833685      0.23191018498996208       0.5671022704938927      0.39331692574468075       0.5727597809535112        386.8055588732432       7.0231103680206814        393.8286692412639
                       56  -0.00010385207196313812  -1.0368183761291773e-07    0.0024303545648040993        4.472839467178669     0.003169832322886039   0.00012390891716037718  -1.0403043877118681e-07       -65.05032129201287    -0.024451778287424696       0.7586198398750439      0.23191018524391335       0.5671022682723235      0.39331692572365634       0.5727597791878747        386.8055578690192         7.02311040789936       393.82866827691856
                       57  -0.00010385207170669319  -1.0368183792952234e-07     0.002430354562006452        4.472839472663915    0.0031698323551498184    0.0001239089268684103     -1.0403046759402e-07       -65.05032140818251    -0.024451778140571843       0.7586198420270149      0.23191018505351282       0.5671022727343094       0.3933169257615172       0.5727597818007268       386.80555941622856        7.023110338926928        393.8286697551555
                       58  -0.00010385207095101533   -1.036818377272964e-07     0.002430354564282441        4.472839469277416    0.0031698323332391967   0.00012390891912907116  -1.0403044227847345e-07       -65.05032131101181    -0.024451778201774427       0.7586198405169435      0.23191018509313271       0.5671022721670864      0.39331692573929017       0.5727597800556987        386.8055584653845        7.023110382874984       393.82866884825944
                       59  -0.00010385207082291956   -1.036818374121976e-07     0.002430354566032912        4.472839461452752    0.0031698323129361805   0.00012390891089543918  -1.0403042455670724e-07       -65.05032124029111    -0.024451778178401315        0.758619835754961      0.23191018510254457       0.5671022727716324       0.3933169257617884       0.5727597831640612        386.8055575228015        7.023110450849721       393.82866797365125
                       60   -6.668113258946487e-05   -9.342918338868003e-08     0.002598182020379246        4.246228384000943                    0.001   -0.0005470254203468535    1.977833077168812e-06       -56.94160722297372    -0.037756605116918945       0.8477943228331084      0.23171095514512252      0.43576085022876726      0.39429078212439483       0.6268361958117357        461.9383199340782       12.205272994771432        474.1435929288496
                       61   -8.526660236099384e-05   -9.855551069644486e-08      0.00251426829031811        4.359533929408713      0.00208491619115851  -0.00021155824274806886    9.369012926107688e-07        -60.9959643623386    -0.031104191525847504       0.8032070812401781      0.23181057010484196       0.5014315623067159        0.393803853929754       0.5997979879971478       348.16676527049964        9.013740684231605       357.18050595473125
                       62   -7.597386747522936e-05   -9.599234704256223e-08     0.002556225155348678        4.302881156704828    0.0015424580955792546  -0.00037929183154746123   1.4573671848897903e-06      -58.968785792656156     -0.03443039832138323       0.8255007020366434      0.23176076262498224       0.4685962062677416      0.39404731802707443       0.6133170919044417        356.6855222860071       10.459394097069033        367.1449163830761
                       63   -8.062023491811165e-05   -9.727392886950365e-08    0.0025352467228333944         4.33120754305677    0.0018136871433688823    -0.000295425037147765   1.1971342387502798e-06       -59.98237507749737     -0.03276729492361536       0.8143538916384108       0.2317856663649121       0.4850138842872288       0.3939255859784142       0.6065575399507948       346.88615055291285        9.699039205042196       356.58518975795505
                       64   -8.294341863955264e-05   -9.791471978297425e-08     0.002524757506575752        4.345370736232741    0.0019493016672636962   -0.0002534916399479169   1.0670177656805241e-06       -60.48916971991798     -0.03193574322473143       0.8087804864392945      0.23179811823487703      0.49322272329697237       0.3938647199540841       0.6031777639739708       346.56400907856766        9.347007898234871       355.91101697680256
                       65   -8.292080283948348e-05   -9.791472045428005e-08    0.0025247739580009482        4.345370736406164     0.001949301668555419  -0.00025349164036620137   1.0670177659889038e-06       -60.48916958837276    -0.031935742980336024       0.8087804865714459      0.23179811821699584       0.4932227232920069       0.3938647199547881       0.6031777655947197       346.55609751278763        9.347133878660097        355.9032313914477
                       66   -8.294523839637768e-05   -9.791472073133098e-08    0.0025247765429196644         4.34537073635569    0.0019493016686091044  -0.00025349164058264645    1.067017766037389e-06       -60.48916956552578     -0.03193574294795376       0.8087804866091666       0.2317981182073772       0.4932227232895125       0.3938647199549342       0.6031777657383568       346.56132702010456        9.346992407747301       355.90831942785184
                       67    -8.29434184621777e-05   -9.791471995213817e-08    0.0025247575070358515        4.345370736105651    0.0019493016671009583   -0.0002534916404198708   1.0670177657653187e-06       -60.48916970600106     -0.03193574325023862       0.8087804864645076      0.23179811817744098       0.4932227232920327       0.3938647199540116       0.6031777631976789        346.5640089141389        9.347007898988085         355.911016813127
                       68   -8.295195388903682e-05   -9.791605694041172e-08    0.0025247604652545996        4.345369731109443    0.0019493003801709704  -0.00025349537209594933    1.067018436396886e-06       -60.48905966209755    -0.031935944961973314       0.8087806857733564      0.23179766401500398       0.4932226842311108      0.39386471938103407       0.6031716259436184        346.5651260620189        9.346956778382811       355.91208284040175
                       69    -8.22802008911388e-05  -1.0023062359369442e-07    0.0025926393475687324       4.3436334082496595    0.0019470808918790796    -0.000259946723849502   1.0681783627824457e-06       -60.29838142120957    -0.032283612314343194       0.8091257641894642      0.23101269800727667      0.49315515866171955      0.39386373185904777       0.5925693845607753       340.63226419736554         9.33276311672451       349.96502731409004
                       70   -8.227475062231064e-05  -1.0023050472033611e-07     0.002592636905532535        4.343633386785712     0.001947080867367305   -0.0002599467382155806   1.0681784057728882e-06      -60.298378827260834    -0.032283617336001706       0.8091257549398623       0.2310126908481253        0.493155157688601       0.3938637318609526       0.5925695382556224       340.63219019522006         9.33279582618724        349.9649860214073
                       71    -8.22778143442967e-05  -1.0022740152556053e-07     0.002592567050233709        4.343632825964463    0.0019470802262547627   -0.0002599471137501376   1.0681795280939341e-06       -60.29831114192503    -0.032283748552455686       0.8091255134457791      0.23101250392199796      0.49315513227593905      0.39386373191061114       0.5925735504839471        340.6311236566687        9.332813223430295         349.963936880099
                       72   -8.228324159266964e-05  -1.0022045555516264e-07    0.0025926652462823115       4.3436315702097525    0.0019470788072208037  -0.00025994796403863685   1.0681820495555045e-06       -60.29815729963527    -0.032284039050198124       0.8091249731734707      0.23101208481580754       0.4931550751967381       0.3938637320339378       0.5925825902732988       340.62880653868416        9.332795588231168       349.96160212691535
                       73   -8.228043523787569e-05  -1.0023063098071492e-07     0.002592639268606226        4.343633377236172    0.0019470808548162858  -0.00025994682579056656    1.068178391573177e-06       -60.29837783352264    -0.032283618989474155       0.8091257551857551      0.23101268897773258      0.49315515741494664       0.3938637318514946        0.592569487078249       340.63224967105344        9.332762687945163        349.9650123589986
                       74   -8.390292713092743e-05   -9.732606178013078e-08     0.002593573018671579        4.342949465648646    0.0019462955075872116  -0.00026080594723941014   1.0693858714030811e-06       -60.21599280530492    -0.032439902927316126       0.8088527470871487      0.23079100897161792       0.4931248987867439        0.393863745042244       0.5968909670716709       340.08781172656825         9.34425891731367        349.4320706438819
                       75   -8.387505034154242e-05   -9.732606290880261e-08      0.00259357488209291        4.342949465167799    0.0019462955071819325  -0.00026080594951163785   1.0693858717646378e-06       -60.21599272787322     -0.03243990301379779        0.808852746978131      0.23079100882142387       0.4931248987658304      0.39386374504209387       0.5968909680638061       340.08595908450224         9.34441890295892       349.43037798746116
                       76   -8.390292717970244e-05   -9.732606297613495e-08     0.002593573020594572        4.342949465084307    0.0019462955069133132  -0.00026080594957413815   1.0693858717257056e-06       -60.21599274144076     -0.03243990304403533       0.8088527469760161        0.230791008820425      0.49312489876512294        0.393863745042046       0.5968909678183554        340.0878113717266         9.34425893139629        349.4320703031229
                       77   -8.390251863707454e-05   -9.732637212040389e-08     0.002593567161140562        4.342949317654841     0.001946295330546903  -0.00026080655777675906    1.069385956401108e-06       -60.21597611353858     -0.03243993361797148       0.8088527180201663       0.2307909693512324       0.4931248931191753       0.3938637449902118       0.5968911610413823        340.0877150921036        9.344266646886684        349.4319817389903
                       78   -8.237844099998092e-05   -9.952201042870081e-08     0.002590353183114753        4.341911628022575    0.0019450558538318197  -0.00026509774692078054   1.0699796135919875e-06       -60.09860380512622     -0.03265464093394575       0.8086484520881834      0.23051299013548754      0.49308513955518407       0.3938633808932971       0.5982621802892192          339.70185959326         9.38129109878174        349.0831506920417
                       79    -8.23757793498816e-05   -9.952188419116563e-08     0.002590354821421049        4.341911596475851    0.0019450558229725254   -0.0002650977881603989   1.0699796675106458e-06       -60.09860018950414     -0.03265464722610224       0.8086484528747586      0.23051298297670159       0.4930851382331941       0.3938633808930079       0.5982621694020249       339.70181474335936         9.38130629895303       349.08312104231237
                       80    -8.23922963049073e-05   -9.950955412018592e-08     0.002590490326124249       4.3419085139695195    0.0019450528053603844   -0.0002651018175540031   1.0699849338408536e-06       -60.09824718245221    -0.032655262262013214       0.8086485296335546      0.23051228366310172       0.4930850090908648       0.3938633808639497       0.5982611025961004        339.6990574071301         9.38120316485129        349.0802605719814
                       81   -8.237451480486093e-05   -9.949109991667649e-08    0.0025902588546521375        4.341903883238449    0.0019450482414536813  -0.00026510788865973856    1.069992817314401e-06       -60.09772079028417    -0.032656191962522715       0.8086486405836049      0.23051123386416922      0.49308481543109384      0.39386338079571326       0.5982594402335017        339.6945981901374        9.381404982032839       349.07600317217026
                       82   -8.237945910187722e-05   -9.952200648358281e-08     0.002590353112071318        4.341911578936905    0.0019450558025265255  -0.00026509789900910707   1.0699796616252189e-06       -60.09859834001986    -0.032654650458406376       0.8086484498454554      0.23051298021656616       0.4930851376519397       0.3938633808831277       0.5982621686798639       339.70184966470686        9.381286052411564        349.0831357171184
                       83   -8.303132528275181e-05   -9.721103514110256e-08    0.0025931685369371704        4.341319752248012    0.0019444739517027838   -0.0002658965728135577    1.070979495573206e-06        -60.0310687497595    -0.032772959646592804       0.8086620099697961      0.23037908792978695       0.4930604028905344       0.3938633713640141       0.5980557194499312        339.4292449045999         9.38208730734558       348.81133221194546
                       84   -8.303132528333218e-05   -9.721103514493115e-08    0.0025931685369664495        4.341319751248855    0.0019444739513406958   -0.0002658965748050286   1.0709794973760782e-06       -60.03106874493584      -0.0327729596554162       0.8086620096134522      0.23037908773964236       0.4930604017708813       0.3938633713554994       0.5980557194393192        339.4292446905988        9.382087317879446       348.81133200847825
aborted minimisation     
Minimisation aborted as it proceeded too slow                
 restart
                       85   -8.303132528333218e-05   -9.721103514493115e-08    0.0025931685369664495        4.341319751248855    0.0019444739513406958   -0.0002658965748050286   1.0709794973760782e-06       -60.03106874493584      -0.0327729596554162       0.8086620096134522      0.23037908773964236       0.4930604017708813       0.3938633713554994       0.5980557194393192        339.4292446905988        9.382087317879446       348.81133200847825
                       86   -8.300351242876723e-05   -9.721103944219018e-08    0.0025931704103975997        4.341319748975109    0.0019444739490806643   -0.0002658965841362388    1.070979498870828e-06       -60.03106847187454     -0.03277296009798426       0.8086620094289474      0.23037908729421974       0.4930604016837416        0.393863371354841       0.5980557192721658        339.4286894365776         9.38224712429265       348.81093656087023
                       87   -8.303132591840058e-05   -9.721103952005707e-08     0.002593168552546989        4.341319748885442     0.001944473948804295  -0.00026589658422273454    1.070979498835448e-06      -60.031068484808394      -0.0327729601312128       0.8086620094262282      0.23037908729205586      0.49306040168280924      0.39386337135479077       0.5980557190247033         339.429243559657         9.38208735964789       348.81133091930485
                       88    -8.30296350001857e-05   -9.721289972496914e-08    0.0025931457045921635       4.3413187382359695      0.00194447286247083   -0.0002659006055789796   1.0709801238494504e-06      -60.030957509261505     -0.03277316401068026       0.8086619293331365      0.23037889595017358      0.49306036403420456      0.39386337105092295       0.5980555378169568        339.4287431402669        9.382124031322693       348.81086717158956
                       89    -8.30313411633688e-05   -9.721103388983542e-08    0.0025931685364037143        4.341319745145697    0.0019444739451957259   -0.0002658965933130842   1.0709795034763896e-06      -60.031068071315694    -0.032772960872886135       0.8086620093378811       0.2303790866512358      0.49306040153586056       0.3938633713543832       0.5980557188664193       339.42924316605314        9.382087330428059        348.8113304964812
                       90   -8.302375280929089e-05   -9.719602875436827e-08     0.002593175053617411        4.341246818629236     0.001944400520741226  -0.00026611774361338844   1.0710523982262623e-06      -60.023018836724226    -0.032787508264510115       0.8086587166665402      0.23036608130725855      0.49305759325651405      0.39386335801725203       0.5980488754007691        339.4069939915845        9.383371151809964       348.79036514339447
                       91   -8.303126562468181e-05   -9.721103410867337e-08    0.0025931681184981135        4.341319743462133    0.0019444739459154158  -0.00026589659788310566   1.0709795048278258e-06       -60.03106797477745     -0.03277296081059248       0.8086620094890327      0.23037908785128003        0.493060401498602      0.39386337135490246       0.5980557212207778       339.42924220836636          9.3820878845688        348.8113300929352
                       92   -8.244783881786588e-05   -9.547785921432413e-08    0.0025909529244860286        4.322285999713351    0.0019252468020174492  -0.00032462448373191246   1.0895983860973037e-06       -57.93092154114549    -0.036570645937954574       0.8077671473611667      0.22697771922709048       0.4923288555587282       0.3938597684961258       0.5961895799370733       336.27249778016306        9.739536995331529        346.0120347754946
                       93   -8.244783880897191e-05   -9.547785918930638e-08     0.002590952924481464        4.322285998650228    0.0019252468017851585  -0.00032462448607197393   1.0895983878154554e-06       -57.93092150565874     -0.03657064599671703       0.8077671474570347      0.22697771923542964       0.4923288554681503      0.39385976849689047       0.5961895800281596        336.2724976580216        9.739537002803154        346.0120346608248
                       94     -8.2447838706722e-05   -9.547785881811579e-08    0.0025909529238662605       4.3222859914263765     0.001925246799300135  -0.00032462449607731966   1.0895984012389994e-06       -57.93092132383539     -0.03657064634968123       0.8077671479963948       0.2269777192734482       0.4923288548983426       0.3938597684932258       0.5961895791782208        336.2724969981355        9.739537045528909        346.0120340436644
                       95     -8.2447838484747e-05   -9.547785851668366e-08    0.0025909529238097497        4.322285988989251    0.0019252467998886321  -0.00032462449778801255   1.0895984103519226e-06       -57.93092124219073     -0.03657064647965121       0.8077671462982976      0.22697771926113125       0.4923288546439052      0.39385976849541826       0.5961895812810916       336.27249674060596        9.739537086596968        346.0120338272029
                       96   -8.244783848756892e-05    -9.54778589367489e-08     0.002590952924342707        4.322285995643826    0.0019252468028887644   -0.0003246244899917655   1.0895983955792281e-06      -57.930921424897384     -0.03657064612400224       0.8077671485096223      0.22697771922524185      0.49232885522319425       0.3938597684996105       0.5961895798844097       336.27249739598585        9.739537014297758        346.0120344102836
                       97   -8.244783828751877e-05   -9.547785896720354e-08    0.0025909529239084316         4.32228599378412     0.001925246803022764  -0.00032462449366791734   1.0895983934014692e-06       -57.93092143845806    -0.036570646124025136       0.8077671473371721      0.22697771923748405       0.4923288551465669      0.39385976849310067       0.5961895799872927         336.272497296159        9.739537023444596        346.0120343196036
                       98   -8.244783873986946e-05   -9.547785913329696e-08    0.0025909529242594408       4.3222859976945065    0.0019252468023880816   -0.0003246244857566498   1.0895983861008975e-06       -57.93092152708922    -0.036570645964381386       0.8077671482333761      0.22697771921985482       0.4923288554470785       0.3938597685039302       0.5961895805508091        336.2724976778374        9.739536992429667        346.0120346702671
                       99   -8.244783880012412e-05   -9.547785916101971e-08    0.0025909529244659245        4.322285998967873    0.0019252468023786655   -0.0003246244841838153   1.0895983842474914e-06        -57.9309215295117     -0.03657064594841639       0.8077671474165149       0.2269777192212608      0.49232885539842686      0.39385976849979537       0.5961895799638146       336.27249774816687        9.739536994690365        346.0120347428572
                      100  -1.9946615126311285e-05  -2.0411867479077817e-08    0.0024952492394945867         2.84891361799764    0.0020505276338726635    -0.002291999838534878    1.991568260245864e-06      -28.068944964224475     -0.08567887548842204       0.9603649192317996      0.22730671370157446       0.3411635791787032      0.39608292394316336       0.6874206696495992        305.2181019946647       21.965456488022117       327.18355848268686
                      101   -5.119722697208858e-05   -5.794486334670108e-08    0.0025431010819903076       3.5855998088554957    0.0019878872179450568    -0.001308312161133395   1.5405833231715842e-06       -42.99993325268498    -0.061124760713188314       0.8840660332964831      0.22714221646433247       0.4167462173687157       0.3949713462196446       0.6418051247933363        295.5903175278906       14.103854750674916       309.69417227856553
                      102   -3.557192104919993e-05  -3.9178365412889766e-08     0.002519175160742447        3.217256713426568    0.0020192074259088606   -0.0018001559998341364   1.7660757917087242e-06       -35.53443910845473     -0.07340181810080518       0.9222154762641415      0.22722446508295346       0.3789548982737095      0.39552713508140397       0.6646128972214678        292.2780525112723       17.597495121598037       309.87554763287034
                      103  -4.3384574010644263e-05   -4.856161437979532e-08    0.0025311381213663775        3.401428261141032     0.002003547321926958    -0.001554234080483766   1.6533295574401542e-06       -39.26718618056985     -0.06726328940699675       0.9031407547803121        0.227183340773643       0.3978505578212126      0.39524924065052425       0.6532090110074025       292.15463723726793       15.741384811698858        307.8960220489668
                      104  -4.3384573724659784e-05   -4.856161416909926e-08    0.0025311381213009242       3.4014282584360087    0.0020035473238130047   -0.0015542340849275232   1.6533295615871286e-06       -39.26718609775605     -0.06726328950736835       0.9031407556109683      0.22718334082578884       0.3978505573469542       0.3952492406685308       0.6532090113691122        292.1546368919907       15.741384844169197        307.8960217361599
                      105  -4.3384573895623335e-05   -4.856161428796932e-08     0.002531138121120063       3.4014282599014733     0.002003547322166092   -0.0015542340818403553   1.6533295569557744e-06       -39.26718615954598     -0.06726328945852653       0.9031407551279902        0.227183340818664      0.39785055758619015       0.3952492406582927        0.653209011082863        292.1546371569523        15.74138482278789       307.89602197974017
                      106   -4.338457401294692e-05   -4.856161439063247e-08    0.0025311381212653602        3.401428261698203     0.002003547322025132    -0.001554234080138345   1.6533295551519629e-06       -39.26718617324794     -0.06726328943150736       0.9031407547865606       0.2271833407783679      0.39785055776099704       0.3952492406573316       0.6532090110913957        292.1546372033479       15.741384813215683       307.89602201656356
                      107   -4.338457403247001e-05  -4.8561614333785335e-08    0.0025311381212096227        3.401428261146403     0.002003547322236044   -0.0015542340799481807   1.6533295564863396e-06       -39.26718615889424     -0.06726328945698658        0.903140754947505      0.22718334076149554      0.39785055768173794      0.39524924066141837       0.6532090110660542        292.1546372008815       15.741384818971646       307.89602201985315
                      108  -3.5206775978966225e-05  -4.0456602686524216e-08    0.0025050296115247533        3.346221374676036    0.0020566961800813806   -0.0016306961383031845   1.4827312142304802e-06      -35.888999781612256     -0.07465360216987782        0.937256010519909      0.22992388873607733       0.3709179560694873      0.39674290674243784       0.6694057961196727        285.4029877466263       17.187154143986643        302.5901418906129
                      109   -3.520677595861137e-05   -4.045660264647671e-08    0.0025050296113939027       3.3462213737772952     0.002056696180473265   -0.0016306961393090132   1.4827312131061477e-06       -35.88899976109266     -0.07465360220909595       0.9372560107430805      0.22992388874148972       0.3709179559071393      0.39674290675090745       0.6694057961769007        285.4029877258318       17.187154152721483       302.59014187855325
                      110   -3.520677598759822e-05   -4.045660267103135e-08    0.0025050296114497417         3.34622137423071    0.0020566961807608483   -0.0016306961380795821   1.4827312129108632e-06      -35.888999774644944     -0.07465360218051642       0.9372560106759653      0.22992388873269262       0.3709179559384481        0.396742906753396       0.6694057961886877         285.402987731921       17.187154144863552        302.5901418767845
                      111   -3.520677598163026e-05   -4.045660262721031e-08    0.0025050296110163783       3.3462213734932877     0.002056696182634192    -0.001630696135827041    1.482731206457495e-06       -35.88899976823128     -0.07465360222281445       0.9372560109832955      0.22992388873656222       0.3709179555367144      0.39674290678947965       0.6694057964146918        285.4029876951782        17.18715414424412        302.5901418394223
                      112   -3.520677590467136e-05   -4.045660266530816e-08     0.002505029611283199        3.346221373689419    0.0020566961817075277    -0.001630696137729425   1.4827312094036566e-06      -35.888999771055204     -0.07465360219390678       0.9372560106391175      0.22992388872570108       0.3709179558376866       0.3967429067680445       0.6694057963134199        285.4029877160234       17.187154144348398        302.5901418603718
                      113   -3.520677592081808e-05   -4.045660264841578e-08      0.00250502961142472       3.3462213737205193      0.00205669618073007   -0.0016306961383996804   1.4827312130893178e-06       -35.88899976988718       -0.074653602187473       0.9372560106419645      0.22992388873343966       0.3709179560317586       0.3967429067526611       0.6694057960945843         285.402987732788         17.1871541465714        302.5901418793594
                      114  -3.5206775974629124e-05    -4.04566026821152e-08     0.002505029611472619       3.3462213743280564    0.0020566961805713827   -0.0016306961376925944   1.4827312126230297e-06       -35.88899978171746     -0.07465360216599887       0.9372560104678989      0.22992388874638642       0.3709179561364952       0.3967429067517491       0.6694057961081477        285.4029877417175       17.187154140385896       302.59014188210335
                      115   -3.520677596593188e-05   -4.045660265178549e-08    0.0025050296114595655       3.3462213739723308    0.0020566961804188042    -0.001630696138495836    1.482731213426464e-06      -35.888999767942245     -0.07465360218664072       0.9372560104680239      0.22992388873384367       0.3709179561038506      0.39674290675092705       0.6694057961383209       285.40298773754125       17.187154147372073       302.59014188491335
                      116  -2.5462131593078266e-05  -2.6111265393195602e-08    0.0024362936086013737       2.9644817110439345    0.0024832079659037228   -0.0014841744104121882    3.506251975487847e-07        -30.6131911074191     -0.08392205644578137       0.9884697280219445      0.23004892293810425       0.3226313244348248       0.4044206037192575         0.70151163130451       279.57226588131977        18.53845057429603        298.1107164556158
                      117   -2.546213151723528e-05   -2.611126530692445e-08     0.002436293608145863       2.9644817091985525     0.002483207968715811   -0.0014841744094601268    3.506251895321034e-07      -30.613191071497592     -0.08392205650651761       0.9884697284479913      0.23004892290224038       0.3226313242191195      0.40442060377068956       0.7015116314059586        279.5722658468373        18.53845058485709        298.1107164316944
                      118   -2.546213153201825e-05   -2.611126527643444e-08    0.0024362936079478314       2.9644817084936905    0.0024832079695626596   -0.0014841744090364373    3.506251863191537e-07      -30.613191060428235     -0.08392205653176274       0.9884697285434305      0.23004892297298446       0.3226313241956786       0.4044206037886325       0.7015116314080689        279.5722658425484       18.538450588596064       298.11071643114445
                      119   -2.546213158841012e-05  -2.6111265282602957e-08     0.002436293607924893        2.964481708577328    0.0024832079689379198   -0.0014841744088901557    3.506251866854469e-07      -30.613191068506048     -0.08392205653230678       0.9884697283460204      0.23004892293212872      0.32263132430854646       0.4044206037813709       0.7015116313386462       279.57226584272837        18.53845058678399       298.11071642951237
                      120  -2.5462131598733058e-05  -2.6111265348363842e-08     0.002436293608354107       2.9644817107015213    0.0024832079670131105   -0.0014841744094937401   3.5062519398066456e-07      -30.613191092461328     -0.08392205647576365       0.9884697279842365      0.23004892293773044      0.32263132446363363      0.40442060374192607       0.7015116313266727        279.5722658666467       18.538450577859237       298.11071644450595
                      121   -2.546213164094924e-05  -2.6111265398656635e-08    0.0024362936085286268       2.9644817116829905    0.0024832079660116304   -0.0014841744103182167   3.5062519594258467e-07        -30.6131911041358     -0.08392205644920561       0.9884697277256467       0.2300489229352121      0.32263132467144784       0.4044206037227847        0.701511631207226        279.5722658710901       18.538450571560357       298.11071644265047
                      122  -2.5462131610201674e-05  -2.6111265391452197e-08     0.002436293608583297        2.964481711183481     0.002483207965950496   -0.0014841744102948476   3.5062519762755316e-07      -30.613191107081043     -0.08392205644211527       0.9884697278622283       0.2300489229377722      0.32263132459022636       0.4044206037189276       0.7015116311733065        279.5722658780794       18.538450571707912       298.11071644978733
                      123   -2.546213156031531e-05  -2.6111265320952586e-08     0.002436293608230695       2.9644817095104443     0.002483207968144395   -0.0014841744095750932     3.50625192437813e-07      -30.613191081009745     -0.08392205647797016       0.9884697276899694      0.23004892294607016      0.32263132457812693      0.40442060375485384       0.7015116311754221        279.5722658632229       18.538450578012373        298.1107164412353
                      124  -2.5407846068720152e-05  -1.1934796801330075e-08    0.0023538066092065953       2.7613949525030326    0.0029110459538583726    -0.001263305563513829   -8.742560215123814e-07       -25.18912407744055     -0.09217465588734566       0.9474519809975412       0.2301207147991572       0.3589803048519864      0.41205817621202784       0.6739822110659706       275.92231167852117       19.815215798657974        295.7375274771791
                      125  -2.5407846082497455e-05  -1.1934796693527345e-08    0.0023538066085229425       2.7613949504193087     0.002911045956877676   -0.0012633055620787966    -8.74256031232192e-07      -25.189124040088974     -0.09217465595670893       0.9474519805996073      0.23012071478600077       0.3589803050076492       0.4120581762683162       0.6739822108817677       275.92231163293206       19.815215815835778        295.7375274487678
                      126  -2.5407846044644237e-05  -1.1934796762897438e-08    0.0023538066090163443        2.761394951626737    0.0029110459550087016   -0.0012633055631413028   -8.742560241709464e-07      -25.189124064198786     -0.09217465590912363       0.9474519810270128       0.2301207147941904       0.3589803047441851       0.4120581762328832       0.6739822111166252        275.9223116688011        19.81521580571439        295.7375274745155
                      127  -2.5407846067238787e-05  -1.1934796798954148e-08     0.002353806609180984       2.7613949523929366     0.002911045954011833   -0.0012633055636233007   -8.742560215966194e-07      -25.189124076803665      -0.0921746558878742       0.9474519810191753       0.2301207147980121       0.3589803048306628       0.4120581762154915       0.6739822110506966       275.92231167736725        19.81521579896016        295.7375274763274
                      128  -2.4254949881303553e-05   -8.333979888356406e-09      0.00233267152784766        2.679211304326953    0.0030236029096987367    -0.001235329339689573  -1.1466267039847628e-06      -23.962401053979317     -0.09425187824617454       0.9455249170182825      0.22958862299936944       0.3537377535942223      0.41418263167708186       0.6726084785376178       274.97058522210455        20.45957621537415        295.4301614374787
                      129  -2.4254949878087585e-05   -8.333979881241753e-09    0.0023326715278021368         2.67921130421616     0.003023602909897714   -0.0012353293396868885  -1.1466267040572322e-06      -23.962401053215203     -0.09425187824807811       0.9455249169593734       0.2295886229998133       0.3537377535879309       0.4141826316818053       0.6726084785512718       274.97058522017034       20.459576216202578       295.43016143637294
                      130  -2.4254949879358297e-05   -8.333979883653044e-09    0.0023326715277943028        2.679211304234602     0.003023602909924629    -0.001235329339851118  -1.1466267039254544e-06      -23.962401053986973     -0.09425187824644474       0.9455249169975448      0.22958862300019842      0.35373775360922005      0.41418263168339603       0.6726084785206305        274.9705852211481         20.4595762153657        295.4301614365138
                      131   -2.425494988982694e-05   -8.333979893453003e-09    0.0023326715278502433       2.6792113045256105     0.003023602909579759   -0.0012353293398239464  -1.1466267034143274e-06       -23.96240105663257     -0.09425187824179748       0.9455249170038365      0.22958862299959876        0.353737753612561       0.4141826316777992       0.6726084785332418       274.97058522311085       20.459576213832126       295.43016143694297
                      132  -2.4254949896721246e-05   -8.333979879916993e-09    0.0023326715277053023       2.6792113044509662     0.003023602910021488    -0.001235329339847492  -1.1466267042754463e-06      -23.962401053947563     -0.09425187824748298          0.9455249169658       0.2295886229973642       0.3537377536228087       0.4141826316937691        0.672608478507394       274.97058522069796        20.45957621521365        295.4301614359116
                      133  -2.4254949870892027e-05   -8.333979844741409e-09     0.002332671527517288       2.6792113037687115     0.003023602911095184   -0.0012353293394475058  -1.1466267071442653e-06       -23.96240104075615     -0.09425187826698768       0.9455249169601954       0.2295886229971661       0.3537377535724691       0.4141826317141836       0.6726084785079776        274.9705852141788        20.45957622179605       295.43016143597487
                      134  -2.7077788169356575e-05   -5.210050242125004e-09     0.002288060662308644       2.6899806562157926    0.0031533308959589825   -0.0013069675269381104  -1.1834527512290352e-06      -23.945772718666415     -0.09449850158616571        0.925840613194634      0.22947632611478733        0.363137230470134       0.4195374788346465       0.6638692380027056       274.67628054780204        20.42937506315171       295.10565561095376
                      135  -2.7077788169390686e-05   -5.210050227336021e-09    0.0022880606621371435       2.6899806563969797    0.0031533308965206825   -0.0013069675271261331  -1.1834527516297108e-06        -23.9457727168474     -0.09449850158637842       0.9258406131445509      0.22947632612899427      0.36313723049800484      0.41953747885714404       0.6638692379704345       274.67628054558406       20.429375063105148       295.10565560868923
                      136   -2.707778817309985e-05   -5.210050241894823e-09    0.0022880606622266973       2.6899806563138764    0.0031533308959142674   -0.0013069675271923848  -1.1834527509099737e-06       -23.94577272207449     -0.09449850158001583       0.9258406131547978      0.22947632612391072       0.3631372304882367       0.4195374788449656       0.6638692379701698       274.67628054849524        20.42937506145281       295.10565560994803
                      137  -2.7077788167184985e-05   -5.210050238899503e-09     0.002288060662230919       2.6899806563563176     0.003153330895969247   -0.0013069675270770409  -1.1834527510968468e-06      -23.945772720485245     -0.09449850158084004        0.925840613164894       0.2294763261142661      0.36313723047589397      0.41953747884523696       0.6638692379787408        274.6762805485769       20.429375061795913        295.1056556103728
                      138  -2.7077788171928756e-05   -5.210050232971966e-09    0.0022880606621738233       2.6899806562857056    0.0031533308959101787    -0.001306967527035535  -1.1834527515666792e-06        -23.9457727194565     -0.09449850157495575       0.9258406131580075      0.22947632611474267       0.3631372304490209       0.4195374788555658       0.6638692379859279        274.6762805482562        20.42937506125955        295.1056556095158
                      139  -2.7077788193177926e-05   -5.210050123551827e-09    0.0022880606610446936        2.689980656213601      0.00315333089663237   -0.0013069675267937432  -1.1834527556823753e-06       -23.94577271194412     -0.09449850152209921       0.9258406130523262      0.22947632611929838       0.3631372304263124      0.41953747901953825       0.6638692378707018        274.6762805462984        20.42937505281628        295.1056555991147
                      140  -2.7077788243681703e-05   -5.210050026527379e-09    0.0022880606598043194       2.6899806558320725     0.003153330895773767   -0.0013069675268551904  -1.1834527594203223e-06      -23.945772717196594     -0.09449850143930352        0.925840612974872      0.22947632610748192      0.36313723054308567      0.41953747919896733       0.6638692377516833        274.6762805535564       20.429375036750773        295.1056555903072
                      141  -2.7077788202225742e-05  -5.2100501422951834e-09    0.0022880606610674835       2.6899806565366013     0.003153330896670049    -0.001306967527428568   -1.183452755742345e-06       -23.94577271398847      -0.0944985015327471       0.9258406130512244       0.2294763261125164      0.36313723072607773       0.4195374790108588       0.6638692379215732        274.6762805490385       20.429375052435866        295.1056556014744
                      142  -3.1563637117794844e-05    1.143677804698366e-08     0.002077762521001293       2.7502256196290196     0.003211173837116995   -0.0013884130874787274   -1.824322565553883e-06       -23.89069258765055      -0.0826367612464524       0.8919467562534573       0.2296329869579164      0.37292196066300215       0.4502149889650434       0.6420601784341571        275.6297434463832       18.589279255834843       294.21902270221807
                      143   -3.156363711174118e-05   1.1436778054441786e-08    0.0020777625210241244        2.750225619378499      0.00321117383746492   -0.0013884130871863881   -1.824322565870078e-06      -23.890692583154426     -0.08263676126352054       0.8919467562477681      0.22963298695932594      0.37292196061462224       0.4502149889557801       0.6420601784887658        275.6297434397938       18.589279259940046       294.21902269973384
                      144   -3.156363711989952e-05   1.1436778050300006e-08    0.0020777625209176262        2.750225619679242    0.0032111738370906723   -0.0013884130875908831  -1.8243225657361329e-06      -23.890692587364846      -0.0826367612450796        0.891946756264977       0.2296329869589549      0.37292196065767824      0.45021498897541656       0.6420601784549911       275.62974344548644       18.589279255926918       294.21902270141334
                      145   -3.156363712193459e-05   1.1436778073220295e-08     0.002077762520542741       2.7502256199727197    0.0032111738370923923    -0.001388413087924992  -1.8243225662438286e-06      -23.890692585544958     -0.08263676123231689       0.8919467563709582         0.22963298696159        0.372921960629317       0.4502149890285031       0.6420601785017945        275.6297434444157        18.58927925445867       294.21902269887437
                      146  -3.1563637135158085e-05   1.1436778091722459e-08    0.0020777625202303665       2.7502256202582913    0.0032111738367334164   -0.0013884130881640518  -1.8243225661908301e-06       -23.89069258993628     -0.08263676120847901       0.8919467563543104      0.22963298695436213       0.3729219605787046       0.4502149890716967       0.6420601784402713       275.62974344835743        18.58927925032923        294.2190226986867
                      147  -3.1563637122199036e-05   1.1436778053438687e-08    0.0020777625208126737        2.750225619890302     0.003211173836870392   -0.0013884130878603989  -1.8243225652436828e-06      -23.890692588948266     -0.08263676123318969       0.8919467562649566      0.22963298695364928      0.37292196057135096       0.4502149889928421       0.6420601784572337        275.6297434465675        18.58927925434597       294.21902270091346
                      148  -3.1563637114724966e-05   1.1436778039169994e-08     0.002077762521089824       2.7502256195690054    0.0032111738370662283   -0.0013884130875623005  -1.8243225649901099e-06          -23.89069258694      -0.0826367612533829       0.8919467562864316      0.22963298695788106       0.3729219606431804      0.45021498895098183       0.6420601784484639       275.62974344487054       18.589279256945083        294.2190227018156
                      149   -3.156363711716247e-05   1.1436778081842455e-08    0.0020777625205398095       2.7502256196158186     0.003211173837141602   -0.0013884130880472052  -1.8243225658075359e-06       -23.89069258483253     -0.08263676122792186       0.8919467562103023      0.22963298695911924      0.37292196065998795       0.4502149890271959       0.6420601784134057        275.6297434465624       18.589279254295583         294.219022700858
                      150    -3.21373693258573e-05    1.922159291668419e-08    0.0019520302278380594       2.7939172283018037     0.003182211344896803   -0.0015626273947113125   -1.829259742828968e-06       -23.21600108888599     -0.07869159899855643       0.9047038964453362      0.22975207750933452      0.35518825115000713      0.46673293161521506       0.6516685057585203       275.38164661526207       18.404884186481187       293.78653080174325
                      151   -3.213736931982541e-05   1.9221592932883483e-08     0.001952030227623126        2.793917228333391     0.003182211345011475    -0.001562627394887339  -1.8292597432481044e-06      -23.216001085749973     -0.07869159899340394         0.90470389645622      0.22975207750825574      0.35518825116901503      0.46673293164477203        0.651668505768189        275.3816466146261        18.40488418649301        293.7865308011191
                      152   -3.213736932113334e-05   1.9221592932448955e-08     0.001952030227600876        2.793917228296417     0.003182211344980042   -0.0015626273948688447   -1.829259743434557e-06       -23.21600108574991     -0.07869159899536116       0.9047038964414988       0.2297520775068009       0.3551882511831279       0.4667329316442269       0.6516685057570211        275.3816466144163         18.4048841868533        293.7865308012696
                      153   -3.213736932646393e-05    1.922159291844157e-08    0.0019520302278119212        2.793917228283437    0.0031822113449215842   -0.0015626273946289005  -1.8292597429871037e-06       -23.21600108773615     -0.07869159899928352       0.9047038964284124      0.22975207750922896        0.355188251157052      0.46673293161751483        0.651668505748547       275.38164661477157       18.404884186789058        293.7865308015606
                      154   -3.213736933330574e-05     1.92215929078562e-08    0.0019520302277606975       2.7939172284984437     0.003182211344488115   -0.0015626273947830776  -1.8292597423547648e-06       -23.21600108771459      -0.0786915989924436       0.9047038964037257      0.22975207751065657      0.35518825116209496       0.4667329316230026       0.6516685057386713        275.3816466152864        18.40488418568462       293.78653080097104
                      155   -3.213736932809388e-05    1.922159290683235e-08     0.001952030227828789        2.793917228494726     0.003182211344482099    -0.001562627394896436   -1.829259741820368e-06      -23.216001091133407     -0.07869159899220658       0.9047038964672205      0.22975207750948493      0.35518825114866726      0.46673293161556717       0.6516685057577183        275.3816466168275        18.40488418476822        293.7865308015957
                      156   -3.243194404335926e-05   1.9665561700945924e-08      0.00192806921121859        2.809475478300368    0.0031531617354102334   -0.0015665425646860715  -1.8241256181330068e-06      -22.819330605567618     -0.07800295047587676       0.9000402843312081       0.2296826516356576      0.35896796237527406       0.4694195344577685       0.6485768146949562        275.3599637837721       18.366746883541172        293.7267106673133
                      157   -3.243194404066547e-05    1.966556170087096e-08    0.0019280692112089734        2.809475478302986    0.0031531617354132015   -0.0015665425646677147  -1.8241256180070081e-06      -22.819330605052496      -0.0780029504746692       0.9000402843242294      0.22968265163570423      0.35896796237392736       0.4694195344598431       0.6485768146987603        275.3599637837065       18.366746883434303        293.7267106671408
                      158   -3.243194404131347e-05   1.9665561700427116e-08    0.0019280692111797216       2.8094754782804268    0.0031531617353695186   -0.0015665425646820437   -1.824125618033022e-06      -22.819330604982742     -0.07800295047453205       0.9000402843166959       0.2296826516351702       0.3589679623770108       0.4694195344615462       0.6485768146940556        275.3599637836932       18.366746883513937       293.72671066720716
                      159   -3.243194403795542e-05   1.9665561697164345e-08     0.001928069211141568       2.8094754782066507    0.0031531617353404914   -0.0015665425646861342  -1.8241256178523418e-06       -22.81933060432001     -0.07800295047261818       0.9000402843259314      0.22968265163567153       0.3589679623863741      0.46941953446520246       0.6485768146851765        275.3599637838234         18.3667468832079        293.7267106670313
                      160   -3.243194404189914e-05    1.966556169757918e-08     0.001928069211130454       2.8094754782451985    0.0031531617353364313   -0.0015665425646436168  -1.8241256178794128e-06      -22.819330604311226     -0.07800295047308181       0.9000402843251212      0.22968265163704962      0.35896796234973205       0.4694195344658956       0.6485768146895747        275.3599637835509        18.36674688354317       293.72671066709404
aborted minimisation     
Minimisation aborted as it proceeded too slow               
 finished