                   sim_nr                 advtheta                     advq                   advCO2               deltatheta               gammatheta                   deltaq                   gammaq                 deltaCO2                 gammaCO2                  sca_sto                    alpha                    FracH                       wg                      R10                     data               background                    Costf
                        1    0.0010894505720719272    2.650871085005648e-07     0.004771750996440556        4.288949567678904     0.007027350010205104     0.002013730556659286  -2.4038385498642935e-06       -64.35112247136124     0.005580373030475183       1.0201414938933906      0.26269885591685127        0.730568044312085       0.5072410026362563       0.1179194745578337       58041.653136237925                      0.0       58041.653136237925
                        2    0.0010894243567756412    2.650871076486726e-07     0.004771747338950143       4.2889495676352025    0.0070273500101840376    0.0020137305564351987  -2.4038385498804426e-06       -64.35112248445378      0.00558037302449364       1.0201414939293458      0.26269885591953346       0.7305680443115146       0.5072410026362302      0.11791947360347432       58040.158469185466   2.2274338419533624e-09        58040.15846918769
                        3    0.0010894506821196462    2.650871080247097e-07    0.0047717484714222816       4.2889495676165765     0.007027350010139304     0.002013730556325791  -2.4038385499136717e-06       -64.35112249188579     0.005580373012301029       1.0201414938576354      0.26269885590716285       0.7305680443120048       0.5072410026361994      0.11791947494290511        58041.63970270309   4.0648281981597167e-13        58041.63970270309
                        4  -0.00030898753469597666    2.646450115068682e-07    0.0024748890534056645        4.288895519334916     0.007027294374445949     0.002013441910219684   -2.403880319962774e-06         -64.368847179847     0.005564996939683459       1.0201139550878915       0.2626909926774963       0.7305679455292953       0.5072409541268983      0.11818383659310783       11310.413912506996        6.640113732614837       11317.054026239612
                        5  -0.00030898753099620224   2.6464501088395764e-07     0.002474889050667449         4.28889551933347     0.007027294374433973    0.0020134419099571824  -2.4038803200358237e-06       -64.36884718108497       0.0055649969373605       1.0201139550691183       0.2626909926749287       0.7305679455295183       0.5072409541268855      0.11818383685312828       11310.413863187005        6.640113699815979        11317.05397688682
                        6   -0.0003089875351051899   2.6464501034476547e-07    0.0024748890527429963       4.2888955193288485    0.0070272943744106395     0.002013441909722887   -2.403880320091013e-06         -64.368847179665      0.00556499693756637        1.020113955040122       0.2626909926721195       0.7305679455296188       0.5072409541268773       0.1181838373501849       11310.413862007317        6.640113736506382       11317.053975743824
                        7  -0.00030898753470204104   2.6464501151320147e-07    0.0024748890528116063        4.288895519330996    0.0070272943744345735     0.002013441910244801  -2.4038803199288985e-06       -64.36884717992235     0.005564996939652844       1.0201139550708023       0.2626909926733565       0.7305679455290476       0.5072409541268884      0.11818383679710642        11310.41391197519        6.640113732828181        11317.05402570802
                        8  -0.00018706983428634551  -1.2110346653373713e-07    0.0017090628922911476        4.284450980479298      0.00700857132893081    0.0018632582144877975   -2.425317465924246e-06       -64.44611172948207     0.004755269358658276       0.9935144048954083       0.2582356278561453       0.7305199129014335       0.5072274427533777      0.49407385351782285       1117.2511249680604        7.895174897575803       1125.1462998656361
                        9  -0.00018706983186445579   -1.211034678662758e-07    0.0017090628937191988        4.284450980464013     0.007008571328865608      0.00186325821395524   -2.425317465992689e-06       -64.44611172887802     0.004755269357149204       0.9935144047897053      0.25823562783651377       0.7305199129010067       0.5072274427533215      0.49407385514403757       1117.2511074553706       7.8951748941179565       1125.1462823494885
                       10  -0.00018706983439893904   -1.211034666371967e-07     0.001709062891290171        4.284450980475961     0.007008571328916057    0.0018632582143894055  -2.4253174659369277e-06       -64.44611172963262     0.004755269357472545       0.9935144048684958       0.2582356278493261       0.7305199129011484       0.5072274427533626      0.49407385409639115       1117.2511244036878        7.895174903994332        1125.146299307682
                       11   -9.970681491269914e-05  -1.8845190814654814e-07    0.0016516368245168903        4.283427787029401     0.007004146443663556    0.0018296927314893057  -2.4296355288500354e-06       -64.43859742413969     0.004554442289960063       0.9859916499452661      0.25662622616701725       0.7304689703172997         0.50722334476589       0.6289879056435375        717.9635200283154        8.743229287582619         726.706749315898
                       12   -9.968030413892346e-05  -1.8845190595197196e-07    0.0016516389195776237        4.283427787090824        0.007004146443661    0.0018296927322283478   -2.429635528685762e-06       -64.43859740873788     0.004554442281534927       0.9859916495122438      0.25662622589134193       0.7304689702961698        0.507223344765482       0.6289879090648656        717.9467160463504        8.743024284850065        726.6897403312005
                       13   -9.970685582909333e-05  -1.8845190620974738e-07      0.00165163770579254       4.2834277870471755      0.00700414644361611      0.00182969273212839  -2.4296355287032425e-06       -64.43859741558761      0.00455444227472376       0.9859916495397676      0.25662622589628314       0.7304689702953792       0.5072233447655098       0.6289879088263222        717.9634940642904         8.74322931730934        726.7067233815998
                       14   -8.529424563340671e-05  -1.8842539432531758e-07    0.0016643192350258291        4.283428053619269     0.007004145823037508     0.001829701488629109  -2.4296335204844677e-06       -64.43847713042393     0.004554238696065662       0.9859861137867778       0.2566225374843475       0.7304686723257728       0.5072233395728043       0.6290313720162324        713.1064615226779        8.628719417721147        721.7351809403991
                       15   -8.529229792390196e-05  -1.8842531463174226e-07    0.0016643049182541564        4.283428053904128     0.007004145820447202     0.001829701514460696  -2.4296335146136608e-06       -64.43847705723832     0.004554237789940073        0.985986097634683       0.2566225264248703        0.730468671438051       0.5072233395566625         0.62903148942776        713.1060513260772         8.62871084623441        721.7347621723117
                       16   -8.534601018938734e-05   -1.884246734778062e-07    0.0016642294664937444        4.283428056473379    0.0070041458000214725     0.001829701722632732  -2.4296334672204072e-06        -64.4384762461483     0.004554230713008896       0.9859859671074858      0.25662243724770695       0.7304686642702534       0.5072233394270661       0.6290324461120997        713.1027174873166        8.629155970826371        721.7318734581429
                       17   -8.511132049720703e-05  -1.8835383107602744e-07    0.0016523598389283378       4.2834283156803465     0.007004143506337084    0.0018297246927982131  -2.4296282449779075e-06        -64.4384063936085     0.004553429822568282       0.9859715964409073       0.2566126017559973       0.7304678745854553       0.5072233250838118       0.6291370779154999         712.918992953811        8.632634488648723        721.5516274424597
                       18   -8.511132074537874e-05  -1.8835382587468568e-07    0.0016523598559122724        4.283428316223017    0.0070041435047035975    0.0018297247159397864  -2.4296282390617424e-06       -64.43840638272253      0.00455342973427178        0.985971583945231      0.25661259523901087        0.730467873699376       0.5072233250684041        0.629137081144342        712.9189013521614        8.632634525429056        721.5515358775904
                       19   -8.511132106114741e-05  -1.8835383362168036e-07    0.0016523598360817814        4.283428313908525     0.007004143499595257    0.0018297246775949756  -2.4296282455462616e-06        -64.4384063909469     0.004553429635406222       0.9859715854564852        0.256612601162365       0.7304678737614666       0.5072233250658356       0.6291370793438498        712.9189851912876        8.632634532281529         721.551619723569
                       20   -8.895085791011206e-05   -1.794226126719864e-07    0.0017087432568336268       4.2768589002184765    0.0069637818712679515    0.0018501518506408208  -2.4078800456418843e-06       -64.37992544197232    0.0032545068466087908       0.8793542625067272       0.2265814247733655        0.722683073278889       0.5070697889169228       0.6496646892144469       505.28150424051967        9.282948136143544        514.5644523766632
                       21   -8.897772340102817e-05  -1.7942261180094705e-07    0.0017087430045441788       4.2768589002033135     0.006963781871166558     0.001850151850907372  -2.4078800455422923e-06       -64.37992543795023    0.0032545068210004576       0.8793542623995327      0.22658142479618443       0.7226830732633147       0.5070697889166931       0.6496646883992812        505.2617613340545        9.283153361792778        514.5449146958473
                       22   -8.895089086163378e-05  -1.7942261155724995e-07    0.0017087440786250838        4.276858900248383    0.0069637818712155585    0.0018501518510031668   -2.407880045524907e-06        -64.3799254315936    0.0032545068275611224       0.8793542623683801      0.22658142479092774       0.7226830732640652       0.5070697889166614       0.6496646886165074        505.2814848998476        9.282948088077232        514.5644329879249
                       23  -0.00010599411879810578  -1.7940954319514615e-07     0.001717823080449881        4.276859226943707     0.006963781219483382    0.0018501560885930812  -2.4078786690866217e-06       -64.37980629582425     0.003254276870621936       0.8793526410518542       0.2265816363228814       0.7226828970030973       0.5070697858364644       0.6496574628766671        498.9863036944483        9.410716774070325       508.39702046851863
                       24  -0.00010598757568731822   -1.794094126849521e-07     0.001717815764137781        4.276859229541144      0.00696378121191761    0.0018501561301660725  -2.4078786558103272e-06       -64.37980568953104     0.003254273971465379       0.8793526256791042      0.22658163819506205       0.7226828952978795       0.5070697858048955       0.6496573718267076        498.9861846027003        9.410667277914825       508.39685188061515
                       25  -0.00010599838309402476   -1.794075198012868e-07     0.001717712903315816        4.276859267122955     0.006963781102029533    0.0018501567331077689  -2.4078784631917985e-06       -64.37979687139911    0.0032542319216929206       0.8793524026419477       0.2265816653982619        0.722682870546383       0.5070697853469466       0.6496560512078462        498.9838108584045        9.410767109240389        508.3945779676449
                       26   -0.0001059946842242043  -1.7940791164137285e-07    0.0017178263155059096        4.276859260204281     0.006963781125970502    0.0018501566089395602  -2.4078785026221034e-06        -64.3797981407311    0.0032542411886176755       0.8793524477926027        0.226581659960644       0.7226828756177874       0.5070697854420566       0.6496563421516486         498.984487566131        9.410702919117012         508.395190485248
                       27  -0.00010599390684815405   -1.794095436808736e-07     0.001717823125928572        4.276859228138604     0.006963781206544102    0.0018501560774918683  -2.4078786660387735e-06       -64.37980557238441     0.003254273679994076       0.8793526176952737      0.22658163822760097       0.7226828952378144       0.5070697857953913       0.6496574087218985       498.98629264780874        9.410714586965208        508.3970072347739
                       28  -0.00010838604809396157  -1.6752232857314292e-07    0.0017331759146846024         4.27710932119198    0.0069630153823247685    0.0018538759275552117  -2.4066457164822813e-06       -64.31571614483704     0.002973413645855853       0.8777922687062234       0.2267662833616855       0.7225155597816193       0.5070666440926261        0.641135743956581        492.3897680577559        9.297219687665493        501.6869877454214
                       29  -0.00010838604820857323  -1.6752232812343428e-07      0.00173317591527838       4.2771093214176235     0.006963015374221019    0.0018538759257132767   -2.406645715208189e-06       -64.31571613583247    0.0029734134978892327        0.877792260900248      0.22676628390340392       0.7225155580942711       0.5070666440547715       0.6411357431057096       492.38976510813586        9.297219710277671        501.6869848184135
                       30  -0.00010838604834989074  -1.6752232769022267e-07    0.0017331759154117113        4.277109320871719    0.0069630153566834375     0.001853875921305456  -2.4066457142157473e-06       -64.31571613466072     0.002973413173376753       0.8777922539453114      0.22676628285661804       0.7225155554120972       0.5070666439912377       0.6411357385997007       492.38976274719306        9.297219699894125        501.6869824470872
                       31   -0.0001083860482515536  -1.6752232838745847e-07    0.0017331759162844866          4.2771093233102    0.0069630153650004235    0.0018538759204089548   -2.406645714227089e-06       -64.31571609337297    0.0029734134399616663       0.8777922651124603      0.22676628367817797       0.7225155567690408       0.5070666440368351       0.6411357378947402        492.3897652142658        9.297219633954686        501.6869848482205
                       32  -0.00010838604825837519  -1.6752232826936705e-07    0.0017331759188870762        4.277109327597891     0.006963015369377818    0.0018538759196356698  -2.4066457100415647e-06       -64.31571602127627    0.0029734136503931966       0.8777922636559197       0.2267662831966272       0.7225155567943603       0.5070666440599864        0.641135740034577       492.38976547049214        9.297219666473401        501.6869851369655
                       33  -0.00010838604819556476   -1.675223284703813e-07    0.0017331759153486432        4.277109322235228     0.006963015371726644    0.0018538759249282534   -2.406645712354836e-06       -64.31571611943039    0.0029734134889715597       0.8777922686976136      0.22676628335410132       0.7225155596044615       0.5070666441070277       0.6411357439823293        492.3897677213324        9.297219689614657        501.6869874109471
                       34  -0.00010838604808217239  -1.6752232776150367e-07    0.0017331759193893632        4.277109326790979     0.006963015304346759    0.0018538759089802511   -2.406645688548692e-06       -64.31571597694689     0.002973412669675078       0.8777922673984262      0.22676628333943247       0.7225155597835622       0.5070666441771122       0.6411357432631339       492.38976596689236         9.29721968988023        501.6869856567726
                       35  -0.00016652158988739846   -9.690449478938523e-08    0.0021538973324263322        4.908721743785684                    0.001   0.00027588628703633083  -2.1504366651192923e-07       -49.18533498468002     -0.08306749669428108       0.5315689941568613      0.22623078247801098      0.49493443431489204       0.5116323337769854       0.4617436538202009        6571.997953312309       27.073425739471254         6599.07137905178
                       36  -0.00013745381899068023  -1.3221341168126397e-07    0.0019435366235554677        4.592915532488831     0.003981507691162385    0.0010648811072957714  -1.3108446914971052e-06       -56.75052556475853     -0.04004704152421261       0.7046806314315424      0.22649853291984823       0.6087249970482557       0.5093494889348058        0.551439698888391        429.8648712013207       13.827182934312827        443.6920541356335
                       37   -0.0001229199335423209  -1.4986787012720355e-07     0.001838356269120035        4.435012426840405     0.005472261536743577    0.0014593785174254917  -1.8587452039896933e-06       -60.53312085479779     -0.01853681393917838       0.7912364500688829      0.22663240814076685       0.6656202784149374        0.508208066513716       0.5962877214224855        423.5931669519384       10.472666366175272        434.0658333181136
                       38  -0.00013018687626650057  -1.4104064090423376e-07    0.0018909464463377512        4.513963979664618      0.00472688461395298    0.0012621298123606315  -1.5847949477433991e-06       -58.64182320977815    -0.029291927731695498       0.7479585407502127      0.22656547053030757       0.6371726377315965       0.5087787777242608       0.5738637101554387       407.96456468107584       11.877540914040582       419.84210559511644
                       39   -0.0001301604164487425   -1.410406408416177e-07    0.0018909527970458208        4.513963979741169    0.0047268846141135315    0.0012621298123491904  -1.5847949476738148e-06      -58.641823168158545    -0.029291927678041854       0.7479585406954725       0.2265654705490648       0.6371726377275215       0.5087787777242376        0.573863710689781       407.93608844821114       11.877329692305347        419.8134181405165
                       40  -0.00013018718235401636  -1.4104064101139804e-07    0.0018909511973509855        4.513963979680681     0.004726884614004797    0.0012621298122631143  -1.5847949476961474e-06       -58.64182317859744    -0.029291927694842623       0.7479585407170719      0.22656547055200976       0.6371726377266704       0.5087787777242426       0.5738637104085802       407.96371597234776       11.877541757151466        419.8412577294992
                       41   -0.0001301868762353124  -1.4104064086226116e-07    0.0018909464469342697        4.513963979626728     0.004726884613853218     0.001262129812263517  -1.5847949477181173e-06       -58.64182320859454    -0.029291927740362975       0.7479585407168539      0.22656547054192552       0.6371726377269613        0.508778777724149       0.5738637095254377        407.9645645554001       11.877540908102208        419.8421054635023
                       42  -0.00011126001436359556  -1.3961538351973445e-07    0.0019876209033356323        4.512676239155183    0.0047234942314249885      0.00125882705791392  -1.5839347564870584e-06       -58.60108601001323    -0.029585971814816814       0.7468239999540847      0.22696074886306772        0.637014993142203       0.5087749749879473       0.5524518620512069       388.27059735682593        11.51606782542108         399.786665182247
                       43  -0.00011126001438971508  -1.3961538356385851e-07     0.001987620903329383        4.512676239118135     0.004723494231327911    0.0012588270577790382  -1.5839347564713703e-06       -58.60108600868552    -0.029585971820363863       0.7468239998756037      0.22696074887383427       0.6370149931376515       0.5087749749878414       0.5524518621353467       388.27059732216935       11.516067827730993       399.78666514990033
                       44  -0.00011126001436807136   -1.396153834492774e-07    0.0019876209033191914        4.512676239025143     0.004723494231086447    0.0012588270575639453  -1.5839347564092862e-06       -58.60108600827706    -0.029585971839191157       0.7468239997165489      0.22696074889353723       0.6370149931267548       0.5087749749875847       0.5524518620515471        388.2705972786154        11.51606782941968        399.7866651080351
                       45  -0.00011126001428321758   -1.396153835188855e-07    0.0019876209039209913        4.512676238946355     0.004723494230890522    0.0012588270573082893  -1.5839347563820676e-06       -58.60108600742666    -0.029585971852118517       0.7468239996363488       0.2269607488907884       0.6370149931187534       0.5087749749873929       0.5524518616043324        388.2705972684333       11.516067826386449       399.78666509481974
                       46  -0.00011126001440152074   -1.396153834567747e-07     0.001987620904000995        4.512676238952714      0.00472349423092354    0.0012588270573528264  -1.5839347563643007e-06       -58.60108600373549    -0.029585971842940352       0.7468239996524655      0.22696074886504816       0.6370149931193532       0.5087749749874568       0.5524518618445704       388.27059728184094       11.516067828805463        399.7866651106464
                       47  -0.00011126001444020399  -1.3961538342131176e-07    0.0019876209042187882        4.512676238573299     0.004723494229971482    0.0012588270562548902    -1.58393475616041e-06         -58.601085996687    -0.029585971901615882       0.7468239991274197       0.2269607488397559       0.6370149930798074       0.5087749749865985       0.5524518615241867       388.27059715487064       11.516067836329896       399.78666499120055
                       48   -0.0001112600142565963  -1.3961538348308355e-07    0.0019876209037414435        4.512676238902281     0.004723494230779566    0.0012588270571601541  -1.5839347563453024e-06       -58.60108600530185    -0.029585971854744576       0.7468239996599595      0.22696074885001136       0.6370149931190477       0.5087749749875113       0.5524518620842311       388.27059728109975        11.51606783122475        399.7866651123245
                       49  -0.00011126001435952915  -1.3961538350265128e-07    0.0019876209034158615        4.512676239062107    0.0047234942311929545    0.0012588270576275864  -1.5839347564295269e-06      -58.601086007739234    -0.029585971826641022       0.7468239999589799      0.22696074886290768       0.6370149931376717       0.5087749749879567       0.5524518620516892       388.27059734148264       11.516067826489136       399.78666516797176
                       50   -8.911003906806182e-05   1.4244469629007579e-09     0.002804473006826847       3.7512718265385114    0.0028221106420006116   -0.0010502757874612531  -1.1208101032080966e-06       -40.23401859402126     -0.13021586840031985       0.5639969079390839       0.2281021499375888       0.5911347172777082       0.5084900247411387      0.43331679919766675        1793.016694371083        35.99083492531339       1829.0075292963966
                       51  -0.00010018502671582858   -6.909546827841695e-08    0.0023960469550812396        4.131974032846847     0.003772802436712801   0.00010427563522633345  -1.3523724298475776e-06       -49.41755230201725     -0.07990092010756834       0.6554104539465841      0.22753144940032827       0.6140748552099555        0.508632499864543       0.4928843306244364       389.81602768611384       20.089010271210075       409.90503795732394
                       52  -0.00010572252053971196   -1.043554258990757e-07     0.002191833929208436        4.322325136001015     0.004248148334068894    0.0006815513465701267  -1.4681535931673181e-06      -54.009319156015245     -0.05474344596119258       0.7011172269503345      0.22724609913169797       0.6255449241760793       0.5087037374262451       0.5226680963378216        356.6974227258399        14.88642877227629        371.5838514981162
                       53  -0.00010295377362777038   -8.672544708874643e-08    0.0022939404421448376         4.22714958442393     0.004010475385390847   0.00039291349089823005  -1.4102630115074477e-06       -51.71343572901625     -0.06732218303438048       0.6782638404484593      0.22738877426601312       0.6198098896930174       0.5086681186453941       0.5077762134811286        357.6425129961103        17.25869195273336        374.9012049488437
                       54  -0.00010433814708374128   -9.554043649391096e-08    0.0022428871856766367        4.274737360212473     0.004129311859729871    0.0005372324187341785   -1.439208302337383e-06      -52.861377442515746     -0.06103281449778652       0.6896905336993968      0.22731743669885554       0.6226774069345484       0.5086859280358196        0.515222154909476       354.57849441006346       16.015303470252377       370.59379788031583
                       55  -0.00010433814708446683   -9.554043622639085e-08     0.002242887189278646        4.274737358026582     0.004129311854453973    0.0005372324117060523  -1.4392083010538961e-06       -52.86137738148653     -0.06103281475076263       0.6896905328605352       0.2273174367724247       0.6226774068013019       0.5086859280350152       0.5152221549018243        354.5784936499772       16.015303526109815         370.593797176087
                       56   -0.0001043381469347255   -9.554043645440916e-08          0.0022428871875       4.2747373595835025     0.004129311858473821    0.0005372324166609951  -1.4392083019991832e-06       -52.86137742706084      -0.0610328145458651       0.6896905340159445       0.2273174366851685       0.6226774068977745       0.5086859280355885       0.5152221543143733        354.5784941065151       16.015303470255443       370.59379757677056
                       57   -9.882057898692319e-05   -8.089121932605872e-08     0.002488260337765109        4.143628255825024      0.00382263049026916   0.00011379051556309495  -1.3633845859192455e-06       -49.27933564305405     -0.07528527808974378       0.6601676980804658      0.23043113436480306       0.6147437067347906       0.5086376964189848      0.49266786494858916       325.23083595726507       19.102879517654905          344.33371547492
                       58   -9.879764308710014e-05   -8.089121700296435e-08    0.0024882752694562593        4.143628253579619    0.0038226304904823254   0.00011379051127756226  -1.3633845843845419e-06        -49.2793355752566      -0.0752852775382236       0.6601676980944235      0.23043113407537702       0.6147437066555406       0.5086376964193352       0.4926678746470943       325.23021564641726       19.102698971746438        344.3329146181637
                       59   -9.882214410602804e-05   -8.089121647364457e-08      0.00248827625496113        4.143628252871968     0.003822630490235619   0.00011379051003165448   -1.363384584024762e-06       -49.27933557788337     -0.07528527743008688         0.66016769809191       0.2304311339942751       0.6147437066334936       0.5086376964193754      0.49266787679871626       325.23060871242603        19.10288736799971       344.33349608042573
                       60   -9.882057950752151e-05   -8.089121651008202e-08      0.00248826033603643        4.143628253274873    0.0038226304893399865    0.0001137905111939079  -1.3633845845463156e-06        -49.2793356781876     -0.07528527773241177       0.6601676979634261      0.23043113403422272       0.6147437066550254        0.508637696418903       0.4926678722591751        325.2308348258384        19.10287952032099       344.33371434615935
                       61   -9.882501758702545e-05   -8.089116654377088e-08    0.0024882599668439595        4.143628201003565    0.0038226304696941486   0.00011379041828057561  -1.3633845576642578e-06       -49.27933639687201     -0.07528527043552108       0.6601676960023015       0.2304311273399024         0.61474370502861        0.508637696416773       0.4926680110221042       325.23089528893956       19.102913681311296       344.33380897025086
                       62   -9.943035282073505e-05    -7.78180399915514e-08    0.0024924857287773115        4.140844886750183    0.0038216167305302837   0.00010902149834045285  -1.3618860082639006e-06      -49.317641534144954     -0.07489517310315318       0.6600400208267909       0.2300703279057687       0.6146566435301039       0.5086376073545894       0.5006480768733113       324.56377444634387       19.105430456369465        343.6692049027133
                       63    -9.94215965879233e-05   -7.781814459970492e-08     0.002492485395089734        4.140844829060003    0.0038216166970019153   0.00010902132599357931  -1.3618860044792422e-06      -49.317642255858026     -0.07489516550288985       0.6600400277808087      0.23007032217331286       0.6146566419047883       0.5086376073430351       0.5006480026359315        324.5638079780445       19.105361452854588        343.6691694308991
                       64   -9.942955747047457e-05   -7.781907545231006e-08    0.0024924765277921433        4.140844315634685     0.003821616398090837   0.00010901979266004542  -1.3618859709236968e-06       -49.31764871642642     -0.07489509797399409       0.6600400896485312      0.23007027117936524        0.614656627444724       0.5086376072401844        0.500647341421149        324.5634614764855       19.105410583929608        343.6688720604151
                       65   -9.943674905779545e-05   -7.785002952388948e-08     0.002492655165257011        4.140827220156114     0.003821606480121114   0.00010896874465568427  -1.3618848358508456e-06      -49.317860670676275      -0.0748928420088906       0.6600421566394103      0.23006857400182745       0.6146561456360194        0.508637603832628       0.5006254189571884       324.55410684381474        19.10493480861612       343.65904165243086
                       66   -9.943016944048873e-05   -7.781802574455019e-08      0.00249248576354612         4.14084480265464    0.0038216166925531684   0.00010902131887456423   -1.361885975429609e-06       -49.31764257536966     -0.07489516178687924       0.6600400343921007      0.23007032016117265       0.6146566409674644       0.5086376073478988        0.500648029834589       324.56376066330745        19.10542665590117        343.6691873192086
                       67   -9.949808191517056e-05   -7.768124819636476e-08     0.002492686265936779        4.140037731075706    0.0038212522140300687   0.00010729900049953607  -1.3615708575619334e-06      -49.327636116610904     -0.07478656110469327        0.660170221050528      0.22999599565864748       0.6146320471580353       0.5086375431390764       0.5001966177334403        324.4211528164835       19.083087694474486         343.504240510958
                       68   -9.943373822580135e-05   -7.781797563600994e-08    0.0024925140437338377        4.140844333422947     0.003821616464851011   0.00010902029480536944   -1.361885794991708e-06      -49.317647535779656     -0.07489510034090616       0.6600400787773533      0.23007028709746563       0.6146566264064369       0.5086376073183416       0.5006482880787049         324.563663458559        19.10543861698315        343.6691020755421
                       69    -9.90279477965665e-05   -7.657825119664592e-08    0.0024970909333237134        4.115932123806576    0.0038101704243819878    5.457340881709054e-05  -1.3526472967673494e-06       -49.62622603007413     -0.07154716050990521       0.6639959591495506      0.22776575121616827       0.6139009232885095       0.5086354448708114       0.4856491605014641        322.3875997433195       18.413669004292338       340.80126874761186
                       70   -9.902794778720051e-05   -7.657825117704833e-08    0.0024970909334036512        4.115932121832314    0.0038101704235687104    5.457340516107015e-05  -1.3526472946376254e-06       -49.62622603711131     -0.07154716043234342       0.6639959585031234      0.22776575121004294       0.6139009217145134       0.5086354448721412      0.48564916070868414       322.38759936484934        18.41366900930058        340.8012683741499
                       71   -9.902794773525053e-05   -7.657825106933052e-08    0.0024970909335019467        4.115932120936096    0.0038101704236166815    5.457340520918547e-05  -1.3526472860336378e-06      -49.626226034790136     -0.07154716041596434       0.6639959601547039       0.2277657512851171       0.6139009212701687        0.508635444946534      0.48564916083852694       322.38759931381566       18.413668993392232       340.80126830720786
                       72   -9.902794768206651e-05   -7.657825110754398e-08    0.0024970909329892093        4.115932120799752    0.0038101704218559485   5.4573404898374785e-05  -1.3526472908052645e-06       -49.62622603704984     -0.07154716052101634       0.6639959602331467      0.22776575125950843       0.6139009227106871       0.5086354449423548      0.48564916102768585        322.3875994141323       18.413669007272233       340.80126842140453
                       73   -9.902794747575368e-05   -7.657825109829798e-08     0.002497090933321829        4.115932120400622     0.003810170421585256    5.457340152432413e-05  -1.3526472877394681e-06       -49.62622603036253     -0.07154716047441646        0.663995960588369      0.22776575120993525       0.6139009232042366       0.5086354450315947      0.48564916189138785       322.38759931102123       18.413669005162745       340.80126831618395
                       74   -9.902794755905098e-05    -7.65782510802924e-08    0.0024970909332999737        4.115932122765625    0.0038101704221048804   5.4573406846075784e-05  -1.3526472907059672e-06       -49.62622602377976     -0.07154716053719387       0.6639959596854754      0.22776575117031472       0.6139009222575966       0.5086354449289986      0.48564916106840617        322.3875995247237       18.413669015615625        340.8012685403394
                       75   -9.902794756036634e-05   -7.657825118210618e-08     0.002497090933445566         4.11593212351532    0.0038101704214882183    5.457340554469344e-05  -1.3526472958682966e-06       -49.62622601110912      -0.0715471605869578       0.6639959600898566      0.22776575123182874       0.6139009219435217       0.5086354449224745      0.48564916087220134        322.3875995349022       18.413669017998156       340.80126855290035
                       76   -9.902794778829968e-05   -7.657825116304561e-08    0.0024970909335350787         4.11593212343071    0.0038101704226853796    5.457340790583743e-05    -1.35264729560448e-06      -49.626226017783864     -0.07154716053103495       0.6639959593224298       0.2277657512103199       0.6139009231552698       0.5086354448922503       0.4856491606272728       322.38759967981724       18.413669010520923        340.8012686903382
                       77  -4.5257269688245196e-05   -4.123573691080114e-08     0.002602494562142545       3.4216344177812705     0.002398262021037663   -0.0014619245123481863    6.366143781097854e-07      -42.739794462441125      -0.0813813805359292       0.9651887737829423      0.22729698006133825      0.28318237100184995       0.5389140505469948       0.7086194071999232        296.6786639770282       28.262179190224245        324.9408431672524
                       78   -7.214260874240596e-05  -5.8906994053723426e-08    0.0025497927477331297       3.7687832707939233    0.0031042162227098253   -0.0007036755517655479    -3.58016459328782e-07       -46.18301024625763      -0.0764642705229172       0.8145923664662464      0.22753136563875326      0.44854164714517974       0.5237747477089031       0.5971342838506928        279.8475662330156       21.973604623203432         301.821170856219
                       79  -5.8699939215325686e-05   -5.007136548226239e-08    0.0025761436549378374       3.5952088442875967    0.0027512391218737437   -0.0010828000320568672   1.3929895939050174e-07      -44.461402354349374     -0.07892282552942319       0.8898905701245943      0.22741417285004573      0.36586200907351485        0.531344399127949       0.6528768455253084        276.1774865309459        24.77681203820014       300.95429856914603
                       80   -6.542127397886582e-05  -5.4489179767993014e-08     0.002562968201335483         3.68199605754076    0.0029277276722917854   -0.0008932377919112075   -1.093587499691402e-07      -45.322206300303506     -0.07769354802617019       0.8522414682954205       0.2274727692443995      0.40720182810934735        0.527559573418426       0.6250055646880011       275.81675186568367       23.289938363573363         299.106690229257
                       81   -6.539484546104674e-05   -5.448917966468612e-08    0.0025629757525424002        3.681996057665873    0.0029277276730969096   -0.0008932377918682828  -1.0935874977954931e-07      -45.322206241984794     -0.07769354790650419         0.85224146839463      0.22747276928815152       0.4072018281097005       0.5275595734186218       0.6250055649911861         275.803471185866       23.289738647889923        299.0932098337559
                       82   -6.542174605866447e-05   -5.448917972832519e-08    0.0025629735560146875           3.681996057573    0.0029277276727793797    -0.000893237791943056  -1.0935874983034629e-07       -45.32220625774868      -0.0776935479416927       0.8522414683880046       0.2274727692865626       0.4072018281090506       0.5275595734185824       0.6250055646718318       275.81625463864214       23.289940519556044        299.1061951581982
                       83   -6.542127400174314e-05   -5.448917945950277e-08      0.00256296820206227       3.6819960574778663    0.0029277276722614303   -0.0008932377919111116  -1.0935874990456177e-07       -45.32220629636051     -0.07769354802445548       0.8522414683390236      0.22747276926939874       0.4072018281093247       0.5275595734184301       0.6250055639018983        275.8167517258541       23.289938353710628        299.1066900795647
                       84   -6.014732507381875e-05  -5.1553188238919704e-08    0.0026125515166908874        3.681397831034956    0.0029274427316710577   -0.0008932371034819011   -1.087431039165137e-07       -45.28434545724833     -0.07767655721621672       0.8526571327056096       0.2277109981084003       0.4072016106451635       0.5275596136085918       0.6175248303214946       271.18663346355453       23.144908194511473         294.331541658066
                       85   -6.017469177818169e-05  -5.1553192293117757e-08     0.002612549298135819       3.6813978293491387    0.0029274427297869277   -0.0008932371089140682  -1.0874310448737011e-07      -45.284345379792335     -0.07767655720690604       0.8526571325834837      0.22771099860342875      0.40720161064963073       0.5275596136082485       0.6175248258783634        271.1858577369884       23.145112583172665       294.33097032016104
                       86    -6.01473226023799e-05  -5.1553192220264876e-08    0.0026125514898053355       3.6813978294381666     0.002927442730094129   -0.0008932371088456994  -1.0874310443636609e-07       -45.28434536388225     -0.07767655717278305       0.8526571325915864      0.22771099860669794       0.4072016106503009       0.5275596136082881       0.6175248261672559        271.1866325344339       23.144908149081708        294.3315406835156
                       87   -6.014811507692357e-05   -5.155427283251882e-08    0.0026125625812888627       3.6813973944257112     0.002927442302339111   -0.0008932385686976197  -1.0874324485802334e-07       -45.28431977069185     -0.07767654504381193       0.8526571016407349      0.22771113449950559       0.4072016120465484       0.5275596135262033       0.6175236989335264         271.186374080684       23.144902103622137       294.33127618430615
                       88   -6.014731955590103e-05       -5.15531873249e-08    0.0026125515096158698       3.6813978283091076     0.002927442729499956   -0.0008932371091437417  -1.0874310339570838e-07       -45.28434529019915     -0.07767655713859534       0.8526571324783916      0.22771099893501623        0.407201610649347       0.5275596136083838       0.6175248267178555       271.18663288636463        23.14490811679329        294.3315410031579
                       89   -6.017267407521496e-05  -5.1533160956064154e-08    0.0026123847626214366       3.6813381104780967    0.0029273951639301526   -0.0008933611468091122  -1.0873169350662664e-07       -45.28068569428904     -0.07767485680591948       0.8526521543998837      0.22772910814147804      0.40720170229389285       0.5275596090500343       0.6174458813490533       271.16985659031474       23.144297995409396        294.3141545857241
                       90   -6.014732095176341e-05   -5.155318806537303e-08    0.0026125514488114527       3.6813978272372365    0.0029274427285021455   -0.0008932371117712781  -1.0874310344597779e-07       -45.28434523447755     -0.07767655710611888       0.8526571315035272      0.22771099873097422       0.4072016106488565       0.5275596136082122       0.6175248388426642       271.18663273745005       23.144908287745473        294.3315410251955
                       91   -5.919537624635629e-05   -5.174675698750241e-08    0.0025859982054520212         3.67487075038267    0.0029220769873712134   -0.0009078648918376595  -1.0793613209604623e-07       -44.88750509724965     -0.07749141185602332        0.852037543072458      0.22964659087729145       0.4072127758322927       0.5275590152856737       0.6091699986463679        270.2311630644701       23.063880274235984        293.2950433387061
                       92  -5.9195376233452546e-05   -5.174675699808715e-08    0.0025859982051578715        3.674870749921708     0.002922076987299338   -0.0009078648929434789  -1.0793613192631815e-07       -44.88750508947589     -0.07749141184884673       0.8520375427880555      0.22964659090091893       0.4072127758319923       0.5275590152858494       0.6091699989413124        270.2311630134462       23.063880280118497        293.2950432935647
                       93  -5.9195376236951484e-05   -5.174675696111924e-08     0.002585998205287145       3.6748707497060717    0.0029220769872598503   -0.0009078648927152449  -1.0793613132741581e-07       -44.88750509132381     -0.07749141185055491       0.8520375430155098      0.22964659087285558      0.40721277583310345       0.5275590152859443       0.6091699986115913        270.2311630347857       23.063880276098853        293.2950433108846
                       94  -5.9195376137533614e-05   -5.174675679659262e-08    0.0025859982045860993       3.6748707469616835     0.002922076987453201   -0.0009078648960591415  -1.0793612606517307e-07      -44.887505051707535     -0.07749141180592377        0.852037543189647      0.22964659089162498       0.4072127758412361        0.527559015290153       0.6091699986260926        270.2311629061854       23.063880280719793       293.29504318690516
                       95  -5.9195376197194224e-05  -5.1746756949310966e-08     0.002585998205079856       3.6748707500421136     0.002922076987053196    -0.000907864892259035  -1.0793613161108261e-07      -44.887505086610794     -0.07749141185802937        0.852037543068189      0.22964659088177974      0.40721277583469206       0.5275590152870038       0.6091699987006489       270.23116304339936       23.063880277137613         293.295043320537
                       96   -5.919537611455373e-05    -5.17467569336741e-08     0.002585998204536079       3.6748707495603057    0.0029220769863685103   -0.0009078648940122188   -1.079361317379779e-07       -44.88750506218057     -0.07749141186339072       0.8520375433561378      0.22964659086773548       0.4072127758359192       0.5275590152911738       0.6091699987319084       270.23116300318026        23.06388028132548        293.2950432845057
                       97  -5.9195376228552386e-05   -5.174675692942835e-08    0.0025859982047274355         3.67487074973385    0.0029220769863991837   -0.0009078648929638403  -1.0793613178450727e-07       -44.88750506761485     -0.07749141186707437       0.8520375433658987       0.2296465908773762        0.407212775794757       0.5275590152911276       0.6091699988227388       270.23116301668415       23.063880281922078       293.29504329860623
                       98   -5.919537623150944e-05   -5.174675695073822e-08     0.002585998204900713       3.6748707500077034     0.002922076986911601   -0.0009078648924202213  -1.0793613215456137e-07        -44.8875050727564      -0.0774914118615167       0.8520375429205203        0.229646590877971      0.40721277572176673       0.5275590152881413       0.6091699985590919        270.2311630315436       23.063880278794976       293.29504331033854
                       99   -3.054531858619918e-05   -9.652688128059517e-09    0.0020940386055041072        3.110297824458394    0.0024347619912950093   -0.0018176869267577437    3.379151242182722e-07       -24.76179913312985      -0.0799996890314057         0.89996789565596      0.23021002788536588      0.36968411296408815       0.5303395287804237       0.6455805614250254        256.1071710590772       28.778462322256402        284.8856333813336
                      100  -4.4870347416277843e-05  -3.0699722557780964e-08    0.0023400184054780645        3.392584287420532     0.002678419489333112   -0.0013627759092977015   1.1498949606111297e-07       -34.82465211518975     -0.07874555044371451        0.876002719364209       0.2299283093813287      0.38844844439819043       0.5289492720330488       0.6273752800356966        256.2227466477328       25.628770507972156        281.8515171557049
                      101   -3.770783300123862e-05   -2.017620534292024e-08    0.0022170285054910854       3.2514410559394626     0.002556590740314061   -0.0015902314180277226   2.2645231013969263e-07      -29.793225624159803      -0.0793726197375601       0.8879853075100845      0.23006916863334725       0.3790662786811393       0.5296444004067362       0.6364779207303615        253.9318791744298       27.130516217545775        281.0623953919756
                      102     -3.7707833042661e-05  -2.0176205419388046e-08    0.0022170285065486375        3.251441056970812    0.0025565907416523325   -0.0015902314155925928   2.2645230943301063e-07      -29.793225672258277      -0.0793726197352629        0.887985307477448        0.230069168623824      0.37906627875598814        0.529644400401026       0.6364779206132116       253.93187915932674       27.130516202581777        281.0623953619085
                      103  -3.7707832985043894e-05   -2.017620537050535e-08    0.0022170285057483744       3.2514410560989755    0.0025565907411351932   -0.0015902314174089437   2.2645230992727524e-07      -29.793225634377297     -0.07937261973298282       0.8879853075530151      0.23006916863560034       0.3790662786903659       0.5296444004063562       0.6364779207183693       253.93187916788267       27.130516212644174        281.0623953805268
                      104  -3.7707832958980975e-05  -2.0176205341087473e-08    0.0022170285051969986       3.2514410552076884    0.0025565907409742126   -0.0015902314183026125   2.2645230982605713e-07      -29.793225618841973     -0.07937261973920308       0.8879853075771205      0.23006916863021426      0.37906627863960957       0.5296444004095571       0.6364779207718732       253.93187915768294       27.130516218865726        281.0623953765487
                      105   -3.770783294151903e-05  -2.0176205266378108e-08     0.002217028504288328       3.2514410540685352    0.0025565907409796917   -0.0015902314187329443   2.2645231063964207e-07      -29.793225589177325     -0.07937261974484992       0.8879853076810027      0.23006916864450097       0.3790662785470873       0.5296444004156922       0.6364779208617861       253.93187913959542       27.130516227343055       281.06239536693846
                      106   -3.770783304686987e-05  -2.0176205383487613e-08    0.0022170285055272657       3.2514410558376574    0.0025565907414167362   -0.0015902314171081435   2.2645230899693377e-07       -29.79322563192962     -0.07937261974054234       0.8879853075105657      0.23006916863878785       0.3790662786500699       0.5296444004082317       0.6364779207705062        253.9318791648187       27.130516214156334       281.06239537897505
                      107   -3.770783299168767e-05   -2.017620533571559e-08    0.0022170285049107922       3.2514410553478696    0.0025565907409500904   -0.0015902314177759242   2.2645230896393466e-07      -29.793225606165517      -0.0793726197489023       0.8879853076427846       0.2300691686288887      0.37906627859603814       0.5296444004123967       0.6364779207521902        253.9318791581412        27.13051622007374       281.06239537821494
                      108    -3.77078329108476e-05  -2.0176205319864427e-08     0.002217028502326356        3.251441053037047    0.0025565907434235823   -0.0015902314160246842   2.2645230290757312e-07      -29.793225543380373     -0.07937261980839033       0.8879853077369395      0.23006916861878762       0.3790662782663563        0.529644400433719       0.6364779209165592       253.93187908376032       27.130516231120616        281.0623953148809
                      109  -2.7900868295288508e-05  -1.9440206400164755e-08    0.0019153939871865912       2.8490271950284054     0.003071181512319985   -0.0013851365119867092   -4.121606370622516e-07        -22.6405702079654      -0.0849825039434988       0.9440381507553366      0.22892131206649566       0.3331713488649143       0.5326291557379381       0.6595118381334988        246.5317306632827       28.463414502439523       274.99514516572225
                      110  -2.7900868014210396e-05   -1.944020639823352e-08     0.001915393982295838        2.849027188681724     0.003071181521752982   -0.0013851365082763278   -4.121606477325384e-07      -22.640570078383828        -0.08498250402783       0.9440381515863081      0.22892131207010027       0.3331713481163917        0.532629155790623       0.6595118387504986       246.53173049005574       28.463414531283423       274.99514502133917
                      111  -2.7900868196164674e-05  -1.9440206411559254e-08    0.0019153939853107506        2.849027192483855     0.003071181515404692   -0.0013851365108604756    -4.12160641970745e-07      -22.640570164222172      -0.0849825039787782       0.9440381508881079      0.22892131207294233       0.3331713486358726       0.5326291557558648       0.6595118383300651       246.53173062726137        28.46341451310356        274.9951451403649
                      112  -2.7900868265902943e-05  -1.9440206393525075e-08    0.0019153939869310092        2.849027194619981    0.0030711815127095077    -0.001385136511355141   -4.121606380038921e-07       -22.64057020161973     -0.08498250394808793       0.9440381507302953      0.22892131207555425      0.33317134889129496       0.5326291557403768       0.6595118380934721       246.53173065556123       28.463414501529027       274.99514515709023
                      113  -1.5004490994874418e-05   -1.934345935341133e-08    0.0017055236333906537       2.5655929410172362    0.0034443991775152958   -0.0012027112285024457    -9.36929321435922e-07       -17.37259883337884     -0.08874312460600815       0.9660215674880879      0.23002527623482688       0.3089534446721628       0.5347654758923959       0.6783048205121212       242.68044815816415        29.69485425751307        272.3753024156772
                      114   -1.500449096963354e-05  -1.9343459369487803e-08    0.0017055236327375065        2.565592939970113    0.0034443991789394482   -0.0012027112280727757    -9.36929323837439e-07      -17.372598812585853     -0.08874312461563973       0.9660215675498776      0.23002527623454186      0.30895344464641467       0.5347654759003991       0.6783048205560878        242.6804481399664       29.694854261458374       272.37530240142473
                      115  -1.5004490968520716e-05  -1.9343459354269585e-08     0.001705523632675651       2.5655929398726203    0.0034443991788748593   -0.0012027112275155092   -9.369293237602608e-07       -17.37259881363063      -0.0887431246174348       0.9660215674972654      0.23002527623345576       0.3089534446837946       0.5347654759002604       0.6783048205194824       242.68044814738064       29.694854260316383         272.375302407697
                      116  -1.5004491040617775e-05   -1.934345935795058e-08    0.0017055236340742692       2.5655929411193497    0.0034443991769066195    -0.001202711226962369   -9.369293226944664e-07       -17.37259884013925     -0.08874312458582828       0.9660215669564407       0.2300252762302597      0.30895344523478807       0.5347654758885285       0.6783048202060824       242.68044814157307       29.694854241148178       272.37530238272126
                      117  -1.5004490979439716e-05   -1.934345936884554e-08    0.0017055236333189268       2.5655929404980222     0.003444399177679262   -0.0012027112276859061   -9.369293238075229e-07      -17.372598830163167     -0.08874312460415185       0.9660215670766783      0.23002527624515456      0.30895344491689447        0.534765475893036       0.6783048203742759       242.68044814823608        29.69485425179993         272.375302400036
                      118   -9.530935101971331e-06  -2.1259208948331476e-08    0.0015204921660853625        2.168389072323481    0.0038668521647089076   -0.0007265017467585652   -1.928993485310523e-06      -11.020087354598452     -0.09074587978140074       0.9112494131145914        0.229536500487045       0.3689232944923893       0.5371574902358262       0.6510083688151429       239.72146327533136       29.640386937082106       269.36185021241346
                      119   -9.530935118402199e-06  -2.1259208942179687e-08     0.001520492166570707        2.168389073230042    0.0038668521636433736    -0.000726501747588502   -1.928993483165074e-06      -11.020087372067428     -0.09074587977496498        0.911249413162202      0.22953650048971297       0.3689232944051978       0.5371574902295533        0.651008368778144       239.72146327376186       29.640386933395213        269.3618502071571
                      120   -9.530935093828323e-06  -2.1259208945961266e-08      0.00152049216629483         2.16838907270603     0.003866852164434286   -0.0007265017470128493  -1.9289934844588582e-06      -11.020087360953411     -0.09074587977771545       0.9112494130964146       0.2295365004920307       0.3689232944378936       0.5371574902337071       0.6510083687978856        239.7214632751801       29.640386935348413       269.36185021052853
                      121   -9.530935101080985e-06  -2.1259208951516955e-08    0.0015204921660035178        2.168389072115784     0.003866852165047987   -0.0007265017464937329   -1.928993485941888e-06      -11.020087352632043     -0.09074587978131296       0.9112494130070616      0.22953650048959834      0.36892329448911254       0.5371574902371848       0.6510083687645452       239.72146327411633        29.64038693685803       269.36185021097435
                      122   -9.530935103160484e-06  -2.1259208950130362e-08    0.0015204921659748715        2.168389072085375     0.003866852165178264    -0.000726501746418912   -1.928993485932979e-06      -11.020087351723028     -0.09074587978152077       0.9112494130643665      0.22953650048408225      0.36892329449579325       0.5371574902380771       0.6510083687597978        239.7214632745507       29.640386936675384       269.36185021122606
                      123   -9.530935108905889e-06   -2.125920894943283e-08    0.0015204921661604053       2.1683890725176007    0.0038668521647318675   -0.0007265017470262212  -1.9289934848885737e-06      -11.020087358710718     -0.09074587977978024       0.9112494131323854      0.22953650048538227      0.36892329444996574       0.5371574902359435       0.6510083688358055       239.72146327486834       29.640386936676673         269.361850211545
                      124   -9.530935103467097e-06  -2.1259208951573283e-08    0.0015204921659124713       2.1683890720760717    0.0038668521654209136   -0.0007265017464959572  -1.9289934860347203e-06      -11.020087353322218     -0.09074587978210215       0.9112494131041515      0.22953650048803426       0.3689232945304577       0.5371574902403043       0.6510083688101131       239.72146327412187       29.640386936642223        269.3618502107641
                      125   -9.530935094970421e-06   -2.125920894998785e-08    0.0015204921662172709       2.1683890724986776    0.0038668521647575423   -0.0007265017466753583   -1.928993485368805e-06      -11.020087358636092     -0.09074587977704508       0.9112494130503903       0.2295365004865254       0.3689232945695994       0.5371574902365466       0.6510083687875339       239.72146327789167       29.640386934153764       269.36185021204545
                      126  -1.0760538845530328e-05  -2.2274422282738275e-08    0.0015024806215159356        2.147560925842316     0.004045180476016483   -0.0006856206642872239     -2.0420445193153e-06       -11.69039864080164      -0.0902721461890702       0.8967816478578854       0.2297721707642245      0.36890074230028075       0.5381589346759343       0.6411744491502684        239.6847442734355       29.221139374054445          268.90588364749
                      127  -1.0760538846128591e-05  -2.2274422284086963e-08    0.0015024806215022985       2.1475609258504207     0.004045180476239051   -0.0006856206642585866   -2.042044519503017e-06      -11.690398641176577     -0.09027214618821482       0.8967816478423376      0.22977217076400283       0.3689007423080587       0.5381589346774438       0.6411744491422908       239.68474427383825       29.221139373497152        268.9058836473354
                      128  -1.0760538847949617e-05  -2.2274422283282917e-08    0.0015024806214971216       2.1475609258576203     0.004045180476140588   -0.0006856206642735902   -2.042044519521941e-06       -11.69039864120868     -0.09027214618863559       0.8967816478457107      0.22977217076309803       0.3689007423123995       0.5381589346773065       0.6411744491416291        239.6847442737733       29.221139373612857        268.9058836473862
                      129  -1.0760538849599339e-05  -2.2274422280694808e-08    0.0015024806214975288       2.1475609258946076     0.004045180476076034   -0.0006856206642388377  -2.0420445195127784e-06       -11.69039864091092     -0.09027214618875108         0.89678164785122      0.22977217076384254       0.3689007423129914       0.5381589346775666       0.6411744491457716       239.68474427371086        29.22113937363903       268.90588364734987
                      130  -1.0760538855047672e-05  -2.2274422278526827e-08    0.0015024806214828205       2.1475609259634574     0.004045180476048176   -0.0006856206642670019   -2.042044519797726e-06      -11.690398640736465     -0.09027214618845203       0.8967816478311179      0.22977217076600648      0.36890074230898307       0.5381589346793489        0.641174449148969       239.68474427352035       29.221139373658342        268.9058836471787
                      131   -1.076053884530026e-05  -2.2274422280019722e-08    0.0015024806215120133        2.147560925883141     0.004045180475961662   -0.0006856206643141525   -2.042044519438725e-06      -11.690398640611622     -0.09027214618888495       0.8967816478649044       0.2297721707646818      0.36890074229126835       0.5381589346769124       0.6411744491434828       239.68474427342656        29.22113937397992        268.9058836474065
                      132  -1.0760538843992279e-05   -2.227442227835022e-08    0.0015024806215088726       2.1475609258779977     0.004045180476015517   -0.0006856206643092293  -2.0420445194698237e-06      -11.690398640796491     -0.09027214618847447       0.8967816478493729      0.22977217076405654       0.3689007422832881        0.538158934677654       0.6411744491491334        239.6847442733692        29.22113937400922        268.9058836473784
                      133  -1.0760538846395305e-05   -2.227442227596201e-08    0.0015024806215046499       2.1475609258677775    0.0040451804759826515   -0.0006856206643535849   -2.042044519531098e-06      -11.690398640984332     -0.09027214618824704       0.8967816478531896      0.22977217076361517       0.3689007422937477       0.5381589346784803       0.6411744491509612        239.6847442734378       29.221139373960714        268.9058836473985
                      134   -1.204951214064877e-05   -2.081083455959464e-08    0.0014944942249707758        2.171543345404328     0.004064471699159806   -0.0006822825949040356  -2.1536913460872024e-06      -11.737454380357516     -0.09002489510698718       0.8927512920032319       0.2297052612641903       0.3701949361844564       0.5391077352260176       0.6389738394359519       239.79524256340764       29.073724607072844       268.86896717048046
                      135   -1.204951214735803e-05   -2.081083455195546e-08     0.001494494224943139        2.171543345498595     0.004064471699345511   -0.0006822825948905859   -2.153691346525404e-06       -11.73745438055308     -0.09002489510524851       0.8927512919990954      0.22970526126535756       0.3701949362134489       0.5391077352307583       0.6389738394270763       239.79524256412975       29.073724606029703       268.86896717015946
                      136  -1.2049512149019245e-05  -2.0810834553319184e-08     0.001494494224944837       2.1715433454387867     0.004064471699270633   -0.0006822825949393354  -2.1536913464728824e-06      -11.737454380704936     -0.09002489510573208        0.892751291998497       0.2297052612644586       0.3701949362145098       0.5391077352298853       0.6389738394292426        239.7952425639351       29.073724606377258        268.8689671703124
aborted minimisation     
Minimisation aborted as it proceeded too slow                
 restart
                      137   -1.204951214735803e-05   -2.081083455195546e-08     0.001494494224943139        2.171543345498595     0.004064471699345511   -0.0006822825948905859   -2.153691346525404e-06       -11.73745438055308     -0.09002489510524851       0.8927512919990954      0.22970526126535756       0.3701949362134489       0.5391077352307583       0.6389738394270763       239.79524256412975       29.073724606029703       268.86896717015946
                      138   -1.206647733310073e-05   -2.081083250699177e-08    0.0014945159350362796         2.17154334558155     0.004064471701258934   -0.0006822825953685164   -2.153691346148127e-06      -11.737454248326069     -0.09002489449548323       0.8927512924180501      0.22970526136089248       0.3701949362250533       0.5391077352333575       0.6389738418421675       239.79502104010973       29.073837417057355        268.8688584571671
                      139  -1.2049003134805003e-05   -2.081082893865372e-08     0.001494549706415758       2.1715433457951314     0.004064471704412487   -0.0006822825959446593  -2.1536913455098737e-06      -11.737454043577987     -0.09002489354384291       0.8927512930620196       0.2297052615042175      0.37019493624458255       0.5391077352374121       0.6389738455357463         239.795089462719       29.073699803395442       268.86878926611445
                      140  -1.2049512868649712e-05   -2.081083154734092e-08    0.0014944942275866104        2.171543345328634     0.004064471699518264   -0.0006822825951099931   -2.153691346355984e-06      -11.737454413560865     -0.09002489494765335       0.8927512923270291      0.22970526131250257       0.3701949362263206       0.5391077352329271       0.6389738388445476       239.79524256205235        29.07372455760745        268.8689671196598
                      141   -1.204942166589103e-05  -2.0810834387807676e-08    0.0014944942289742537       2.1715433452297477    0.0040644716991132855   -0.0006822825968782423  -2.1536913470368195e-06      -11.737454418863488      -0.0900248949204618        0.892751292267389      0.22970526131160285      0.37019493623054556       0.5391077352331637       0.6389738391029764        239.7952434677018       29.073723910655747        268.8689673783575
                      142  -1.2221127951684348e-05  -2.0631619064754282e-08    0.0014960531587001771        2.171533217518041     0.004064482117646838   -0.0006822957407089044   -2.153681234687468e-06      -11.739413905820447     -0.09001545926569554       0.8927708690296572      0.22970807808516996       0.3701957044989686       0.5391078647075551       0.6389392689920355       239.79375681237048       29.071221542298982       268.86497835466946
                      143  -1.2246570592010788e-05  -2.0631636340276057e-08     0.001496051498775916        2.171533206410891     0.004064482105215978   -0.0006822958308628783   -2.153681259774148e-06       -11.73941541890657     -0.09001545206428312       0.8927708787412758       0.2297080798355044      0.37019570518248357       0.5391078648008872       0.6389392586095495         239.793590561219       29.071402019877635        268.8649925810966
                      144  -1.2221116750219625e-05  -2.0631639058314575e-08    0.0014960530112084125          2.1715332046455     0.004064482103414014    -0.000682295845765361   -2.153681263897522e-06      -11.739415657325502     -0.09001545082846982       0.8927708803551757      0.22970808012640687      0.37019570529700524       0.5391078648164344       0.6389392570921952        239.7937585024606       29.071219435837932        268.8649779382985
                      145  -1.2230526224313703e-05  -2.0641326026552627e-08    0.0014962285968014542       2.1715269029414896     0.004064475164464812    -0.000682347269697201   -2.153695550987593e-06      -11.740271940510079     -0.09001131096238392       0.8927764321233227      0.22970908047367267      0.37019609629156264        0.539107918185562        0.638933504801865       239.79464079749553         29.0701998465592        268.8648406440547
                      146   -1.217656774693724e-05   -2.075524611627406e-08    0.0014955206760576233         2.17145352244438     0.004064394044991378   -0.0006829461454399712   -2.153862057448116e-06        -11.7502558513348     -0.08996320911196061       0.8928409977171896      0.22972071720796747      0.37020064570578826       0.5391085388928569       0.6388657085215739        239.8054740170996        29.05821526930622        268.8636892864058
                      147  -1.2176567747182963e-05   -2.075524611162131e-08    0.0014955206760604918       2.1714535224120715     0.004064394044998237   -0.0006829461454581923   -2.153862057418039e-06      -11.750255851397204       -0.089963209111592       0.8928409982435788        0.229720717212391      0.37020064599940905       0.5391085389793329       0.6388657085360485        239.8054740194532        29.05821526518181         268.863689284635
aborted minimisation     
Minimisation aborted as it proceeded too slow               
 finished