                   sim_nr                 advtheta                     advq                   advCO2               deltatheta               gammatheta                   deltaq                   gammaq                 deltaCO2                 gammaCO2                  sca_sto                    alpha                    FracH                       wg                      R10                     data               background                    Costf
                        1     9.82504005993681e-05    1.320974513872254e-06    0.0041613869043905585        2.234773804530235     0.004140569763508059    -0.004329508038735695   -4.086251737513934e-06       -78.98213893350163     0.024610619977596844       1.3238248299436703       0.3442197421880778       0.5304203136169977       0.3852903050093127     0.037346892986795666        70611.91644719699                      0.0        70611.91644719699
                        2     9.82317483037047e-05   1.3209744893719534e-06     0.004161367648022368       2.2347738040619154     0.004140569757792334    -0.004329508051862771   -4.086251746177377e-06       -78.98213906078252     0.024610619349675015       1.3238248296936344       0.3442197419859571        0.530420313629178      0.38529030500878886      0.03734689865458041         70611.8066654987   1.1485837134863381e-09        70611.80666549985
                        3     9.82509449412816e-05   1.3209744628654214e-06     0.004161347839920449       2.2347738036514215    0.0041405697518295285   -0.0043295080660951495   -4.086251755781851e-06       -78.98213919091958     0.024610618683421376       1.3238248294321031        0.344219741765029        0.530420313643101       0.3852903050082088     0.037346904759694155        70611.80022933932     8.88717736956753e-11        70611.80022933941
                        4    9.825038793998611e-05   1.3209744877496045e-06     0.004161386905363627       2.2347738040877814     0.004140569757242763    -0.004329508052730197   -4.086251746953511e-06       -78.98213890021087     0.024610619909507206       1.3238248296193413       0.3442197419712887       0.5304203136305472       0.3852903050087697      0.03734690101925153        70611.91313785351   3.5361381308245354e-15        70611.91313785351
                        5    9.822667797932664e-05    1.320973869827913e-06     0.004161387031404407       2.2347737935771597    0.0041405696076412726   -0.0043295083829572485  -4.0862519691314865e-06       -78.98213808036088     0.024610618376141164        1.323824821538835       0.3442197366913778       0.5304203139533039      0.38529030499515066      0.03734709484437637        70611.77010099328   1.8252027044787257e-09         70611.7701009951
                        6  -0.00040275769231308995   3.8914780771100655e-07    0.0030620481241855953        2.218990361425651     0.003917093420697392   -0.0048287090730241445   -4.422966809316672e-06        -77.8039424669347     0.022148166595236305       1.3122587061462954      0.33648646126607556       0.5309036333292428      0.38527093386500677       0.3237649447243145        9046.093102471683        4.721066664392088        9050.814169136074
                        7  -0.00040275769033282883   3.8914780675045467e-07    0.0030620481234633354       2.2189903617950497     0.003917093420934013    -0.004828709073498248   -4.422966809774508e-06       -77.80394245032825     0.022148166569727446       1.3122587059284958       0.3364864610908652       0.5309036333309506      0.38527093386479955       0.3237649485323342        9046.093035316384        4.721066688824376        9050.814102005208
                        8  -0.00040275769106198016    3.891478084996893e-07     0.003062048115929851        2.218990361683359     0.003917093421099594    -0.004828709072330432   -4.422966808902538e-06       -77.80394248551566     0.022148166496548098       1.3122587061284863       0.3364864610979944       0.5309036333254075       0.3852709338648479      0.32376494360613606        9046.093081381696        4.721066649966604        9050.814148031663
                        9    9.351939269412775e-06   2.3954276909952894e-07      0.00263065628303608       2.2967421752365187    0.0039754438408171585     -0.00489157851055936  -4.4928970944131255e-06       -75.39574867255547     0.013863741698722374       1.2712499635618852       0.2979555579005755       0.5310819204712658       0.3852267938698861       0.9892439417133634         2237.64176075456       14.549832641523913        2252.191593396084
                       10    9.351939513349875e-06   2.3954276820804116e-07    0.0026306562815141933       2.2967421755290967     0.003975443840968499    -0.004891578510720883   -4.492897094662907e-06        -75.3957486518639     0.013863741679541743       1.2712499635252397      0.29795555767417836       0.5310819204680615       0.3852267938697389       0.9892439410712939       2237.6417513047995       14.549832637275852       2252.1915839420753
                       11    9.351939390436707e-06    2.395427694568576e-07    0.0026306562843076307       2.2967421755967035     0.003975443841419699     -0.00489157850986293    -4.49289709426126e-06       -75.39574864086688     0.013863741693389027       1.2712499636350691       0.2979555576735297       0.5310819204640994       0.3852267938700111       0.9892439396635435       2237.6417528737857       14.549832597605302        2252.191585471391
                       12    9.351938584064798e-06   2.3954276921524973e-07     0.002630656282531664       2.2967421755390447     0.003975443841284743    -0.004891578510002251   -4.492897094343341e-06       -75.39574864532248     0.013863741685885868       1.2712499635366246       0.2979555577547348       0.5310819204639018      0.38522679387004316       0.9892439424501731       2237.6417568281695       14.549832658622343        2252.191589486792
                       13     9.35193955612157e-06     2.39542769243879e-07     0.002630656279886434       2.2967421756537574     0.003975443841389401    -0.004891578509940466   -4.492897094380184e-06        -75.3957486511288     0.013863741651694933       1.2712499634844807      0.29795555777071214       0.5310819204638341       0.3852267938699433       0.9892439430401421        2237.641758427397        14.54983267149039       2252.1915910988873
                       14   -2.451452730311456e-05   2.1852837699366253e-07    0.0023898213042780106       2.4303316009553924    0.0041540615089625185    -0.004718003881881805   -4.488283194263949e-06       -64.92108456814654    0.0070508530846841826       1.2687134703366791      0.22301418730860462       0.5285540728300739        0.385250759861145        0.854567094989668        994.5297276542417        13.85982096738406       1008.3895486216257
                       15    -2.45322276514937e-05   2.1852836723355747e-07    0.0023898010217181962       2.4303316146494227    0.0041540615279179365    -0.004718003859642265   -4.488283192687053e-06       -64.92108255997279    0.0070508518557955945       1.2687134700545624      0.22301418901091463       0.5285540724956355      0.38525075986354496       0.8545670761689301        994.5286974495436         13.8598390119887       1008.3885364615323
                       16  -2.4511605952794218e-05   2.1852835703396915e-07     0.002389782023591286       2.4303316296023647    0.0041540615487671295    -0.004718003835306719   -4.488283190890713e-06       -64.92108035909678    0.0070508505774241025       1.2687134697357358      0.22301419085436086       0.5285540721340367      0.38525075986616547       0.8545670561458474        994.5286177822094       13.859826294993876       1008.3884440772033
                       17   -2.451452512145045e-05    2.185283658944151e-07    0.0023898212053512923       2.4303316166077646     0.004154061531089343    -0.004718003856638547   -4.488283192372383e-06       -64.92108211939758     0.007050852124305295       1.2687134699344091        0.223014189249304       0.5285540724516001      0.38525075986416524       0.8545670766411586        994.5296574559216       13.859820830754025       1008.3894782866756
                       18  -2.4534917600043575e-05   2.1852831198050628e-07      0.00238981956809889       2.4303318145774773     0.004154061825277508    -0.004718003495910304   -4.488283148997537e-06        -64.9210517063832    0.0070508400712324185       1.2687134620601288      0.22301421223717954       0.5285540675800898       0.3852507599105511       0.8545669425689137        994.5283276158221       13.859836591258514       1008.3881642070806
                       19  -1.3600219978683739e-05   1.5690070791276742e-07    0.0018292383034689739       2.5172455932562245     0.004276927064749464    -0.004577831998968102   -4.477778942362353e-06       -51.32385222207026    0.0017178802735106809       1.2664796751538567       0.2337903713493743       0.5264524908696003      0.38526753090351407       0.7526848559689228        795.2721890999023       13.599685072671928        808.8718741725743
                       20   -1.360021937534255e-05   1.5690070657255547e-07    0.0018292382738945593        2.517245608413344     0.004276927092887067    -0.004577831957561042   -4.477778925079568e-06        -51.3238514445452     0.001717879971611127       1.2664796724171465      0.23379037193065824       0.5264524903683514       0.3852675309170848       0.7526848579159218        795.2721597086709        13.59968519377628        808.8718449024472
                       21  -1.3600219996921307e-05   1.5690070644420965e-07    0.0018292382781815862          2.5172456013718     0.004276927069066007    -0.004577831973631583   -4.477778937608663e-06       -51.32385170555771    0.0017178798634285945       1.2664796712729722       0.2337903703822629       0.5264524902914873      0.38526753090030824        0.752684854755759        795.2721764737687        13.59968516447252        808.8718616382412
                       22  -1.3600220592959255e-05   1.5690070752878176e-07    0.0018292382951993124        2.517245593759229    0.0042769270553118695    -0.004577831988193362   -4.477778943702529e-06       -51.32385203590122    0.0017178801117165368       1.2664796705619314        0.233790371458991       0.5264524903878804       0.3852675308964376       0.7526848576972078        795.2721847101373       13.599685135229748         808.871869845367
                       23  -1.3600221246220257e-05    1.569007082748215e-07    0.0018292382943880053       2.5172455925909487     0.004276927046630182    -0.004577831975066643   -4.477778941631282e-06       -51.32385197272651    0.0017178800699289912       1.2664796706324446      0.23379037154845764        0.526452489950665      0.38526753088983756       0.7526848515222753        795.2721826934514       13.599685035193197        808.8718677286446
                       24   -1.360022102647267e-05   1.5690070791702207e-07     0.001829238297443902       2.5172455916572707    0.0042769270462241615   -0.0045778319783645665   -4.477778942747917e-06       -51.32385186322435     0.001717880232503577       1.2664796687607167      0.23379037103712308        0.526452489941271      0.38526753088587895       0.7526848522249256        795.2721832427824       13.599685064612668        808.8718683073951
                       25  -1.3600219822197207e-05    1.569007080465944e-07    0.0018292383016369402        2.517245590560688     0.004276927060144565    -0.004577831994186257  -4.4777789403345035e-06       -51.32385214542218     0.001717880216992932       1.2664796721487392       0.2337903713453911       0.5264524907201535      0.38526753089362054       0.7526848548054259        795.2721880547289       13.599685067013528        808.8718731217424
                       26    -1.36002192002666e-05   1.5690070757346974e-07    0.0018292382837857132       2.5172455708846577     0.004276927049313891    -0.004577831965935037   -4.477778917942557e-06      -51.323851553537736    0.0017178798610216622        1.266479659578526      0.23379037137102165        0.526452490378825      0.38526753086437393       0.7526848489618336        795.2721830313244       13.599685061901575         808.871868093226
                       27  -1.9088577467351556e-05   1.5927572006138376e-07    0.0002788948001495638       2.0255792464025664    0.0025547517176846887   -0.0015499087724379138  -3.7173885637900635e-06      -1.9464919211178322    -0.029438769837568456      0.10000000000000009      0.22803483823609663      0.43183214532261927       0.3820316259727774       0.3418139754609726       2734.3160190495555        46.74324621910708        2781.059265268663
                       28  -1.6344398723017647e-05    1.580882139870756e-07     0.001054066551809269       2.2714124198293955    0.0034158393912170765    -0.003063870385703008   -4.097583753076209e-06       -26.63517207159404    -0.013860444782028886       0.6832398375769286      0.23091260479273545       0.4791423180961098      0.38364957843814573       0.5472494157149477       470.99322011064186       22.236080863869756        493.2293009745116
                       29   -1.634439849328529e-05   1.5808821330264989e-07    0.0010540665377621068        2.271412427917454     0.003415839411627853    -0.003063870362251972  -4.0975837363390595e-06      -26.635171671530543    -0.013860444928664242       0.6832398430436395       0.2309126050735916      0.47914231786911066       0.3836495784679702       0.5472494133933798       470.99320265310337       22.236080820680534        493.2292834737839
                       30   -1.634439898436927e-05   1.5808821335420942e-07    0.0010540665401428764       2.2714124205040838    0.0034158393883750573   -0.0030638703714108914   -4.097583750918644e-06       -26.63517178153781    -0.013860445002154685       0.6832398360609311      0.23091260477889936      0.47914231780941896      0.38364957844889025       0.5472494144873261        470.9932175642623       22.236080967731237       493.22929853199355
                       31  -1.6344399103249247e-05   1.5808821316382796e-07    0.0010540665465744318       2.2714124234379693     0.003415839394562736   -0.0030638703827653483  -4.0975837570100016e-06      -26.635171912786724    -0.013860444830342558       0.6832398391189625      0.23091260475381775       0.4791423181321791       0.3836495784715156       0.5472494176089722         470.993217871497        22.23608089510957        493.2292987666066
                       32  -3.1621042217717265e-05   1.0900520418913183e-07    0.0003745493901927779       2.4759863466383916    0.0036405959756291902   -0.0022432382066894622    -3.92640299238386e-06        -8.45081079532334    -0.024073330081861376       0.7340334404385589      0.23277874528990583      0.46783064472105385      0.38516712335405096       0.5254212645017651        279.4778663720927        26.87882425778606       306.35669062987876
                       33  -3.1621042399030536e-05    1.090052041014995e-07    0.0003745493906769522        2.475986350524715    0.0036405959814372058   -0.0022432382073109235  -3.9264029933105294e-06       -8.450810863323525    -0.024073330092625814       0.7340334437077274      0.23277874523243833      0.46783064482718784      0.38516712338085046       0.5254212666115015       279.47786484778123       26.878824206013462        306.3566890537947
                       34   -3.162104239924269e-05   1.0900520381700972e-07    0.0003745493869791814        2.475986349013123    0.0036405959784004205   -0.0022432382029403237   -3.926402993221987e-06       -8.450810709463022    -0.024073330129188844       0.7340334406921367      0.23277874524304054      0.46783064464822555       0.3851671233737327       0.5254212658391149        279.4778658394924        26.87882430167204       306.35669014116445
                       35  -4.1631420310770924e-05    9.773057753690855e-08    0.0003175780321611685       2.6562377059665176     0.003892374824136453   -0.0021786150116185465   -3.975536293837631e-06       -8.721070868393815    -0.025494868781615526       0.8461884527857635      0.22984741918477877      0.46963716136200095       0.3864849313558564       0.6243637354457912        245.4404337555508        26.52423116569168        271.9646649212425
                       36   -4.163142038797929e-05     9.77305773809952e-08    0.0003175780309597155       2.6562377071192946    0.0038923748250461214    -0.002178615010610507   -3.975536294833383e-06       -8.721070859796725     -0.02549486880735974       0.8461884538530713      0.22984741917063584       0.4696371612943016      0.38648493136533824       0.6243637356553533       245.44043360896507       26.524231160576186       271.96466476954123
                       37  -4.1631420357152686e-05    9.773057740176106e-08    0.0003175780320066814       2.6562377074697205     0.003892374825829662    -0.002178615011021977   -3.975536294971255e-06       -8.721070860476429      -0.0254948687871996       0.8461884537473816      0.22984741917548812       0.4696371612711239       0.3864849313666072       0.6243637359762326       245.44043367821303       26.524231162882057        271.9646648410951
                       38  -4.1631420304195346e-05    9.773057749150314e-08    0.0003175780319195462       2.6562377063165514    0.0038923748242961484   -0.0021786150109706923   -3.975536294250251e-06       -8.721070864731725    -0.025494868787880792       0.8461884527567065      0.22984741918771456      0.46963716126145666      0.38648493135811646       0.6243637355276439       245.44043373376434        26.52423117005059       271.96466490381493
                       39  -4.1631420278276355e-05    9.773057752015297e-08    0.0003175780328193568       2.6562377063279596    0.0038923748241455943   -0.0021786150108779423   -3.975536294855799e-06       -8.721070883034738    -0.025494868776327596       0.8461884528273809       0.2298474191988823       0.4696371610659451       0.3864849313582982       0.6243637353243603        245.4404337175876       26.524231160355434       271.96466487794305
                       40   -4.163142037450656e-05    9.773057746315316e-08   0.00031757803353670705       2.6562377064080396     0.003892374824017676    -0.002178615011042755   -3.975536296276418e-06       -8.721070899732629    -0.025494868770486803        0.846188453004469      0.22984741917448048       0.4696371608274026      0.38648493136347695       0.6243637355565221       245.44043369129767       26.524231157156144        271.9646648484538
                       41  -4.1631420340859974e-05    9.773057753694498e-08   0.00031757803234002064        2.656237705946643    0.0038923748240597255    -0.002178615010640223   -3.975536294085446e-06       -8.721070871256876    -0.025494868783983153       0.8461884528357848       0.2298474191698427       0.4696371611670768       0.3864849313602474        0.624363735510518       245.44043373228655         26.5242311669798        271.9646648992663
                       42   -4.626492189122356e-05    8.060585771684026e-08    0.0003964649591573421       2.8125132406300084     0.003967545817783244   -0.0019230502576353529   -4.295972762583515e-06      -10.925115963828679    -0.026017459067817154       0.9130709538855784      0.22936353380053537       0.3917821439957445       0.3880859447102352       0.6511597050410103       237.28640368880107       26.157052479986596        263.4434561687877
                       43  -4.6264921877621186e-05    8.060585767536254e-08    0.0003964649593182104        2.812513240712237     0.003967545817717297   -0.0019230502571932588   -4.295972763374771e-06       -10.92511596935327     -0.02601745907170809       0.9130709541624933      0.22936353380583047      0.39178214381121645       0.3880859447159669       0.6511597051427183       237.28640367961717       26.157052478327557       263.44345615794475
                       44   -4.626492184239104e-05    8.060585766893907e-08     0.000396464959564617       2.8125132406769744     0.003967545817845291   -0.0019230502567674356   -4.295972763577778e-06      -10.925115968548894    -0.026017459072592765       0.9130709543570916      0.22936353380753266      0.39178214368654213       0.3880859447215307       0.6511597053399232       237.28640367204426       26.157052479503143        263.4434561515474
                       45  -4.6264921829142035e-05     8.06058577388807e-08   0.00039646495919552814       2.8125132396983323     0.003967545817252872   -0.0019230502578145418   -4.295972762316023e-06      -10.925115961337998    -0.026017459074389397       0.9130709541702635       0.2293635337965455      0.39178214395845457       0.3880859447168585       0.6511597052350622       237.28640367179676        26.15705247942804        263.4434561512248
                       46   -4.626492189198158e-05    8.060585771406411e-08    0.0003964649593208259       2.8125132400700563     0.003967545817480249    -0.001923050257464179   -4.295972762676924e-06      -10.925115962219019     -0.02601745907229379       0.9130709540353499      0.22936353380107838        0.391782143837709       0.3880859447156027       0.6511597051041917       237.28640367973267       26.157052480101704        263.4434561598344
                       47  -4.6264921862209795e-05    8.060585773873522e-08    0.0003964649592861362       2.8125132399678012    0.0039675458175017515   -0.0019230502570845216    -4.29597276239243e-06      -10.925115962113097     -0.02601745907718453       0.9130709540080388      0.22936353380150665      0.39178214376344656       0.3880859447172203       0.6511597050443649       237.28640367684005        26.15705248059981       263.44345615743987
                       48  -4.6264921840005686e-05     8.06058577063883e-08   0.00039646495931964284        2.812513240135232     0.003967545817444484   -0.0019230502572321418   -4.295972762821326e-06      -10.925115962497014     -0.02601745907854735       0.9130709538454882      0.22936353379954133      0.39178214372998316       0.3880859447175509       0.6511597050759512        237.2864036752428       26.157052483565487        263.4434561588083
                       49   -4.626492186048174e-05    8.060585772386132e-08   0.00039646495915362763       2.8125132403137347      0.00396754581764344    -0.001923050257782472  -4.2959727623462714e-06       -10.92511595942695    -0.026017459072940292       0.9130709538607853      0.22936353380470578       0.3917821440101949       0.3880859447125532       0.6511597049602829         237.286403684899       26.157052480164054         263.443456165063
                       50   -2.959464808387907e-05    7.925540704587228e-08     0.000456400843255701       2.5820576953486523     0.003834777339478326    -0.001826712699335617  -4.3542908992367085e-06      -10.640867941140488    -0.028993622619842813       0.9995323029651957      0.22975458218801914      0.32441442444539753      0.39105296382885946       0.6968830439738811       234.19882022194835       26.451844215064447        260.6506644370128
                       51  -2.9594648091105387e-05    7.925540703326568e-08   0.00045640084338528786        2.582057695589315     0.003834777339769505   -0.0018267126988591423    -4.35429089939926e-06      -10.640867941790502    -0.028993622622553644       0.9995323031253263      0.22975458218948686      0.32441442441863094      0.39105296383345606       0.6968830440313569       234.19882021611716        26.45184421524181       260.65066443135896
                       52  -2.9594648105431764e-05    7.925540701996112e-08    0.0004564008433479475        2.582057695407981    0.0038347773396146994   -0.0018267126989820262   -4.354290899552146e-06      -10.640867942348748    -0.028993622626267708       0.9995323031241494      0.22975458218659967       0.3244144244572328      0.39105296383479515       0.6968830440336626       234.19882021733972        26.45184421545434       260.65066443279403
                       53  -2.9594648065641517e-05     7.92554070246234e-08   0.00045640084339119156        2.582057695126653     0.003834777339484047   -0.0018267126990368443  -4.3542908994273435e-06        -10.6408679394165     -0.02899362263089969       0.9995323030935372      0.22975458218586747       0.3244144244293514      0.39105296383827814       0.6968830441042408       234.19882021531674       26.451844217893413        260.6506644332102
                       54  -2.9594648053562204e-05    7.925540705343671e-08    0.0004564008432240956        2.582057694975254     0.003834777339492196   -0.0018267126993210883   -4.354290898813476e-06      -10.640867936106693    -0.028993622634431948       0.9995323029858385      0.22975458218732114         0.32441442456348       0.3910529638369644       0.6968830439871239       234.19882021534815       26.451844217135353        260.6506644324835
                       55  -2.9594648086850328e-05     7.92554070319964e-08   0.00045640084328264253       2.5820576952947167    0.0038347773397267937   -0.0018267126992368306  -4.3542908990764025e-06      -10.640867936912874    -0.028993622631929485       0.9995323028831329       0.2297545821900347      0.32441442449893265       0.3910529638356728       0.6968830439209341       234.19882021523185        26.45184421738783        260.6506644326197
                       56  -2.9594648032900156e-05    7.925540697388168e-08   0.00045640084378374647       2.5820576942637574      0.00383477733993792   -0.0018267126977503335   -4.354290899326197e-06      -10.640867930092263     -0.02899362267983953       0.9995323031097259      0.22975458218397454       0.3244144240881285      0.39105296387100075       0.6968830440598142        234.1988201934589        26.45184422807813       260.65066442153704
                       57  -2.9594648072401382e-05    7.925540704599786e-08    0.0004564008433712648       2.5820576949055143    0.0038347773394851415    -0.001826712699159512   -4.354290899061531e-06      -10.640867938407403    -0.028993622627532918       0.9995323029843992      0.22975458218445016       0.3244144244475918      0.39105296383587085       0.6968830439659204        234.1988202184905       26.451844216337292       260.65066443482783
                       58  -2.4456312714689793e-05    6.704772871313702e-08    0.0005304798939102795       2.4256816467912063     0.003955358078967608    -0.001607748046414637   -4.319631220340507e-06       -8.173660928920027     -0.03937798963556632        1.015318929306994       0.2294555058246434       0.3173807075567207       0.3982137306885783       0.7036327978261756       230.17219079107213        28.64400675368711       258.81619754475923
                       59  -2.4456312682034816e-05     6.70477286572356e-08    0.0005304798942430996        2.425681645945134     0.003955358079376317   -0.0016077480453344612  -4.3196312203791475e-06       -8.173660922019826    -0.039377989681286564        1.015318929375791       0.2294555058270796      0.31738070756404857       0.3982137307198764       0.7036327978769332       230.17219077664402        28.64400676337274       258.81619754001673
                       60  -2.4456312662053106e-05    6.704772864864414e-08    0.0005304798944361969       2.4256816460084245    0.0039553580794998355   -0.0016077480450006059   -4.319631220593532e-06       -8.173660923554536    -0.039377989677404045        1.015318929439196      0.22945550582974855      0.31738070749561775       0.3982137307228183       0.7036327979472441       230.17219077685434       28.644006763612257        258.8161975404666
                       61  -2.4456312699639576e-05    6.704772869061526e-08    0.0005304798941653636       2.4256816463238606     0.003955358079154827   -0.0016077480458823845   -4.319631220511023e-06       -8.173660929649488     -0.03937798964480487        1.015318929335949      0.22945550582568439       0.3173807075784798       0.3982137306997688       0.7036327978289316       230.17219078666702        28.64400675519798         258.816197541865
                       62  -2.4456312667720502e-05    6.704772867519376e-08    0.0005304798946375493       2.4256816455238015     0.003955358079657093   -0.0016077480446728366   -4.319631220544799e-06       -8.173660935387145     -0.03937798965632965       1.0153189291769698       0.2294555058202717       0.3173807075690994      0.39821373071762317        0.703632797767221       230.17219077625026       28.644006757777575        258.8161975340278
                       63   -2.445631268496086e-05     6.70477286428642e-08    0.0005304798945817437        2.425681645678143     0.003955358079627092    -0.001607748044967336   -4.319631220568645e-06       -8.173660926642293     -0.03937798967412582       1.0153189290914244      0.22945550582002378       0.3173807074501085      0.39821373072485705       0.7036327978075558       230.17219077373608        28.64400676423784        258.8161975379739
                       64  -2.4456312707609438e-05     6.70477286792718e-08    0.0005304798942118434       2.4256816464090662     0.003955358079540903   -0.0016077480457705757   -4.319631220064709e-06       -8.173660923887322    -0.039377989663437966       1.0153189290779954      0.22945550582561824       0.3173807076443702      0.39821373071101696       0.7036327976698491       230.17219078169492        28.64400675922453       258.81619754091946
                       65  -2.4456312724041037e-05     6.70477287038493e-08    0.0005304798940500193       2.4256816470851454     0.003955358078990618    -0.001607748046227483   -4.319631220603151e-06       -8.173660934193906     -0.03937798963076985       1.0153189292436788      0.22945550582796387       0.3173807075675419      0.39821373068998145       0.7036327977980035        230.1721907902608       28.644006752250903        258.8161975425117
                       66  -1.4705581384053329e-05    4.861948300921752e-08    0.0007325474300894901        2.150158930371967      0.00415137212816499   -0.0011584102470626784   -4.398874482791531e-06       -8.466018657838093     -0.04906810893394981       0.9839558031750351       0.2300369257694833      0.32629789564597544      0.40832815359266017       0.6883138770978228       226.83382679680017       30.840005547606047        257.6738323444062
                       67  -1.4705581430936453e-05    4.861948305883734e-08    0.0007325474295321525         2.15015893111985      0.00415137212761631    -0.001158410248377552   -4.398874482543509e-06        -8.46601865779371      -0.0490681089088064       0.9839558032833291      0.23003692576275442       0.3262978957519508       0.4083281535663017        0.688313877125081        226.8338268004054       30.840005539999044       257.67383234040443
                       68  -1.4705581413076676e-05   4.8619483028253524e-08    0.0007325474299117673        2.150158931014109    0.0041513721280052075    -0.001158410247596582   -4.398874482663962e-06       -8.466018656573821     -0.04906810892317442       0.9839558032814353      0.23003692576286017       0.3262978957092788       0.4083281535839556       0.6883138771742789       226.83382679637762       30.840005544941505        257.6738323413191
                       69  -1.4705581383976052e-05   4.8619482979856814e-08    0.0007325474304162296       2.1501589301427475    0.0041513721284703355   -0.0011584102463983185   -4.398874482881527e-06       -8.466018658725677     -0.04906810895162154       0.9839558031385851       0.2300369257671003      0.32629789567363227       0.4083281536107865       0.6883138771047275       226.83382679130753        30.84000555195992       257.67383234326746
                       70  -1.4705581389957894e-05     4.86194829952834e-08    0.0007325474302707379       2.1501589304169837     0.004151372128349693   -0.0011584102468645567   -4.398874482767281e-06       -8.466018658661076     -0.04906810894293983       0.9839558031350466      0.23003692577063314       0.3262978956844158      0.40832815360304525       0.6883138770591808       226.83382679457992       30.840005548943846       257.67383234352377
                       71  -1.4705581412891738e-05   4.8619483010992475e-08    0.0007325474301087824       2.1501589310159734     0.004151372128115994   -0.0011584102476252915   -4.398874482639951e-06       -8.466018659337317     -0.04906810893611397       0.9839558030884816      0.23003692577046042      0.32629789561813094       0.4083281535970119       0.6883138770792012        226.8338267949496        30.84000554744149        257.6738323423911
                       72  -1.4705581399481309e-05    4.861948303697648e-08    0.0007325474299441936       2.1501589309158637     0.004151372128030331   -0.0011584102477146187   -4.398874482448083e-06       -8.466018659100028     -0.04906810892660505       0.9839558031180409       0.2300369257681762      0.32629789565206824       0.4083281535873212       0.6883138770684649       226.83382679846125       30.840005545016393        257.6738323434776
                       73  -1.9667293253910304e-05    4.789126017321724e-08    0.0007539606135198631       2.2313368924496606     0.004169779273561189   -0.0011915323634172454   -4.368937736115835e-06       -8.742039965471607     -0.05032526965824904       0.9750203576966714      0.22965352018193552        0.337510406165044       0.4100062056266997       0.6837131578861992       226.48317706005466        30.92193439317627        257.4051114532309
                       74  -1.9667293251575394e-05    4.789126016207939e-08    0.0007539606136619569         2.23133689228023     0.004169779273592434   -0.0011915323633129933   -4.368937736172409e-06       -8.742039965761121     -0.05032526966469255       0.9750203577358543      0.22965352018108678      0.33751040615842776      0.41000620563472284        0.683713157900339       226.48317705836808        30.92193439422199       257.40511145259006
                       75  -1.9667293247757457e-05    4.789126016384185e-08    0.0007539606138314246       2.2313368923327173     0.004169779273664617   -0.0011915323632917412   -4.368937735995581e-06       -8.742039966480707     -0.05032526967067844        0.975020357760414      0.22965352018044055       0.3375104061635211      0.41000620564500223       0.6837131579122717       226.48317705707805       30.921934394894553       257.40511145197263
                       76   -1.966729325080096e-05    4.789126018653789e-08    0.0007539606141005787         2.23133689233155     0.004169779273559557   -0.0011915323637855435    -4.36893773542341e-06       -8.742039970163715     -0.05032526968244503       0.9750203577435053      0.22965352017888585       0.3375104061663116       0.4100062056664832       0.6837131579130764       226.48317705430608       30.921934395150416        257.4051114494565
                       77   -1.966729326374013e-05   4.7891260188238096e-08    0.0007539606145814735       2.2313368927581285     0.004169779273555434   -0.0011915323644791516  -4.3689377349341694e-06       -8.742039973545088     -0.05032526969894296       0.9750203575941017       0.2296535201826505        0.337510406096324       0.4100062056978117       0.6837131579256628       226.48317704913936       30.921934397917028       257.40511144705636
                       78   -1.966729327703513e-05    4.789126022431704e-08    0.0007539606143595928       2.2313368933674065     0.004169779273260792   -0.0011915323654357152   -4.368937734593513e-06       -8.742039974393192     -0.05032526968442203       0.9750203575820457      0.22965352018791582      0.33751040618441475      0.41000620568760415        0.683713157760117       226.48317705590665       30.921934390791183       257.40511144669784
                       79  -1.9667293250516115e-05    4.789126015555893e-08    0.0007539606140567756        2.231336892543873      0.00416977927352546    -0.001191532363234615   -4.368937736009179e-06       -8.742039967907505      -0.0503252696825121       0.9750203577082164       0.2296535201793325      0.33751040606748584       0.4100062056603624       0.6837131578761069       226.48317705437995        30.92193439715041        257.4051114515304
                       80  -1.9667293255907093e-05    4.789126017787994e-08    0.0007539606138502646        2.231336892563587     0.004169779273253959    -0.001191532363437392   -4.368937735982796e-06        -8.74203996692775     -0.05032526966947045        0.975020357673714      0.22965352018247215      0.33751040617153205      0.41000620564813073        0.683713157874716       226.48317705705742       30.921934394596498        257.4051114516539
                       81  -2.1745311950001437e-05    5.272837111994139e-08     0.001163486760890696       2.3521965303503047     0.003999389108287753   -0.0013995048520281722   -4.061078090557576e-06      -11.217023208773508     -0.06541203113753688       0.9607804922998866       0.2297849396792475        0.329317417265209       0.4369736087843211       0.6754929163804704       223.49164144201484        32.79354989563948       256.28519133765434
                       82   -2.174531200647113e-05   5.2728371195431296e-08    0.0011634867633432081       2.3521965312321598     0.003999389106212485    -0.001399504854738977   -4.061078088177195e-06      -11.217023228523042     -0.06541203122800063       0.9607804920931633       0.2297849396735251        0.329317417403457       0.4369736089586143       0.6754929162289827        223.4916414182438        32.79354990481364       256.28519132305746
                       83  -2.1745311952758902e-05    5.272837114246442e-08    0.0011634867611573997        2.352196530662723     0.003999389107966204    -0.001399504852604525   -4.061078090137895e-06      -11.217023211440997     -0.06541203114308458       0.9607804922628151      0.22978493967707264       0.3293174173604341      0.43697360880463176       0.6754929163540018       223.49164144203297        32.79354989487227       256.28519133690526
                       84  -2.2457809102891272e-05    5.437293606978571e-08     0.001199829880499252         2.37321972516639     0.003965113892426239   -0.0014500204799787043   -4.019895038153967e-06      -11.528783975749159     -0.06659496934369788       0.9571810222042767      0.22964309686174084       0.3343124056320903       0.4396062628647005       0.6728808249997158       223.32574679941894       32.868711152236216        256.1944579516552
                       85  -2.2457809106740963e-05     5.43729360715397e-08     0.001199829880511468       2.3732197251789997      0.00396511389237155   -0.0014500204800149616   -4.019895038153209e-06      -11.528783976000593     -0.06659496934242526       0.9571810222007586      0.22964309686164663        0.334312405624248      0.43960626286645293       0.6728808250071943       223.32574679942073        32.86871115205166        256.1944579514724
                       86   -2.245780911056962e-05   5.4372936087341736e-08    0.0011998298805171509        2.373219725311499     0.003965113892183281   -0.0014500204801722863   -4.019895038022727e-06      -11.528783977110129      -0.0665949693389924       0.9571810221994972      0.22964309686125312        0.334312405641963       0.4396062628710317       0.6728808249996181       223.32574680059665        32.86871115065095        256.1944579512476
                       87   -2.245780910198927e-05    5.437293608049983e-08    0.0011998298807143638       2.3732197253305065     0.003965113892030545   -0.0014500204801877904   -4.019895038075686e-06       -11.52878397856432      -0.0665949693446839       0.9571810222316677      0.22964309686165857      0.33431240562183095      0.43960626288669424       0.6728808250072236       223.32574679968457        32.86871115134102        256.1944579510256
                       88  -2.2457809095432897e-05   5.4372936071818374e-08    0.0011998298800767696       2.3732197251755647     0.003965113892083996   -0.0014500204797111619   -4.019895038742219e-06      -11.528783976416372     -0.06659496931899139       0.9571810222804837      0.22964309686422163       0.3343124055112448      0.43960626285517007       0.6728808250481668        223.3257468025272       32.868711147800425        256.1944579503276
                       89  -2.2457809104219908e-05    5.437293607652661e-08    0.0011998298800175717       2.3732197252468286     0.003965113892456781   -0.0014500204800326065   -4.019895038408231e-06      -11.528783974306116     -0.06659496932151801       0.9571810222060328      0.22964309686203074        0.334312405648492       0.4396062628399006        0.672880825004821       223.32574680339357        32.86871114793866       256.19445795133225
                       90  -2.2457809108035324e-05   5.4372936072231727e-08    0.0011998298804020801        2.373219725242282     0.003965113892410953   -0.0014500204800481004  -4.0198950381864305e-06       -11.52878397606701     -0.06659496933861181       0.9571810222114545      0.22964309686089857      0.33431240564222875       0.4396062628635438       0.6728808250017799       223.32574680050973        32.86871115097729       256.19445795148704
                       91  -2.2457809104874183e-05    5.437293606548024e-08    0.0011998298806068638        2.373219725252568     0.003965113892421518   -0.0014500204799876755    -4.01989503813712e-06      -11.528783977229256     -0.06659496934718692       0.9571810222201824      0.22964309686168666       0.3343124056186195       0.4396062628788704       0.6728808250132383       223.32574679867886        32.86871115275523        256.1944579514341
aborted minimisation     
Minimisation aborted as it proceeded too slow                
 restart
                       92  -2.2457809095432897e-05   5.4372936071818374e-08    0.0011998298800767696       2.3732197251755647     0.003965113892083996   -0.0014500204797111619   -4.019895038742219e-06      -11.528783976416372     -0.06659496931899139       0.9571810222804837      0.22964309686422163       0.3343124055112448      0.43960626285517007       0.6728808250481668        223.3257468025272       32.868711147800425        256.1944579503276
                       93   -2.248386758495643e-05    5.437293595218535e-08    0.0011998371533133555        2.373219725165937     0.003965113891649889   -0.0014500204792977844  -4.0198950390214915e-06      -11.528784003177904     -0.06659496898146258       0.9571810222982715      0.22964309687360812       0.3343124055057679        0.439606262859357       0.6728808300626135       223.32560456840804        32.86872904908874        256.1943336174968
                       94  -2.2458088216360134e-05     5.43729361695016e-08    0.0011998387601718508       2.3732197252353053     0.003965113891808555    -0.001450020479127776   -4.019895038995648e-06      -11.528783999075678     -0.06659496892925107       0.9571810222965695      0.22964309687257947       0.3343124055059684      0.43960626285976895       0.6728808306417955        223.3257358416804       32.868708331324655        256.1944441730051
                       95   -2.245780919520341e-05     5.43729364219261e-08    0.0011998298788935713        2.373219725149605     0.003965113891256527   -0.0014500204791092174  -4.0198950390436185e-06      -11.528784059535843     -0.06659496913573981       0.9571810222833557      0.22964309685828924       0.3343124055066637       0.4396062628591686       0.6728808290834722        223.3257467724173        32.86871114834369         256.194457920761
                       96  -2.2456451218518146e-05   5.4372939757507756e-08    0.0011998299305726488       2.3732197247770648     0.003965113880067325    -0.001450020471852954  -4.0198950433246814e-06      -11.528785150520509     -0.06659496672273546       0.9571810226817372      0.22964309677408512       0.3343124054471378      0.43960626291166227       0.6728808747165242       223.32575437785388       32.868709969529604        256.1944643473835
                       97   -2.260609813755742e-05    5.446224388855345e-08    0.0012001729707072644       2.3732131072797946     0.003964902795873091   -0.0014498668939853907  -4.0199719409677766e-06      -11.549988086849089     -0.06654819640646918       0.9571817575197503       0.2296415841995618      0.33431123655486705      0.43960728314755027       0.6739105437163362        223.3211847489507        32.86874005668967        256.1899248056404
                       98   -2.261377343341547e-05    5.446218343375626e-08    0.0012001726080770273        2.373213103409083     0.003964902723758595   -0.0014498668993090677   -4.019971980352013e-06      -11.549993166794046     -0.06654818488750594       0.9571817808927487      0.22964158343639435       0.3343112363131987       0.4396072833909199       0.6739103168102147       223.32118433233265        32.86873978710416        256.1899241194368
                       99  -2.2605787299625837e-05    5.446150012297517e-08    0.0012001731262311394       2.3732130598641143     0.003964901908559267   -0.0014498669591070691   -4.019972425795032e-06      -11.550050612815955     -0.06654805444822835       0.9571820453536957      0.22964157479735287       0.3343112335810392      0.43960728614477373       0.6739077498822228       223.32123912729296       32.868660878804256        256.1899000060972
                      100  -2.2615655151742508e-05    5.445703381144545e-08    0.0012004156254544931       2.3732127747896685     0.003964896462109273    -0.001449867283396843   -4.019975391297623e-06       -11.55043593744229     -0.06654716978336556       0.9571838183534209      0.22964151782853737       0.3343112150341244      0.43960730474390375       0.6738907764588937       223.32171853904524        32.86810037254631       256.18981891159154
                      101  -2.2556033880396842e-05    5.429407309369206e-08    0.0012005088120284817         2.37320238581054     0.003964702020612518   -0.0014498815353128356   -4.020081631330221e-06       -11.56413793926699     -0.06651605850943093        0.957246894357763      0.22963945765908023      0.33431056329236597       0.4396079615898424       0.6732785929346754       223.33637084593906        32.85074194604998         256.187112791989
                      102  -2.2556033877739714e-05    5.429407309015146e-08    0.0012005088120462326        2.373202385825348     0.003964702020556859    -0.001449881535148958   -4.020081631343791e-06      -11.564137940412527     -0.06651605850686078       0.9572468944631152      0.22963945765984123       0.3343105630823715      0.43960796178853656       0.6732785929093339        223.3363708436101        32.85074194580591         256.187112789416
aborted minimisation     
Minimisation aborted as it proceeded too slow               
 finished