                   sim_nr                 advtheta                     advq                   advCO2               deltatheta               gammatheta                   deltaq                   gammaq                 deltaCO2                 gammaCO2                  sca_sto                    alpha                    FracH                       wg                      R10                     data               background                    Costf
                        1   0.00036202889290800656   1.5063930471721646e-07    -0.002410156766332028        4.545594012574594     0.005819312478535342   -0.0008832537972493022    1.877531373786662e-06      -62.502762734638004    -0.029367602827769772       0.3680264080992943       0.2845581260347939        0.242587632266409      0.37201611103137844      0.14758513865149664        36224.30671591461                      0.0        36224.30671591461
                        2    0.0003620069920970798   1.5063930323758537e-07    -0.002410139135996202       4.5455940127332095     0.005819312478860092   -0.0008832537975860727   1.8775313737656562e-06       -62.50276263173139     -0.02936760270287174       0.3680264082432516      0.28455812605975284       0.2425876322668597       0.3720161110324253      0.14758514306028658        36223.77790854755   1.5719554756588754e-09        36223.77790854912
                        3   0.00036202891031392984   1.5063930250906758e-07   -0.0024101277984409867        4.545594012846319    0.0058193124792355055   -0.0008832537978612935   1.8775313737350535e-06       -62.50276254911139    -0.029367602551901864       0.3680264081098974       0.2845581260585911        0.242587632268011       0.3720161110324152      0.14758514480084273       36223.966007307135    4.833594721545962e-11        36223.96600730719
                        4   0.00036202889271290053   1.5063930373571825e-07   -0.0024101567668025838        4.545594012524081     0.005819312478639781   -0.0008832537977775876    1.877531373684149e-06      -62.502762716818204    -0.029367602752552395      0.36802640790379737       0.2845581260096629      0.24258763226780816       0.3720161110309037      0.14758513783298977        36224.30668537223   1.8245026854247747e-17        36224.30668537223
                        5   -8.256944813969788e-05  -2.7537541202531792e-08    0.0010872817703088604        4.536471737279747     0.005838327214088987   -0.0009790830287677358   1.8589442034590697e-06      -59.250081024642206     -0.01570078598603161      0.33259558904838826      0.28000615361246006      0.24284142735596848       0.3719302001251279                      0.0        3104.469588563266       1.9389676363081052        3106.408556199574
                        6   -8.256944882833295e-05  -2.7537541613853533e-08    0.0010872817984395899       4.5364717373071075     0.005838327214157075   -0.0009790830288205102   1.8589442034546094e-06       -59.25008099846133    -0.015700785942028055      0.33259558906155773      0.28000615360403425      0.24284142735697745       0.3719302001253903                      0.0       3104.4695016668265       1.9389676517052805        3106.408469318532
                        7   -8.256944888260535e-05   -2.753754139220322e-08    0.0010872817701835695       4.5364717372760905     0.005838327214076641   -0.0009790830288099062   1.8589442034478696e-06       -59.25008102422018    -0.015700785987053732       0.3325955890640331      0.28000615359799585       0.2428414273570338       0.3719302001252554                      0.0        3104.469586953746        1.938967638587818       3106.4085545923335
                        8   -0.0001464239003824276  -5.2556743712123925e-08     0.002121983458968558        4.537295538980323     0.005840209636829194   -0.0009832141652603905    1.858200709268237e-06        -58.2592815696422    -0.014124916609442944       0.3338909608032621       0.2789473089785054       0.2429337875849505       0.3719464938599703                      0.0        1459.871297516513         2.70796026438876       1462.5792577809018
                        9  -0.00014639778986980253  -5.2556744769551174e-08     0.002121982949768225        4.537295539041119     0.005840209636728507   -0.0009832141657109196   1.8582007091253774e-06       -58.25928156167498    -0.014124916655996656       0.3338909611817509       0.2789473086005621      0.24293378761431034       0.3719464938631945                      0.0       1459.8531230240599        2.707873972459613       1462.5609969965194
                       10  -0.00014642387753161044   -5.255674486521889e-08    0.0021219823894175227        4.537295538995867    0.0058402096366673715   -0.0009832141657486785   1.8582007091217707e-06       -58.25928156548517    -0.014124916661303354      0.33389096126145734      0.27894730860513595      0.24293378761378998       0.3719464938633595                      0.0       1459.8712595490185        2.707959630446946       1462.5792191794656
                       11  -0.00013125354206196586  -5.2572043010400347e-08     0.002108061372310199        4.537295771740585     0.005840207516937214    -0.000983220645448725   1.8581987610789122e-06       -58.25922404623521    -0.014125604122840526      0.33389701639649516       0.2789423348425073      0.24293417188825933      0.37194653889402285                      0.0       1454.4704381520344        2.651462364073158       1457.1219005161076
                       12  -0.00013125305350990615   -5.257207160782041e-08    0.0021080682885924683        4.537295772360652     0.005840207513617944    -0.000983220657281375    1.858198757595672e-06       -58.25922372834227    -0.014125605039207324      0.33389702761876716       0.2789423257259665       0.2429341725954784      0.37194653897837127   3.5953859534032517e-07       1454.4695604836133         2.65146323271316       1457.1210237163266
                       13  -0.00013138770947890288    -5.25732555972315e-08     0.002108253854090542        4.537295797092763     0.005840207373878896   -0.0009832211479521237   1.8581986129945665e-06       -58.25921121555887    -0.014125644080121508      0.33389749345492703       0.2789419479214096      0.24293420189481002       0.3719465424707705   1.5234543827347125e-05        1454.434079526525        2.651941868576327       1457.0860213951014
                       14  -0.00013393546957644615   -5.277950955044038e-08    0.0021541857200500056        4.537300232376434     0.005840183343479483   -0.0009833065193069039   1.8581734755121653e-06       -58.25694389285885    -0.014132296396878815       0.3339784796649412      0.27887618226109523      0.24293930333792124       0.3719471508272237     0.002607929076893001       1451.2823465620704        2.675778983120735       1453.9581255451913
                       15    -0.000133935469549649  -5.2779521112208026e-08     0.002154185719120276        4.537300232299897     0.005840183338722483    -0.000983306531127298   1.8581734717335962e-06       -58.25694391111138    -0.014132296606990233      0.33397848673972863      0.27887617416772664      0.24293930404798658       0.3719471509070309     0.002607947163168589       1451.2821554687314           2.675778934256       1453.9579344029873
                       16  -0.00013393547086609336   -5.277947267150381e-08    0.0021541857398930148        4.537300233417029     0.005840183333521938   -0.0009833064833752374    1.858173482699625e-06      -58.256943924779506    -0.014132296923950204      0.33397851036520043       0.2788761676730996       0.2429393052013793       0.3719471510724437     0.002607975189800271        1451.282029410362       2.6757787634668624       1453.9578081738289
                       17   -0.0001339354690784619   -5.277951131783752e-08    0.0021541857064078774        4.537300232690839    0.0058401833376966125   -0.0009833065208409884   1.8581734740602628e-06      -58.256943904791704     -0.01413229666748505       0.3339784964685193       0.2788761823705612      0.24293930427143012       0.3719471509457962    0.0026079472673448123       1451.2823054188475        2.675778890384266       1453.9580843092317
                       18   -0.0001339354682135251  -5.2779509007060065e-08    0.0021541857059213456        4.537300233293284     0.005840183338508163   -0.0009833065205514398   1.8581734750065542e-06       -58.25694388440144    -0.014132296525620433       0.3339784752179371      0.27887618268832254      0.24293930401680797       0.3719471508797638    0.0026079442318147628       1451.2823298408332       2.6757789219285706       1453.9581087627619
                       19  -0.00011952669562788012    -8.60007131690945e-08    0.0018867374974854624        4.548453832929766    0.0056918662227568514   -0.0010266931412429997   1.8247873216785542e-06       -58.49741668101092    -0.020431624235602127       0.6168743176652367       0.2288691436757414       0.2661307271641291       0.3746426469685693       0.4976006892598175        437.2115672452599        4.786931831037755       441.99849907629766
                       20   -0.0001195266955209497   -8.600071315304217e-08    0.0018867374973644585        4.548453833092403     0.005691866220007216    -0.001026693139702042    1.824787322691359e-06       -58.49741667493677    -0.020431624274692264       0.6168743202033187      0.22886914361537464       0.2661307276196374        0.374642647013128       0.4976006902381762       437.21156517522195        4.786931858604189       441.99849703382614
                       21  -0.00011952669545250115   -8.600071340632662e-08    0.0018867374972692708        4.548453832375175     0.005691866217999149   -0.0010266931452012507   1.8247873193135861e-06       -58.49741667550524     -0.02043162427585974       0.6168743186674175       0.2288691437399893       0.2661307275791901      0.37464264699532096       0.4976006900767418        437.2115664175483        4.786931844340437        441.9984982618887
                       22  -0.00010660894728102289   -9.384905159066403e-08     0.001871461149116903        4.537600175134283     0.005350487578693156    -0.001081386560405226   1.7976267638966076e-06       -57.92913105117881     -0.02426803826059371       0.8061165992547652      0.22763921132831466      0.30882831884434425       0.3783050597197549       0.5865394101769184       341.92627630197006        7.645559693642034        349.5718359956121
                       23   -4.202020554673695e-05  -1.3309074369851126e-07     0.001795079407274107        4.483331886156869     0.003643594358374677   -0.0013548536562163586    1.661823974986874e-06       -55.08770290201824     -0.04345010838555161       1.7523280072024074      0.22148954959118092       0.5223162772454202        0.396617123475683       1.0312330147624227        572.7244525599068        43.34230003533676        616.0667525952435
                       24   -7.431457641387992e-05  -1.1346989764458765e-07     0.001833270278195505        4.510466030645576     0.004497040968533917   -0.0012181201083107922   1.7297253694417408e-06       -56.50841697659852     -0.03385907332307266       1.2792223032285863       0.2245643804597478       0.4155722980448822      0.38746109159771897       0.8088862124696705        367.4985051197573       21.034846316849123        388.5333514366064
                       25    -9.04617618474514e-05  -1.0365947461762584e-07     0.001852365713656204         4.52403310288993     0.004923764273613536   -0.0011497533343580095   1.7636760666691742e-06       -57.21877401388866    -0.029063555791833184       1.0426694512416759       0.2261017958940312      0.36220030844461326       0.3828830756587369        0.697712811323294       325.14206316108647       13.225432118335508         338.367495279422
                       26   -9.046176191981642e-05  -1.0365947437361322e-07    0.0018523657135113207          4.5240331021299     0.004923764272822285   -0.0011497533312480642   1.7636760688465696e-06       -57.21877401800375    -0.029063555786146302       1.0426694501932041      0.22610179610159464      0.36220030818874815       0.3828830756394084       0.6977128107293824         325.142062479008       13.225432084621318       338.36749456362935
                       27   -9.046176187366112e-05  -1.0365947435782368e-07    0.0018523657136304528        4.524033101494777    0.0049237642705434745   -0.0011497533314668758   1.7636760688211505e-06      -57.218774016146256    -0.029063555791512794       1.0426694500594202      0.22610179574350164       0.3622003082040248       0.3828830756394867       0.6977128109467676        325.1420626774698       13.225432089039117        338.3674947665089
                       28    -9.04617618347233e-05  -1.0365947453054365e-07    0.0018523657144501166        4.524033101734081      0.00492376426984075   -0.0011497533340720846   1.7636760673106242e-06       -57.21877400724491    -0.029063555783221062       1.0426694504814384      0.22610179588705875       0.3622003083610331       0.3828830756515772       0.6977128116728419        325.1420629387617       13.225432107074289         338.367495045836
                       29   -9.046176187014755e-05  -1.0365947452278758e-07    0.0018523657148177106        4.524033099657087     0.004923764263114261   -0.0011497533354999946   1.7636760668119772e-06       -57.21877400308865     -0.02906355579326391       1.0426694499830227         0.22610179590634      0.36220030832524097       0.3828830756432705       0.6977128109613258       325.14206280810436        13.22543208921948        338.3674948973238
                       30   -9.046176140596775e-05  -1.0365947428213303e-07    0.0018523657182633094        4.524033094404983     0.004923764239035747    -0.001149753335817081   1.7636760690773928e-06      -57.218773965591964     -0.02906355581320528       1.0426694490996928      0.22610179590685991      0.36220030847707824       0.3828830756442855       0.6977128101380394        325.1420620934292       13.225432065844124       338.36749415927335
                       31   -9.046175336616759e-05  -1.0365946779752788e-07     0.001852365808018119         4.52403292129781    0.0049237634932486896   -0.0011497533594372216   1.7636761251692417e-06      -57.218772954996275     -0.02906355672046173        1.042669418447087      0.22610179611982267      0.36220031231060296      0.38288307564217156       0.6977127958581439        325.1420400881736       13.225431415203705        338.3674715033773
                       32  -4.5298310541621754e-05   -6.316905709674109e-08     0.002368946900582722        3.537175024515574                    0.001   -0.0013005510129776997   2.0443426476220905e-06       -51.87473652201551     -0.03121932681499659       0.7704069488993617      0.22815479768489344       0.3595559028282696       0.3807452099206798       0.5636606057152873          830.45131885428       10.256524564733706        840.7078434190137
                       33   -6.788003619453655e-05   -8.341426585718367e-08     0.002110656307119463        4.030604063702752     0.002961882136806768   -0.0012251521736678546   1.9040093571456323e-06      -54.546755267952086     -0.03014144130341489       0.9065382000705187      0.22712829678946234       0.3608781056364414       0.3818141427897084       0.6306867085192911        276.4183071700788       10.832622227418245       287.25092939749703
                       34   -6.788003570397914e-05   -8.341426536665821e-08     0.002110656312714542        4.030604057133358    0.0029618821062923654   -0.0012251521716053248   1.9040093637433778e-06       -54.54675520220638    -0.030141441300948788       0.9065381984629988      0.22712829689673739      0.36087810577170343      0.38181414279763615       0.6306867082823064       276.41830588606126       10.832622220894123       287.25092810695537
                       35   -6.788003625937417e-05    -8.34142659322994e-08     0.002110656305898811        4.030604066988658     0.002961882145005751   -0.0012251521721585907    1.904009358026148e-06       -54.54675527045095    -0.030141441328251986       0.9065382020386548      0.22712829681984623      0.36087810588471747        0.381814142825444       0.6306867095202584       276.41830668952383       10.832622265095823       287.25092895461967
                       36  -5.8145097415670426e-05   -7.389548361868225e-08    0.0022116035568864587        3.950911838113273    0.0024436539336925344   -0.0011468726978930194   2.0716739598526967e-06       -53.11229066852713    -0.030606273843823417        0.911437600878346       0.2301911971085781       0.3691411091218288      0.38274247537046113       0.6463082851959552       255.98619583890485       11.525601014694201       267.51179685359904
                       37   -5.814509695905521e-05   -7.389548352525727e-08    0.0022116035599282547       3.9509118337143128    0.0024436539032883977   -0.0011468726991043059   2.0716739616492197e-06       -53.11229061418694    -0.030606273949365485       0.9114376024629476       0.2301911971244257       0.3691411098908969      0.38274247543986917        0.646308286596379       255.98619525247344        11.52560108745702       267.51179633993047
                       38   -5.814509724495141e-05   -7.389548368925407e-08     0.002211603558613598        3.950911838058673     0.002443653923508312    -0.001146872699844839    2.071673959185479e-06      -53.112290633706124    -0.030606273896065673       0.9114376023227309      0.23019119710236374      0.36914110946475076      0.38274247541117545       0.6463082858037561       255.98619547910005       11.525601057226334       267.51179653632636
                       39   -5.814509744811225e-05   -7.389548358520815e-08     0.002211603557287506       3.9509118387935542     0.002443653931121513   -0.0011468726974569591    2.071673960732507e-06      -53.112290655560365    -0.030606273882651722       0.9114376013020198      0.23019119709955752       0.3691411090648858       0.3827424753816411       0.6463082850504343       255.98619572567472       11.525601022744011        267.5117967484187
                       40   -5.814509747319174e-05   -7.389548362093219e-08    0.0022116035570105695        3.950911839006256      0.00244365393295495   -0.0011468726979883982    2.071673960007958e-06       -53.11229065767158     -0.03060627389279484       0.9114376008126235      0.23019119709878413       0.3691411089852624       0.3827424753798622       0.6463082853101332       255.98619575706454       11.525601015344012       267.51179677240856
                       41  -5.8145097385045184e-05   -7.389548361576825e-08     0.002211603557091615       3.9509118378914434      0.00244365393338594   -0.0011468726983504182   2.0716739599704347e-06       -53.11229065864925    -0.030606273882622152       0.9114376007751472      0.23019119712402478       0.3691411090015521       0.3827424753772998       0.6463082850663486        255.9861957954063       11.525601011807776       267.51179680721407
                       42   -5.814509727618364e-05   -7.389548356874162e-08    0.0022116035579060624       3.9509118361672266     0.002443653931747533   -0.0011468726988440663   2.0716739611622084e-06       -53.11229063752432     -0.03060627393346943       0.9114376007669442      0.23019119709623737      0.36914110893093743      0.38274247539554096       0.6463082851332826        255.9861957353406       11.525601015692686        267.5117967510333
                       43   -5.814509744969052e-05   -7.389548360517166e-08     0.002211603557482915        3.950911835515085     0.002443653938667985   -0.0011468726994034327   2.0716739606529565e-06      -53.112290637203955     -0.03060627395289116       0.9114376009426033      0.23019119710168198      0.36914110878810563      0.38274247540060313       0.6463082850939585        255.9861957514275       11.525601013396251        267.5117967648237
                       44  -2.9552284885498998e-05   -6.380354231788158e-08    0.0025843619860801818       3.5206248557972346    0.0014176853822362341    -0.001542224306507963    2.426872692263607e-06       -40.46713789174727     -0.07014967524491567       0.9616561903140626      0.22876203576968532      0.29715188637876533        0.393923501710059       0.6510822198237003         321.430913976712        16.33199711254963       337.76291108926165
                       45   -4.384869115058471e-05   -6.884951296828181e-08    0.0023979827714833203        3.735768346955254    0.0019306696579643838   -0.0013445485022004911    2.249273326058152e-06      -46.789714280137204     -0.05037797454436954       0.9365468955962044      0.22947661643913173      0.33314649775029703       0.3883329885402601       0.6486952525098282       234.46744465449873        13.33428566958683       247.80173032408555
                       46   -4.384869073797743e-05   -6.884951273667293e-08    0.0023979827827043444       3.7357683413569083    0.0019306696683890224   -0.0013445485161338402   2.2492733384076433e-06       -46.78971383189288     -0.05037797593440973       0.9365468956089831      0.22947661643197045       0.3331464937301125      0.38833298889699813       0.6486952509021426       234.46744280616977        13.33428573719293        247.8017285433627
                       47   -4.384869110418238e-05   -6.884951292889986e-08     0.002397982772952586       3.7357683438474125    0.0019306696575632897   -0.0013445485041237047   2.2492733277284887e-06       -46.78971422275957     -0.05037797473428668       0.9365468959050107      0.22947661644640072       0.3331464974333227       0.3883329885963908         0.64869525275068       234.46744451721165       13.334285692976167       247.80173021018783
                       48   -4.384869112911702e-05   -6.884951293827016e-08    0.0023979827717418314         3.73576834324551    0.0019306696638869388    -0.001344548503184727   2.2492733270581777e-06      -46.789714251948986      -0.0503779746812185       0.9365468960545427        0.229476616432129      0.33314649765540066      0.38833298858076754       0.6486952528541883         234.467444459253       13.334285687521088       247.80173014677408
                       49  -4.3848690699628545e-05    -6.88495128573241e-08    0.0023979827730877226        3.735768341918232    0.0019306696597234984   -0.0013445485037479638    2.249273328215382e-06        -46.7897142046904    -0.050377974837231984       0.9365468965399033      0.22947661642524964       0.3331464976315113      0.38833298863227983       0.6486952531483512       234.46744439373688       13.334285713788724        247.8017301075256
                       50   -4.384869106109808e-05   -6.884951299678045e-08     0.002397982771559583       3.7357683460434843    0.0019306696587530064   -0.0013445485028733665    2.249273324335802e-06       -46.78971427026699     -0.05037797458577761       0.9365468958685865      0.22947661645478684       0.3331464978086699       0.3883329885558141       0.6486952524585465       234.46744460231707       13.334285676025646       247.80173027834272
                       51   -1.994388186075149e-05    -6.04705458248395e-08    0.0026089522796453146       3.0725275210651235    0.0024816576008198305   -0.0016627683311690878   2.4970908740313173e-06       -36.53454278031097     -0.08875235507814541       1.0264500737007243      0.22930567099402677       0.2863328402291171      0.39968133234951336       0.6985144006193629       208.50235054894603       20.184942170090142       228.68729271903618
                       52  -1.9943881264785127e-05   -6.047054561691472e-08      0.00260895228461976       3.0725275070723153    0.0024816575974903263   -0.0016627683368965983    2.497090878692034e-06       -36.53454257086683     -0.08875235584275232       1.0264500758241686      0.22930567098505633       0.2863328395904483       0.3996813325848736       0.6985144019288612        208.5023501557656        20.18494237481028        228.6872925305759
                       53  -1.9943881811979524e-05   -6.047054578797048e-08    0.0026089522801214494       3.0725275199758286      0.00248165760138798     -0.00166276833096011    2.497090874145419e-06       -36.53454275464077      -0.0887523551678732        1.026450073962537      0.22930567100143456      0.28633284017345084      0.39968133237943687        0.698514400690728       208.50235050156874       20.184942191454883       228.68729269302364
                       54   -1.994388186216117e-05   -6.047054583121194e-08    0.0026089522798415352        3.072527520730482      0.00248165760117144   -0.0016627683308495964    2.497090872083607e-06      -36.534542764307055     -0.08875235512948942        1.026450073810257      0.22930567099500562       0.2863328402435363      0.39968133236975395       0.6985144006597013       208.50235051643367       20.184942180625516       228.68729269705918
                       55   -1.994388190363841e-05   -6.047054583273384e-08     0.002608952279358491       3.0725275217591155     0.002481657600905754   -0.0016627683294496722   2.4970908707884046e-06       -36.53454278159629     -0.08875235506335365       1.0264500735213187      0.22930567097717788      0.28633284033777096       0.3996813323533049       0.6985144005918222       208.50235052786934        20.18494216151922       228.68729268938856
                       56  -1.9943882026923093e-05    -6.04705458689985e-08    0.0026089522782776473        3.072527523779919    0.0024816576037154188   -0.0016627683277969302    2.497090868465803e-06      -36.534542817700554     -0.08875235493160463        1.026450073012434       0.2293056709943037       0.2863328404378296       0.3996813323159373        0.698514400174858       208.50235060535832       20.184942118758116       228.68729272411645
                       57  -2.0314216717644707e-05   -5.957091150501276e-08     0.002640361978734286       3.0038567530346487    0.0025803767589539063   -0.0014698155794017954   1.9839973189029454e-06       -32.95441965659213     -0.09989171176288221       1.0408438480163118       0.2285496232371914        0.293080420365206      0.40451373021671827       0.7051464591838679       202.67814039305256        22.40626593677851       225.08440632983107
                       58   -2.031421671297906e-05   -5.957091150414032e-08     0.002640361978771946       3.0038567524006137     0.002580376759161572    -0.001469815578858103   1.9839973163566457e-06        -32.9544196474787     -0.09989171179558093       1.0408438479983313      0.22854962324677358      0.29308042040157956       0.4045137302320836       0.7051464590965733       202.67814036743584       22.406265941707513       225.08440630914336
                       59  -2.0314216671360984e-05   -5.957091150013237e-08    0.0026403619789661438        3.003856751904875    0.0025803767601089867   -0.0014698155778448906   1.9839973139340087e-06      -32.954419630849834     -0.09989171183012659       1.0408438480092124       0.2285496232633049      0.29308042044893035       0.4045137302556232       0.7051464591498302       202.67814035222872       22.406265949099698        225.0844063013284
                       60  -2.0314216661390335e-05  -5.9570911485851394e-08    0.0026403619788608096       3.0038567517345003     0.002580376759979336   -0.0014698155779197108    1.983997315690054e-06      -32.954419642059854     -0.09989171179147525       1.0408438478611541       0.2285496232403308      0.29308042042197424      0.40451373024297327       0.7051464591626759       202.67814035991572       22.406265939481084        225.0844062993968
                       61  -2.0314216639154487e-05  -5.9570911501656606e-08     0.002640361979208967       3.0038567496185644     0.002580376762116524   -0.0014698155764351626   1.9839973083321597e-06       -32.95441960936641     -0.09989171185094851       1.0408438477691102       0.2285496232197745       0.2930804205106596       0.4045137302959655       0.7051464590427035       202.67814030752737       22.406265949611118       225.08440625713848
                       62   -2.031421675490478e-05  -5.9570911490779856e-08     0.002640361978945366       3.0038567518578922     0.002580376760214824   -0.0014698155777284744    1.983997315615255e-06       -32.95441963372968      -0.0998917118123807       1.0408438480446496       0.2285496232347169       0.2930804203846905      0.40451373025374726       0.7051464590899341       202.67814036367923        22.40626594653555       225.08440631021477
                       63   -5.639349767483522e-06   -5.564005743826192e-08     0.002715806948756451       2.4413326386181176     0.003079222827365489   -0.0008685617370032502   2.7566420428833883e-07      -24.786058020935574     -0.11717469829238088       1.0015463774659359      0.22940690540494987      0.31812914528363534       0.4181856323629985         0.68355639514186       192.72019233182638        26.45160996181619       219.17180229364257
                       64   -5.639349780136704e-06  -5.5640057435002964e-08     0.002715806948640633        2.441332639373565     0.003079222826992488   -0.0008685617375818014   2.7566420745484593e-07       -24.78605803259562      -0.1171746982548382       1.0015463774847326      0.22940690541048636       0.3181291452333027      0.41818563234628675       0.6835563951964936       192.72019233080516        26.45160995013202        219.1718022809372
                       65   -5.639349807614452e-06  -5.5640057438872846e-08    0.0027158069485536565       2.4413326394939245     0.003079222826545959   -0.0008685617379825194    2.756642077880452e-07       -24.78605803765878     -0.11717469825561608       1.0015463774821949      0.22940690540409622      0.31812914521670194      0.41818563234008704        0.683556395172034        192.7201923407488        26.45160994914335       219.17180228989216
                       66   -5.639349774243523e-06  -5.5640057439669057e-08     0.002715806948717077        2.441332638610402     0.003079222827472087   -0.0008685617370421317   2.7566420427163036e-07       -24.78605802060409     -0.11717469829256409       1.0015463774504054      0.22940690540496167      0.31812914526949365       0.4181856323666961       0.6835563951414176       192.72019233117325         26.4516099615205       219.17180229269374
                       67   -5.639349762445506e-06   -5.564005743583475e-08    0.0027158069485915368        2.441332638206528    0.0030792228282696113   -0.0008685617365741689   2.7566420314189313e-07      -24.786058013020217     -0.11717469831029094       1.0015463773940811      0.22940690540308836      0.31812914524255376       0.4181856323935306       0.6835563950770629       192.72019232410554        26.45160996514276        219.1718022892483
                       68   -5.639349756270053e-06   -5.564005744106264e-08    0.0027158069484470534       2.4413326387515077     0.003079222827846519   -0.0008685617372410328    2.756642045519398e-07       -24.78605802050516     -0.11717469829685381       1.0015463774150046       0.2294069054075752      0.31812914525758457       0.4181856323868503       0.6835563951574786        192.7201923270417       26.451609960958695        219.1718022880004
                       69   -5.639349781674211e-06   -5.564005744059825e-08    0.0027158069483453067       2.4413326387981247     0.003079222827583547   -0.0008685617375389322     2.75664205134806e-07        -24.7860580247345     -0.11717469828964912       1.0015463774717972      0.22940690540729564       0.3181291452949037      0.41818563238588513       0.6835563951335901       192.72019233198648        26.45160995957472        219.1718022915612
                       70   -6.873379544926209e-06   -5.582928740141802e-08     0.002633109020951299         2.42239956888269    0.0032769029588909943   -0.0008758620982148853    2.672567103289064e-07      -24.066547991042633     -0.11901181820768321       0.9822402214982107      0.22946221989925017       0.3034639936821676       0.4260512390894995       0.6754607318915369        191.9034365785441       26.313587749506276       218.21702432805037
                       71   -6.873379542418883e-06  -5.5829287400201255e-08     0.002633109020616461        2.422399568624474    0.0032769029603268735   -0.0008758620979026554    2.672567097498474e-07       -24.06654798054373     -0.11901181822340812       0.9822402214997632      0.22946221990397497      0.30346399370078525      0.42605123914366844       0.6754607318662718         191.903436561392       26.313587753838892        218.2170243152309
                       72   -6.873379567572428e-06   -5.582928740220597e-08     0.002633109020447131        2.422399568745187     0.003276902959981929   -0.0008758620983631045    2.672567104339938e-07       -24.06654798713801     -0.11901181821453866       0.9822402214823698      0.22946221989799692      0.30346399370825794       0.4260512391388027       0.6754607318455683       191.90343657284652       26.313587750107793        218.2170243229543
                       73  -6.8733795429125745e-06   -5.582928739789796e-08     0.002633109020843596        2.422399568560965    0.0032769029593050355   -0.0008758620980127167    2.672567095389525e-07      -24.066547985532498     -0.11901181821668412       0.9822402215033914      0.22946221989655785       0.3034639938188606       0.4260512391129992       0.6754607319436152       191.90343656962662       26.313587753955183        218.2170243235818
                       74   -6.873379537421416e-06   -5.582928739865902e-08     0.002633109020832407       2.4223995690080127    0.0032769029587767368   -0.0008758620984166388   2.6725671095814266e-07      -24.066547993735448     -0.11901181819834354       0.9822402215054586      0.22946221989980442       0.3034639937097755       0.4260512390932931        0.675460731887803       191.90343657992779       26.313587746692598        218.2170243266204
                       75   -7.874536411791612e-06  -5.5271365558913545e-08     0.002559551836699246       2.3881517719706578     0.003429888783275289   -0.0008844000741974831    2.561319615127196e-07      -23.269921497617442      -0.1198228233630568       0.9820832001425635      0.22926212171174587       0.3214483962075041       0.4340857348606194       0.6752382225652935        190.9487200772753       26.590296847790725       217.53901692506605
                       76   -7.874536411875475e-06  -5.5271365558157356e-08    0.0025595518364209236        2.388151771498907    0.0034298887843386694   -0.0008844000739433514     2.56131960142594e-07       -23.26992148676829      -0.1198228233782825         0.98208320009691      0.22926212171376387       0.3214483962177858       0.4340857349111575       0.6752382225580433       190.94872006893775       26.590296852796282       217.53901692173403
                       77   -7.874536431400438e-06   -5.527136555547417e-08    0.0025595518358909586       2.3881517715319127    0.0034298887847208845   -0.0008844000743956754   2.5613196097825727e-07       -23.26992148842307     -0.11982282336789302        0.982083200082088      0.22926212171092553       0.3214483962427994       0.4340857349491895       0.6752382225362368       190.94872007213357       26.590296849034594       217.53901692116816
                       78   -7.874536411334187e-06   -5.527136555229017e-08      0.00255955183626845       2.3881517718507173     0.003429888783786055   -0.0008844000742884502   2.5613196164286203e-07      -23.269921494047743     -0.11982282335631593       0.9820832000938688      0.22926212171167412      0.32144839611613263        0.434085734905429       0.6752382225275424       190.94872007632253        26.59029684516907        217.5390169214916
                       79   -7.874536394491866e-06   -5.527136555719216e-08    0.0025595518364102915       2.3881517719409784    0.0034298887832683814   -0.0008844000744126474   2.5613196132998987e-07      -23.269921495884837     -0.11982282335062959       0.9820832000769526       0.2292621217119241      0.32144839615289256       0.4340857348893081       0.6752382225321254       190.94872007715307        26.59029684389234        217.5390169210454
                       80   -7.874536397557013e-06  -5.5271365547146775e-08     0.002559551836162488        2.388151771651665    0.0034298887837164666     -0.00088440007404485    2.561319606985649e-07      -23.269921489157717     -0.11982282335482317       0.9820832000698716      0.22926212171324553      0.32144839626882876        0.434085734927151       0.6752382225286775        190.9487200730954       26.590296846478285       217.53901691957367
                       81   -7.874536431277219e-06  -5.5271365522638724e-08     0.002559551834965402       2.3881517722811787    0.0034298887815937835   -0.0008844000751748542    2.561319626747215e-07      -23.269921494598687     -0.11982282324233837       0.9820831999692223      0.22926212171482035       0.3214483962550791       0.4340857350249632       0.6752382224573115       190.94872008099316       26.590296818549277       217.53901689954245
                       82   -7.874536380709542e-06   -5.527136546532551e-08     0.002559551833853219       2.3881517716742597    0.0034298887790408013   -0.0008844000738819559    2.561319578150161e-07      -23.269921457976967     -0.11982282311574183       0.9820831996512331      0.22926212171996696       0.3214483959869882      0.43408573523766025       0.6752382223397628       190.94872005509256       26.590296796343697       217.53901685143626
                       83  -3.7157524863303546e-06   -4.307325066058301e-08    0.0019419116025495117        2.258046198869022    0.0034339329676482174   -0.0009954353588968751   -2.343705637592463e-08      -17.628871374037324     -0.09378684225070977       0.9045518096043079      0.23042551133361938      0.32804106319306625        0.502374449921752        0.632755312072832       192.53130177506733        21.69390228890618        214.2252040639735
                       84   -5.795144449060956e-06   -4.917230810974838e-08    0.0022507317196243785         2.32309898541984    0.0034319108754617533   -0.0009399177165471791   1.1634745256839749e-07       -20.44939643582738     -0.10680483280688327       0.9433175048734355      0.22984381652268263      0.32474472970028523       0.4682300923911856       0.6539967673190636       190.69733385613503       23.846881180235908       214.54421503637093
                       85  -4.7554484676956554e-06   -4.612277938516559e-08     0.002096321661086945       2.2905725921444304    0.0034329219215549853   -0.0009676765377220272   4.6455198096236434e-08      -19.039133904932353     -0.10029583752879652       0.9239346572388718        0.230134663928151      0.32639289644667574       0.4853022711564688       0.6433760396959478         191.284938331927       22.696587137542913       213.98152546946991
                       86   -4.755448447922789e-06  -4.6122779306236094e-08    0.0020963216571786053       2.2905725908058656     0.003432921921960916    -0.000967676537699621    4.645519441600932e-08      -19.039133864214115     -0.10029583740309056       0.9239346567900097       0.2301346639206603      0.32639289639871616      0.48530227159245215       0.6433760394004864       191.28493832046206        22.69658712019465        213.9815254406567
                       87   -4.755448431739879e-06   -4.612277934459716e-08    0.0020963216592217704        2.290572591135148     0.003432921922589761   -0.0009676765369929962    4.645519489861508e-08      -19.039133874672988     -0.10029583748818387       0.9239346571105509      0.23013466392128834       0.3263928966123385      0.48530227139371634        0.643376039595597       191.28493832231783       22.696587137999742       213.98152546031758
                       88  -4.7554484655260585e-06  -4.6122779389338285e-08    0.0020963216610069917       2.2905725921789575    0.0034329219216584703   -0.0009676765374868657   4.6455197590477244e-08      -19.039133903684295     -0.10029583753287996       0.9239346573706237       0.2301346639207157       0.3263928962644441      0.48530227116799857       0.6433760397837505       191.28493832149252        22.69658714181658       213.98152546330908
                       89   -4.755448489395962e-06   -4.612277940377109e-08     0.002096321660402104       2.2905725934228895    0.0034329219199230225   -0.0009676765388961211   4.6455200340666175e-08        -19.0391339232864     -0.10029583745954625        0.923934657665628      0.23013466391893622      0.32639289649342584      0.48530227117981933       0.6433760399376887       191.28493832371944        22.69658713076983        213.9815254544893
                       90   -4.755448465067712e-06   -4.612277936510954e-08    0.0020963216591197114       2.2905725922461775    0.0034329219211544993   -0.0009676765380825886   4.6455197408949765e-08      -19.039133894906787     -0.10029583744399626       0.9239346573374321        0.230134663936727       0.3263928962412299      0.48530227135812726       0.6433760397577677        191.2849383303743        22.69658712916014       213.98152545953445
                       91   -4.755448451166939e-06   -4.612277939037569e-08    0.0020963216611520528        2.290572592019375    0.0034329219219334187   -0.0009676765370743022     4.64551970796345e-08      -19.039133902627743     -0.10029583755319654       0.9239346573978844       0.2301346639344418       0.3263928964150389      0.48530227115594327       0.6433760397669852        191.2849383186641        22.69658714614253       213.98152546480662
                       92    -2.38384457457207e-06   -4.219873835767011e-08    0.0017226692870062322        2.273310755326163     0.003414635739854427   -0.0009604934359879588     -2.4503584037787e-07      -16.422755686370895      -0.0870751608179361        0.954277779711761      0.22940985498721544       0.2988926304721876       0.5251530757291246       0.6592068124975903       189.77242942890553       22.486314407289964        212.2587438361955
                       93    -2.38384456391111e-06  -4.2198738353043196e-08    0.0017226692864929188       2.2733107552049026    0.0034146357400170824   -0.0009604934358693586   -2.450358411356664e-07      -16.422755680233582     -0.08707516080094402       0.9542777797215756       0.2294098549865845       0.2988926304752855       0.5251530757924271       0.6592068125163468       189.77242942756868         22.4863144079681        212.2587438355368
                       94  -2.3838445724573337e-06  -4.2198738359887433e-08    0.0017226692869402468        2.273310755377454    0.0034146357397909213   -0.0009604934360134305  -2.4503584033816507e-07       -16.42275568728867     -0.08707516081270393       0.9542777797091029       0.2294098549864133       0.2988926304915964       0.5251530757345575       0.6592068125004111       189.77242942956542        22.48631440642849       212.25874383599393
                       95  -2.3838445735917886e-06  -4.2198738360102156e-08    0.0017226692869247158       2.2733107553415137     0.003414635739852517   -0.0009604934358997433  -2.4503584039555044e-07      -16.422755686819865     -0.08707516081226703       0.9542777796942847       0.2294098549873786      0.29889263047299985       0.5251530757388858       0.6592068124865413         189.772429429798       22.486314406122663       212.25874383592065
                       96   -2.383844582590504e-06   -4.219873836933079e-08     0.001722669286774867        2.273310755191569    0.0034146357400759208   -0.0009604934355851773   -2.450358410105648e-07        -16.4227556851884     -0.08707516080550355       0.9542777796087147      0.22940985498886782        0.298892630510061       0.5251530757664713       0.6592068124419077       189.77242943058636       22.486314404574053        212.2587438351604
                       97  -2.3838445869751802e-06  -4.2198738365788924e-08    0.0017226692870311714       2.2733107555311847     0.003414635739632214   -0.0009604934360169987  -2.4503583975510284e-07      -16.422755691273945     -0.08707516080754792       0.9542777797285984      0.22940985498574748         0.29889263050333       0.5251530757219807       0.6592068125038777        189.7724294311995       22.486314404676207        212.2587438358757
                       98   -2.864542978208936e-06   -4.410004210330104e-08    0.0016721183067952244       2.2807763152326688     0.003415572136844388   -0.0009106455601990947  -2.6982998081669276e-07      -16.674094709670037     -0.08348202511914685         0.94355753086187      0.22942367296048227      0.30436102362566225       0.5314673265721458       0.6533294376453949        190.3440493048925       21.821164000676845       212.16521330556935
                       99   -2.839751379850677e-06   -4.410004766696072e-08    0.0016721304464286245        2.280776316482417    0.0034155721420341565   -0.0009106455569588169  -2.6982997914793807e-07      -16.674094523863996     -0.08348202515125823       0.9435575308852284      0.22942367288688154        0.304361023622553       0.5314673265797585       0.6533294562058698       190.34409211133945       21.821111332660433       212.16520344399987
                      100   -2.865495818790546e-06  -4.4100048634115645e-08     0.001672129913331597        2.280776316585743    0.0034155721425138067   -0.0009106455565272682  -2.6982997893955605e-07      -16.674094513067743     -0.08348202520270476       0.9435575308879915      0.22942367287406318      0.30436102362130446       0.5314673265809253       0.6533294588262466       190.34403726117733        21.82117199089035       212.16520925206768
                      101   -2.864541877632546e-06   -4.410004747034955e-08    0.0016721182884771014       2.2807763162881667    0.0034155721409443894   -0.0009106455568554991  -2.6982997927260327e-07      -16.674094614080662     -0.08348202538836944       0.9435575308418445       0.2294236728612829       0.3043610236222186       0.5314673265797021       0.6533294549901374       190.34404898592913       21.821164232368393       212.16521321829754
                      102   -2.866059756070178e-06   -4.410004570557292e-08     0.001672118188058061        2.280776317685928     0.003415572146733545   -0.0009106455483823673   -2.698299755971175e-07      -16.674094500391586      -0.0834820257230274       0.9435575317173643      0.22942367274329747       0.3043610236129045       0.5314673265893524       0.6533294630570161       190.34404669029232       21.821167927121216       212.16521461741354
aborted minimisation     
Minimisation aborted as it proceeded too slow                
 restart
                      103   -2.839751379850677e-06   -4.410004766696072e-08    0.0016721304464286245        2.280776316482417    0.0034155721420341565   -0.0009106455569588169  -2.6982997914793807e-07      -16.674094523863996     -0.08348202515125823       0.9435575308852284      0.22942367288688154        0.304361023622553       0.5314673265797585       0.6533294562058698       190.34409211133945       21.821111332660433       212.16520344399987
                      104   -2.862143408524721e-06   -4.410005766800875e-08    0.0016721463542487477        2.280776318475055     0.003415572150421588   -0.0009106455514277344  -2.6982997633031203e-07       -16.67409423778317     -0.08348202532844211       0.9435575309243263       0.2294236727545257      0.30436102361538603       0.5314673265930939       0.6533294882189873       190.34402822059425        21.82117218442308       212.16520040501734
                      105  -2.8403803237669733e-06  -4.4100063233898455e-08     0.001672156352854654       2.2807763197023285    0.0034155721554604513    -0.000910645548136882   -2.698299746692372e-07      -16.674094066959828     -0.08348202541245854       0.9435575309395163      0.22942367267543207      0.30436102361222744       0.5314673266007593       0.6533295067109162       190.34406984803903       21.821125673709837       212.16519552174887
                      106   -2.839749559854478e-06   -4.410005714897237e-08    0.0016721304149554658        2.280776318347339    0.0034155721492783965   -0.0009106455510508077  -2.6982997641959343e-07      -16.674094354965757     -0.08348202567823756       0.9435575308499313      0.22942367271161349      0.30436102361646816       0.5314673265931094       0.6533294868502404       190.34409154055106       21.821111748896318        212.1652032894474
                      107  -2.8387935459342244e-06   -4.410004631456632e-08    0.0016721304930367876         2.28077631930911    0.0034155721536460156   -0.0009106455408854078  -2.6982997214293494e-07      -16.674094289903728     -0.08348202589938121       0.9435575324240222      0.22942367264574798       0.3043610236050677       0.5314673265992971        0.653329476212094       190.34409435699408        21.82110944896036       212.16520380595443
                      108  -2.8351869303497604e-06   -4.420620765362494e-08     0.001671922684712631        2.280797201545899     0.003415653275633577   -0.0009105793906451679   -2.697994216232967e-07      -16.672202160694617     -0.08348792305635462       0.9435571386559127        0.229421710622476       0.3043609554668611       0.5314674760819341       0.6536725863305879       190.33843281032114       21.825878658292407       212.16431146861353
                      109  -2.8351869298656616e-06   -4.420620766352125e-08     0.001671922684689879       2.2807972015849662     0.003415653275686788   -0.0009105793904723409   -2.697994212724306e-07      -16.672202160405863     -0.08348792305725915        0.943557138688015      0.22942171061823238       0.3043609554542511       0.5314674760949184       0.6536725863718553       190.33843280894695       21.825878659226905       212.16431146817385
                      110   -2.835186930925939e-06   -4.420620767534477e-08    0.0016719226846520256       2.2807972015779576    0.0034156532756761983   -0.0009105793904023947   -2.697994211880193e-07      -16.672202160602193     -0.08348792305917889        0.943557138736786      0.22942171062785985       0.3043609554452737       0.5314674761070994       0.6536725863750279       190.33843280773863        21.82587866034486        212.1643114680835
                      111  -2.8351869331898374e-06   -4.420620773928792e-08    0.0016719226844591362        2.280797201610379    0.0034156532757185915   -0.0009105793898154913  -2.6979942022586563e-07       -16.67220216093071     -0.08348792306848525       0.9435571389468929      0.22942171061249228       0.3043609553611716       0.5314674761758895       0.6536725864638635       190.33843280053458       21.825878666179975       212.16431146671454
                      112  -2.8351869293694193e-06   -4.420620766414636e-08    0.0016719226846995184       2.2807972015551474    0.0034156532756681466    -0.000910579390582349    -2.69799421399419e-07      -16.672202160606304      -0.0834879230571386       0.9435571386586019      0.22942171062235184       0.3043609554091803       0.5314674760969186       0.6536725863226582       190.33843281020117        21.82587865822105       212.16431146842223
                      113   -2.835186928064122e-06   -4.420620766317905e-08    0.0016719226847008164       2.2807972015356293     0.003415653275661172   -0.0009105793905701448   -2.697994212936664e-07       -16.67220216071315     -0.08348792305722909       0.9435571386267483      0.22942171062257166       0.3043609554745248       0.5314674761015317       0.6536725863171977       190.33843281079945        21.82587865764648       212.16431146844593
aborted minimisation     
Minimisation aborted as it proceeded too slow               
 finished