                   sim_nr                 advtheta                     advq                   advCO2               deltatheta               gammatheta                   deltaq                   gammaq                 deltaCO2                 gammaCO2                  sca_sto                    alpha                    FracH                       wg                      R10                     data               background                    Costf
                        1  -0.00033126984387072414  -3.3634355969585774e-07     0.001903240167836635       3.2651701181946873    0.0056806159417068245   -0.0031042151314612395   -4.364838734051508e-06       1.0462687066062273   -0.0012988134520736103       1.2908822516143634       0.3157320456336896       0.4562296201650896       0.5725465236529208      0.43370019599976134        19125.58419131954                      0.0        19125.58419131954
                        2  -0.00033124318662176643   -3.363435583988025e-07    0.0019032333823539658       3.2651701183060267     0.005680615941933708   -0.0031042151308647735  -4.3648387339052765e-06       1.0462686643131462   -0.0012988135075229596       1.2908822516931164       0.3157320456120414      0.45622962016453844       0.5725465236529859       0.4337001951270203        19124.92415822364   2.3050249915448856e-09       19124.924158225946
                        3  -0.00033127007085121193  -3.3634355888350735e-07     0.001903234126148119        3.265170118271504     0.005680615941773715    -0.003104215131128189   -4.364838734029731e-06       1.0462686761940514   -0.0012988134654874507       1.2908822517317542      0.31573204561880164       0.4562296201637259       0.5725465236530486       0.4337001951080701       19125.553775072796   2.2694533928473464e-12         19125.5537750728
                        4   -0.0003312698443393173    -3.36343558870387e-07    0.0019032401669259404       3.2651701182549044     0.005680615941742427   -0.0031042151311328984   -4.364838734029552e-06        1.046268713041563   -0.0012988134196624296       1.2908822516670424      0.31573204561857027      0.45622962016382207       0.5725465236530379       0.4337001962584486        19125.58416913789    5.040067601607317e-18        19125.58416913789
                        5   -0.0003312704394250224  -3.3634354806035603e-07    0.0019032401685006581       3.2651701190521067     0.005680615942211658    -0.003104215126835861    -4.36483873375178e-06       1.0462687983887144   -0.0012988129890469753       1.2908822523350747       0.3157320454000749      0.45622962014653606       0.5725465236545694       0.4337002000674941       19125.597656261776   1.1500728617644298e-12       19125.597656261776
                        6  -1.8021306153020154e-05    8.934554129341524e-09   -0.0005271558005775004       3.2903639141260577     0.005695521954689857   -0.0029668718204177826   -4.355652470527636e-06        3.725350160763309     0.012241669967316429       1.3129369133896882      0.30940750773511017      0.45569940811782916       0.5725955061195195       0.5415242338588317       2019.9398345213754       1.4056276931508012       2021.3454622145262
                        7   -1.799896573215947e-05    8.934562488942403e-09   -0.0005271704910365554       3.2903639143495007     0.005695521955185379   -0.0029668718168069474   -4.355652469743058e-06       3.7253500540671682     0.012241669838243837       1.3129369114496672       0.3094075053159575       0.4556994080617366       0.5725955061193511       0.5415242754577863       2019.9341782265149       1.4056772710835992       2021.3398554975984
                        8  -1.8022398925435516e-05    8.934565104412855e-09   -0.0005271739894906308       3.2903639143660524     0.005695521955270906   -0.0029668718156835973   -4.355652469500888e-06        3.725350026761234     0.012241669806823351       1.3129369107278297       0.3094075044321902       0.4556994080403519       0.5725955061193059       0.5415242911643334        2019.937766776427        1.405630726094437       2021.3433975025214
                        9    -1.80213114017353e-05    8.934563351537887e-09   -0.0005271558496075539        3.290363914276845     0.005695521955040153   -0.0029668718164912494   -4.355652469695342e-06       3.7253501428463176     0.012241669954626016       1.3129369110618274      0.30940750501814285      0.45569940805432413       0.5725955061193214       0.5415242838117749       2019.9396487014658       1.4056278380868503       2021.3452765395527
                       10  -1.8023091059200856e-05    8.934550243088929e-09   -0.0005271557615683091       3.2903639133490183     0.005695521952785166    -0.002966871822567115  -4.3556524711817815e-06       3.7253501139455447     0.012241669940179507       1.3129369116684682       0.3094075038895231       0.4556994080368574       0.5725955061171624       0.5415242406984762        2019.940018172683       1.4056240690980863       2021.3456422417812
                       11   -5.991563808111503e-05    8.472876233123536e-08   -0.0009759407316195744       3.2916026849757656      0.00569839972059004    -0.002934601233850493   -4.348812309756341e-06       3.5777610933126534     0.012136973882789759        1.293802774910206       0.2870728630088718       0.4551773769444007       0.5725938755547553       0.9520910856926328       1275.7969543216998        4.577111759102658       1280.3740660808025
                       12   -5.991563693583292e-05    8.472875854819987e-08   -0.0009759407192772901       3.2916026842295247      0.00569839971816818   -0.0029346012395700368   -4.348812311595723e-06        3.577761103784146      0.01213697393630478       1.2938027754337071       0.2870728550222836        0.455177376922251       0.5725938755529807        0.952091071545639       1275.7967197144858       4.5771116307130875       1280.3738313451988
                       13   -5.991563814536875e-05    8.472876245971776e-08   -0.0009759407305305033       3.2916026847706275     0.005698399719737563    -0.002934601233494419    -4.34881230994046e-06        3.577761094896176     0.012136973912755377       1.2938027745237826        0.287072863020064      0.45517737690318455       0.5725938755538101       0.9520910847344188       1275.7969539593885        4.577111748769339       1280.3740657081578
                       14   -5.459361171620999e-05    6.268007152679718e-08   -0.0008235265565151725        3.274954900877402     0.005634407605739009   -0.0029593016859462934   -4.372690697159021e-06       3.7422651046320405     0.014144811022372325       1.2771832127907263      0.22664818997874578      0.45280886489577055       0.5725298802813397       0.7928704618302378        373.2134945038857       3.7044408126081514       376.91793531649387
                       15   -5.459361190295265e-05    6.268007147907492e-08   -0.0008235265582754875       3.2749549005971077      0.00563440760481618    -0.002959301686519247   -4.372690697495699e-06        3.742265080062025     0.014144810945605909       1.2771832122955324       0.2266481899575286      0.45280886485592997       0.5725298802804051       0.7928704620798426        373.2134938682248       3.7044408124135906        376.9179346806384
                       16   -5.459361184465342e-05    6.268007151408131e-08   -0.0008235265564807005        3.274954900524558     0.005634407604469047   -0.0029593016861676692   -4.372690697472807e-06        3.742265099858455     0.014144811029931903       1.2771832119711006      0.22664818997393388       0.4528088648403523       0.5725298802800608       0.7928704620504385       373.21349424471555       3.7044408147543733        376.9179350594699
                       17  -5.4593611805158425e-05     6.26800717428558e-08   -0.0008235265560789914       3.2749549001580025     0.005634407602883342    -0.002959301685203238  -4.3726906975750245e-06       3.7422650854102324     0.014144811017932718       1.2771832108439263       0.2266481899725591      0.45280886474632953       0.5725298802779735       0.7928704611258643       373.21349398684686        3.704440807983676       376.91793479483056
                       18   -5.459361156108359e-05    6.268007178212171e-08    -0.000823526552294046       3.2749548975914404     0.005634407591727508    -0.002959301683915462   -4.372690699862288e-06        3.742265010651164     0.014144810947382406       1.2771832036390895      0.22664819004229603      0.45280886424463695        0.572529880266093       0.7928704573135708        373.2134922191735       3.7044407759881786       376.91793299516166
                       19   -5.459361143842997e-05    6.268007163560703e-08   -0.0008235265556089681       3.2749549002428804     0.005634407602093787    -0.002959301685278476   -4.372690697994433e-06         3.74226508392569     0.014144810943581736       1.2771832108351138      0.22664818997274477      0.45280886481857335       0.5725298802790583       0.7928704616311215       373.21349403555087        3.704440809684586       376.91793484523544
                       20   -5.999691039277347e-05    1.366115385151642e-07  -0.00044182761998330937        2.846980560892816      0.00382125398259306    -0.002635252084329146   -4.702237657148338e-06       -8.323341868988582    0.0031680931239572597      0.10000000000000009       0.2278731854809305      0.37008072929391184       0.5705985376169153       0.3577586432797064        2319.872034326296       25.597708340322015        2345.469742666618
                       21   -5.729526105449173e-05    9.964580502098069e-08   -0.0006326770882492409       3.0609677308851087     0.004727830794166035    -0.002797276885137719   -4.537464177153679e-06      -2.2905383821782705     0.008656452073164792       0.6885916063953634      0.22726068772983815      0.41144479709484116       0.5715642089491275       0.5753145525549721        323.6683953825006        8.339776518512144       332.00817190101276
                       22   -5.594443638535086e-05    8.116293827388893e-08   -0.0007281018223822069       3.1679613158812554     0.005181119199952523   -0.0028782892855420063    -4.45507743715635e-06       0.7258633612268851     0.011400631547768558       0.9828874095930447      0.22695443885429195       0.4321268309953059       0.5720470446152336        0.684092507192605       307.78588091530867        4.444284151071917        312.2301650663806
                       23   -5.661984871992132e-05     9.04043716474346e-08   -0.0006803894553157241        3.114464523383182     0.004954474997059278    -0.002837783085339863   -4.496270807155015e-06      -0.7823375104756926     0.010028541810466675       0.8357395079942043      0.22710756329206505      0.42178581404507354       0.5718056267821805       0.6297035298737885        297.0404300973391        5.997574206169969       303.03800430350907
                       24   -5.661984884327209e-05    9.040437179836486e-08    -0.000680389455839147        3.114464523121954     0.004954474996061959    -0.002837783084498256  -4.4962708071077775e-06      -0.7823375299512738     0.010028541740682306       0.8357395085923804      0.22710756328685977       0.4217858140036872       0.5718056267816002       0.6297035290114561       297.04042943299766        5.997574192841693       303.03800362583934
                       25  -5.6619848834429606e-05    9.040437178376476e-08    -0.000680389454574279       3.1144645228886367     0.004954474994916655     -0.00283778308447755   -4.496270807375839e-06      -0.7823375179778819     0.010028541821947725       0.8357395075704916      0.22710756331573884       0.4217858139728432       0.5718056267808673       0.6297035293156732       297.04042995359606        5.997574210372775        303.0380041639688
                       26   -5.661984874857565e-05    9.040437165731354e-08   -0.0006803894550769303       3.1144645230960837     0.004954474995579197   -0.0028377830851227617   -4.496270807472446e-06      -0.7823375162119937     0.010028541802449064       0.8357395079018115       0.2271075632877959       0.4217858140172267       0.5718056267817823       0.6297035298438836         297.040430061933        5.997574207546456        303.0380042694795
                       27   -5.661984869374727e-05     9.04043716833795e-08   -0.0006803894545551103        3.114464522668811     0.004954474992615116   -0.0028377830842449426  -4.4962708080629985e-06      -0.7823375214811878     0.010028541789850059       0.8357395089185382      0.22710756328632303      0.42178581401501286       0.5718056267827347       0.6297035304558003         297.040429967217        5.997574195850618        303.0380041630676
                       28  -5.6619848329593036e-05    9.040437215594998e-08   -0.0006803894505413818        3.114464519045736     0.004954474972414237    -0.002837783078857433  -4.4962708118827825e-06      -0.7823376018424607     0.010028541660828361       0.8357395077237075      0.22710756330831944       0.4217858136204761       0.5718056267774853       0.6297035302541625        297.0404295168321         5.99757421498358       303.03800373181565
                       29   -5.661984830689944e-05     9.04043717014878e-08   -0.0006803894516861839        3.114464520862377    0.0049544749821752295    -0.002837783081899218   -4.496270810231782e-06      -0.7823375548947823     0.010028541714364283       0.8357395087346686      0.22710756332383558       0.4217858138235779       0.5718056267803258       0.6297035296946545        297.0404297412528        5.997574195256811        303.0380039365096
                       30  -5.6619848689587406e-05    9.040437166685368e-08   -0.0006803894544556344       3.1144645229708274     0.004954474994967114    -0.002837783084388606   -4.496270807410748e-06      -0.7823375142326746     0.010028541761963923       0.8357395080140066       0.2271075632771597       0.4217858139981129       0.5718056267818721       0.6297035298574691        297.0404300408226        5.997574205299777        303.0380042461224
                       31   -6.522073253039935e-06    1.461799220555607e-07    0.0003313472570479494        2.399151203213403                    0.001   -0.0016261386524861253   -5.190769436422426e-06       -12.62829313081594    -0.031195222543498043       0.9449862890379261      0.22190949568711182       0.3527754767830018       0.5712373416416512       0.6597283784829013       35291.632754961814         9.49618278268301         35301.1289377445
                       32   -3.157096098648063e-05   1.1829214685149775e-07  -0.00017452109913388704       2.7568078632982926    0.0029772374985296383    -0.002231960868912994  -4.8435201217887206e-06       -6.705315320645816    -0.010583340366515684       0.8903628985160652      0.22450852948958844      0.38728064541403767       0.5715214842119158       0.6447159541783449        349.1341696537524        6.522109644849447        355.6562792986018
                       33   -4.409540485320095e-05   1.0434825924946607e-07   -0.0004274552772248056       2.9356361933407373     0.003965856247794459   -0.0025348719771264286   -4.669895464471868e-06      -3.7438264155607546   -0.0002773992780245038       0.8630512032551347      0.22580804639082674      0.40453322972955563       0.5716635554970482       0.6372097420260667        276.5400740813727        5.953649713115446        282.4937237944882
                       34   -4.409540486146918e-05   1.0434825950555928e-07   -0.0004274552755214481       2.9356361924271095    0.0039658562443516355   -0.0025348719740543057   -4.669895464721451e-06      -3.7438264296711647   -0.0002773993213078304       0.8630512053674804       0.2258080464316498       0.4045332296277524       0.5716635554966933       0.6372097417373075        276.5400734659504        5.953649685141853       282.49372315109224
                       35   -4.409540478370814e-05   1.0434825948004241e-07  -0.00042745527320551765       2.9356361909059405      0.00396585623520425   -0.0025348719725044916   -4.669895466582695e-06      -3.7438264481621255   -0.0002773993769758004       0.8630512037166425      0.22580804641529073       0.4045332294881311       0.5716635554953959       0.6372097424079106        276.5400739006621        5.953649715493717        282.4937236161558
                       36    -4.29197158598544e-05    1.134491094824941e-07   -0.0003194460519543253       2.8723749028130894     0.003662238281844252    -0.002390248643590339   -4.714790149624634e-06       -4.625307651459034   -0.0029612160559918284       0.9106068758973533      0.22702401498694308       0.3980548749893216       0.5716254886049457       0.6392071381696747        268.9850513582298        5.550823512440154       274.53587487066994
                       37  -4.2919715944544196e-05   1.1344910942658273e-07    -0.000319446052986092       2.8723749036182276     0.003662238287165106    -0.002390248644690843   -4.714790148756608e-06       -4.625307638557477    -0.002961216009208176       0.9106068760527108       0.2270240150156293      0.39805487505823767       0.5716254886057835       0.6392071382082971        268.9850513050242        5.550823506451507       274.53587481147565
                       38  -4.2919715846736746e-05    1.134491095059387e-07  -0.00031944605096835576       2.8723749022782528    0.0036622382799447314   -0.0023902486425171877   -4.714790150108934e-06         -4.6253076597113    -0.002961216085051848       0.9106068761115371      0.22702401501337852      0.39805487492598257        0.571625488604763       0.6392071383935107       268.98505132803405        5.550823512072975         274.535874840107
                       39  -4.2919715823370997e-05   1.1344910945279459e-07  -0.00031944605160110395        2.872374902664693    0.0036622382822668513   -0.0023902486432509367  -4.7147901498173486e-06       -4.625307655884436   -0.0029612160774444016       0.9106068760609325      0.22702401499445266       0.3980548749585192       0.5716254886050318        0.639207138285709       268.98505133926875        5.550823510953956        274.5358748502227
                       40   -4.291971578291253e-05   1.1344910937577346e-07  -0.00031944605043189036        2.872374902225327    0.0036622382822514496    -0.002390248642594833   -4.714790150395732e-06       -4.625307661964911    -0.002961216102364341       0.9106068763851529      0.22702401498590252        0.398054874885066       0.5716254886050895       0.6392071384663831       268.98505130860394        5.550823508330207       274.53587481693415
                       41   -4.291971585784196e-05   1.1344910942635318e-07  -0.00031944604981348963       2.8723749018559435    0.0036622382817684635   -0.0023902486415926616   -4.714790150466175e-06       -4.625307667798957    -0.002961216127649162       0.9106068764758413      0.22702401496969354       0.3980548748317969       0.5716254886048528       0.6392071384525551       268.98505130443476        5.550823508283994       274.53587481271876
                       42   -4.291971584520748e-05   1.1344910943601465e-07   -0.0003194460507742428       2.8723749023238057    0.0036622382826811293   -0.0023902486425424895   -4.714790149996993e-06       -4.625307659741561   -0.0029612160989472263       0.9106068757874011       0.2270240149828626      0.39805487488879737       0.5716254886046983       0.6392071382127291        268.9850513208054        5.550823514310562        274.5358748351159
                       43    -4.29197157569197e-05    1.134491093080356e-07   -0.0003194460460423591        2.872374900094153     0.003662238281139157    -0.002390248638561242   -4.714790151913123e-06       -4.625307693310457   -0.0029612162611253995         0.91060687582541      0.22702401499907104      0.39805487451348126       0.5716254886032592       0.6392071379872428           268.9850512298       5.5508235160313575       274.53587474583134
                       44  -1.9971711054554296e-05    6.787451706107617e-08    0.0009068980716836921        2.339486546338992    0.0038686908497979743   -0.0013400636821942074   -5.193554719911293e-06      -13.516069131499297     -0.04525790891723939        1.023007830892595       0.2271356193718788      0.30212850291599214       0.5714487148116661       0.7216073386720563       251.95301179262614        8.200292143320256        260.1533039359464
                       45   -3.144571345720435e-05    9.066181327178524e-08    0.0002937260098646835       2.6059307245760404    0.0037654645658211127   -0.0018651561628922734   -4.954172434767964e-06       -9.070688391479164     -0.02410956248661561       0.9668073533949741      0.22707981717941095      0.35009168895265685       0.5715371017083059        0.680407238420865       255.52301030775737        6.112276356506522        261.6352866642639
                       46  -2.5708712255879322e-05     7.92681651664306e-08    0.0006003120407741876        2.472708635457516     0.003817077707809543   -0.0016026099225432402   -5.073863577339629e-06      -11.293378761489231      -0.0346837357019275       0.9949075921437844      0.22710771827564488       0.3261100959343245        0.571492908259986       0.7010072885464611       252.24089461074118       6.9654638820699715       259.20635849281115
                       47  -2.5708712051220495e-05    7.926816377423031e-08    0.0006003120597338812        2.472708629320941    0.0038170777442376007    -0.001602609908550499   -5.073863582441833e-06      -11.293378870209924     -0.03468373634543612       0.9949075934268319      0.22710771832309945       0.3261100943468823       0.5714929082604419       0.7010072886683396        252.2408937638597        6.965463921786759        259.2063576856465
                       48  -2.5708712063508084e-05    7.926816496326064e-08    0.0006003120480798712        2.472708632317654      0.00381707770957738    -0.001602609915850785   -5.073863579967818e-06      -11.293378814606411     -0.03468373596743825       0.9949075929534326      0.22710771831032622       0.3261100953604237       0.5714929082589666       0.7010072884885279       252.24089447379464        6.965463903070937        259.2063583768656
                       49  -2.5708712273399704e-05    7.926816511059419e-08    0.0006003120412077761       2.4727086353089707     0.003817077708407012   -0.0016026099223953928   -5.073863577477027e-06      -11.293378762705187     -0.03468373572424536       0.9949075921789332      0.22710771828235526      0.32611009589854356       0.5714929082600503       0.7010072884759966        252.2408946021771        6.965463882773541        259.2063584849506
                       50  -2.1485404025471406e-05    6.717041085038761e-08    0.0008475150844672417        2.376299935876043     0.004028717253257908    -0.001399377978266536   -5.154889011839573e-06      -12.898101409252435     -0.04371328619822116        1.018393669405885       0.2282703076869001      0.30621606012919456       0.5714759802241001       0.6977698701921513       248.60590318051464        7.727536501078706       256.33343968159335
                       51  -2.1485404036928658e-05    6.717041091658853e-08    0.0008475150833404067       2.3762999363514616    0.0040287172530132165   -0.0013993779790116257  -5.1548890113221635e-06      -12.898101401611536     -0.04371328616933135       1.0183936693141606      0.22827030768270923        0.306216060213948       0.5714759802242884       0.6977698701759483       248.60590317343926        7.727536497672056        256.3334396711113
                       52  -2.1485404067200884e-05    6.717041087349764e-08     0.000847515083060866       2.3762999365410478     0.004028717253895197   -0.0013993779795869919   -5.154889011186236e-06      -12.898101397252704     -0.04371328615968995        1.018393669249619       0.2282703076849832      0.30621606023508097       0.5714759802244789       0.6977698701421424       248.60590318110403        7.727536495665817       256.33343967676984
                       53   -2.148540404830877e-05    6.717041076658492e-08    0.0008475150851697025       2.3762999356708097     0.004028717254820805   -0.0013993779779703163    -5.15488901177336e-06      -12.898101407873916     -0.04371328626634038       1.0183936694429603      0.22827030769168832      0.30621606006753943       0.5714759802245225       0.6977698701899344       248.60590315909104        7.727536506687555        256.3334396657786
                       54  -2.1485403995810453e-05    6.717041079516403e-08    0.0008475150858290373        2.376299935398361     0.004028717254082687   -0.0013993779772630784   -5.154889012049839e-06      -12.898101412549071     -0.04371328626782637        1.018393669511067       0.2282703076835909       0.3062160600308813       0.5714759802242783       0.6977698702852901         248.605903163218        7.727536508564027         256.333439671782
                       55  -2.1485404009671924e-05    6.717041085555345e-08    0.0008475150849710886        2.376299935739832    0.0040287172524937015   -0.0013993779781025467  -5.1548890116977066e-06      -12.898101403779078    -0.043713286232387495       1.0183936694574078       0.2282703076831584      0.30621606011566194       0.5714759802243878       0.6977698702286235       248.60590316593763         7.72753650438595       256.33343967032357
                       56   -2.148540400498123e-05    6.717041086041881e-08    0.0008475150859941283       2.3762999353898966     0.004028717252232319   -0.0013993779774632447   -5.154889011552512e-06       -12.89810140043143      -0.0437132862878675        1.018393669580095      0.22827030770677567       0.3062160600662085       0.5714759802247311       0.6977698701773738        248.6059031493704        7.727536508604728       256.33343965797513
                       57  -2.1485404073432553e-05    6.717041090140652e-08    0.0008475150826494236       2.3762999367189406     0.004028717253773285   -0.0013993779801039956   -5.154889010885837e-06       -12.89810139226572    -0.043713286138722385       1.0183936691965925      0.22827030768234602      0.30621606028038506        0.571475980224614       0.6977698700848034       248.60590318546062        7.727536492943322        256.3334396784039
                       58  -1.7111941562854857e-05    6.370981351832047e-08    0.0011105288605425417       2.3096181529097963     0.003944916426078813   -0.0012982628598104092   -5.069304591644032e-06      -10.415014743051332     -0.06384639634542702       1.0417757402749144      0.22816969916347424      0.29560065758285425       0.5716440488741856       0.7108132588584963         243.269664528391       10.011102245000703        253.2807667733917
                       59  -1.7111941687086537e-05    6.370981360258627e-08    0.0011105288560412812        2.309618155538499      0.00394491643107737   -0.0012982628651841232   -5.069304588083311e-06      -10.415014672906965      -0.0638463962607287       1.0417757397521252      0.22816969916452978       0.2956006579988094       0.5716440488769245       0.7108132585509424       243.26966450421838       10.011102221534724        253.2807667257531
                       60  -1.7111941557372806e-05    6.370981351153891e-08    0.0011105288607447393        2.309618152731147     0.003944916426376122   -0.0012982628597181223   -5.069304591753779e-06       -10.41501474667348     -0.06384639634704344       1.0417757402880936       0.2281696991597459      0.29560065756828957       0.5716440488740787       0.7108132588452651       243.26966452576934        10.01110224542315        253.2807667711925
                       61  -1.7111941547144226e-05    6.370981349163745e-08    0.0011105288616092843       2.3096181523309474     0.003944916426594456   -0.0012982628595514126   -5.069304591554354e-06      -10.415014743346028      -0.0638463964028629       1.0417757403279133      0.22816969916801777       0.2956006575329261       0.5716440488744813       0.7108132588861711       243.26966451550004       10.011102253201814       253.28076676870185
                       62   -1.711194153387462e-05     6.37098135095416e-08     0.001110528861506471       2.3096181523587567    0.0039449164267978355   -0.0012982628596002767   -5.069304591345016e-06      -10.415014741938638     -0.06384639641105519       1.0417757402947778      0.22816969916056457      0.29560065754404774       0.5716440488746246       0.7108132588911964       243.26966451538337        10.01110225453767       253.28076676992103
                       63   -1.400684517767649e-05    5.999853476711924e-08     0.001272868726372475       2.2133487885885605     0.004073692731391196   -0.0012660481262295696   -5.050744662842749e-06      -10.618491305441236     -0.07252378738442798       1.0483010178319638      0.22813149170067715       0.2882218822791345       0.5716882911237939       0.7128206539610602       241.43535834021841       11.341513897798487        252.7768722380169
                       64  -1.3978091989166278e-05    5.999853470299736e-08     0.001272867655312173        2.213348788147708     0.004073692730919894   -0.0012660481282039538   -5.050744661524873e-06      -10.618491297727793     -0.07252378740878378       1.0483010168779245       0.2281314916342096       0.2882218823599568       0.5716882911249176       0.7128206555059915       241.43517099285438       11.341573110475586       252.77674410332997
                       65  -1.4006727636153426e-05    5.999853446140408e-08    0.0012728662666090056       2.2133487880655447    0.0040736927306601394   -0.0012660481283591797   -5.050744661581846e-06      -10.618491308110348     -0.07252378743468267       1.0483010168716702       0.2281314916345834       0.2882218823598247       0.5716882911249154       0.7128206553638154       241.43535680656183       11.341514340714172         252.776871147276
                       66  -1.3896593706153146e-05    5.999851239562448e-08    0.0012726867626063135       2.2133487491437815     0.004073692676769216    -0.001266048287474756   -5.050744566845732e-06      -10.618491471487049     -0.07252379111082677       1.0483009448970033       0.2281314866779685       0.2882218884099425       0.5716882912089991       0.7128207610366761       241.43481293912382       11.341755524368727       252.77656846349254
                       67  -1.3896731315428466e-05    5.999847584085292e-08     0.001272690221652923       2.2133487036917727     0.004073692627109059   -0.0012660484848834735   -5.050744449548235e-06      -10.618489958761671     -0.07252379146197123       1.0483008573365244      0.22813148103043382      0.28822189578449975       0.5716882913146484       0.7128209192653641        241.4348103945419       11.341756466439884       252.77656686098177
                       68   -1.393729300511339e-05    5.999620682080993e-08    0.0012726789149456448       2.2133458659470957     0.004073689512767603   -0.0012660607955813183   -5.050737133465131e-06      -10.618397338984058     -0.07252381758658079       1.0482953953302292      0.22813112837660598       0.2882223558304863       0.5716882979024364       0.7128307533276388       241.43474626570813       11.341766525714815       252.77651279142293
                       69  -1.3837922419449793e-05    5.993486807379807e-08    0.0012723031840709072        2.213269128463085     0.004073605296054653   -0.0012663936966868673   -5.050539285099609e-06      -10.615893218468624     -0.07252452535705681        1.048147689906167      0.22812159157065606      0.28823479664814405       0.5716884760516794        0.713096666738827       241.43003435537634       11.344505093876148       252.77453944925247
                       70  -1.3896555041006324e-05    5.999861282905648e-08    0.0012726867470587628        2.213348608364284     0.004073692574230073    -0.001266048816896963   -5.050744125868293e-06      -10.618486689359315      -0.0725237924177456       1.0483006907302856       0.2281314710531856       0.2882219125554137       0.5716882915682703       0.7128208105764289       241.43480693441018       11.341757885580785       252.77656481999097
                       71  -1.9861259605919042e-05    6.263143513192627e-08    0.0012718954126751565        2.209657752477689     0.004071004189358714   -0.0012799288621520304   -5.039183035329348e-06      -10.493116341320931     -0.07255806307449557       1.0416372191267378      0.22772184329891487       0.2888549372929735       0.5716977106116866       0.7141187096955326       242.25836983502484       11.390335895393203       253.64870573041804
                       72  -1.3908036920716894e-05    5.999867306823656e-08    0.0012726618496050788        2.213348096029403     0.004073692141873633   -0.0012660508566061414   -5.050742619513631e-06      -10.618470135477645     -0.07252379735159653        1.048299832122448      0.22813142584041868       0.2882219996152832       0.5716882928484783        0.712819982742869        241.4348213142569       11.341736638316831       252.77655795257374
                       73   -1.398518780161822e-05    6.044339407448676e-08    0.0012719947606069548       2.2124028648349423    0.0040729476646253066   -0.0012696932025923026   -5.047865876618227e-06      -10.586563483930155     -0.07253256002981584       1.0465752231966423      0.22802450886168368       0.2883826942064164       0.5716906701261268       0.7136241486015171       241.40414074160648        11.35949295438633        252.7636336959928
                       74  -1.3985187811045954e-05    6.044339411734705e-08    0.0012719947605325953        2.212402864660914     0.004072947664508169    -0.001269693203225681   -5.047865876106336e-06      -10.586563480401573     -0.07253256003073583       1.0465752229739822      0.22802450885663783      0.28838269622720825       0.5716906702152156       0.7136241486483286       241.40414071486765       11.359492948521975        252.7636336633896
                       75  -1.3985187806224019e-05    6.044339408562291e-08    0.0012719947605913532       2.2124028647547034     0.004072947664601525   -0.0012696932027872919   -5.047865876122229e-06        -10.5865634829945      -0.0725325600299191       1.0465752230762415      0.22802450886815398       0.2883826942513119       0.5716906701362345       0.7136241485519665       241.40414073944598       11.359492954474796       252.76363369392078
                       76  -1.3985187819212923e-05    6.044339410133643e-08    0.0012719947605774108       2.2124028644753007     0.004072947664546067   -0.0012696932036057942   -5.047865874165458e-06      -10.586563480222072      -0.0725325600289954       1.0465752226427114      0.22802450884833153      0.28838269441132225       0.5716906701951184       0.7136241482327925       241.40414073122486       11.359492954252556        252.7636336854774
                       77   -1.398518780639863e-05    6.044339408250943e-08    0.0012719947606979263        2.212402864786247    0.0040729476648539405   -0.0012696932032776173   -5.047865874065086e-06       -10.58656347935901      -0.0725325600236614       1.0465752227220122       0.2280245088566663      0.28838269438120456       0.5716906703503074       0.7136241482977121       241.40414073416608        11.35949295294922        252.7636336871153
                       78  -1.3985187797081809e-05    6.044339405719882e-08    0.0012719947606128555       2.2124028649080674     0.004072947664633236    -0.001269693202620823   -5.047865876312503e-06      -10.586563484396702      -0.0725325600300901       1.0465752230464163      0.22802450886294923      0.28838269421858564       0.5716906702345351       0.7136241485463817       241.40414073945828       11.359492954965358       252.76363369442365
                       79  -1.3985187786943597e-05    6.044339403141874e-08     0.001271994760593401       2.2124028651263394     0.004072947664678234   -0.0012696932021845403   -5.047865875125137e-06       -10.58656348667187     -0.07253256003281808        1.046575222856035      0.22802450886150727       0.2883826942819264       0.5716906705446643       0.7136241484140546         241.404140735957       11.359492955642875       252.76363369159986
                       80  -1.3985187807738812e-05    6.044339405996544e-08    0.0012719947606091029        2.212402864860052     0.004072947664609545   -0.0012696932025188109   -5.047865876191916e-06      -10.586563484412585       -0.072532560030214       1.0465752231491816      0.22802450886179437       0.2883826941960239        0.571690670293425       0.7136241485779546        241.4041407406538       11.359492954569754       252.76363369522355
                       81   -1.450926684753225e-05   5.9053675144434556e-08     0.001271630752073935        2.212901652734876     0.004072696457246825    -0.001287932308287244   -4.900242813675243e-06      -10.545137221117585     -0.07256626125036755       1.0141988385492886      0.22809866608685203       0.3028907313889402                    0.599       0.6969791086838262       240.87870219787632       11.444097182540055       252.32279938041637
                       82  -1.4536563708421899e-05    5.905367107739633e-08    0.0012716322145264755        2.212901652253624     0.004072696455699494   -0.0012879323110376664   -4.900242812550095e-06      -10.545137206877337     -0.07256626122661579        1.014198838652461      0.22809866606155396       0.3028907314770262                    0.599       0.6969790982861586        240.8787109418184       11.444040970664997        252.3227519124834
                       83  -1.4509394564831606e-05   5.9053671257572944e-08    0.0012716335172533785         2.21290165232267     0.004072696455921652    -0.001287932310936909   -4.900242812475219e-06      -10.545137196990733     -0.07256626120234153       1.0141988386526548        0.228098666060353      0.30289073147872947                    0.599       0.6969790983089768        240.8787019926421       11.444096637404161       252.32279863004626
                       84  -1.4562140958081444e-05    5.905351402995969e-08     0.001271742865221632        2.212901635561031     0.004072696402035479   -0.0012879324180799705   -4.900242764161603e-06      -10.545136240311127     -0.07256625930605803       1.0141988428251885      0.22809866499269493        0.302890735100526                    0.599       0.6969786794379083       240.87874901755177       11.443977127991076       252.32272614554284
                       85  -1.4561668101718383e-05   5.9053418419731296e-08     0.001271733507229816       2.2129016242677624     0.004072696362431161    -0.001287932484404751   -4.900242734343425e-06      -10.545136239797055     -0.07256625956825939        1.014198845337276      0.22809866418204072       0.3028907373827115                    0.599       0.6969784057269814       240.87874675573275       11.443976915048154        252.3227236707809
                       86  -1.4554217119220345e-05   5.9052706456994986e-08      0.00127174341625293         2.21290154129329     0.004072696074597889   -0.0012879329772759786   -4.900242512024245e-06      -10.545135624844152     -0.07256626003693648       1.0141988640617585       0.2280986583048575      0.30289075432590895                    0.599       0.6969763850661543       240.87873104211727        11.44397744376961       252.32270848588686
                       87  -1.4561648092676705e-05     5.89821173519168e-08    0.0012718263878850463       2.2128933008753724    0.0040726674553129665   -0.0012879818551209175  -4.9002204739221785e-06      -10.545081556154372     -0.07256632327304825       1.0142007201578482       0.2280980739249189       0.3028924346873896                    0.599       0.6967758590613791       240.87884140962404        11.44256630469844       252.32140771432248
                       88   -1.456212545842704e-05   5.9053535747367134e-08    0.0012717429574214292        2.212901628318856     0.004072696392811073   -0.0012879324230722115   -4.900242698356829e-06      -10.545136102348685     -0.07256625942567058       1.0141988403316133       0.2280986648411681       0.3028907375616433                    0.599       0.6969785714261798        240.8787492775176       11.443976594893394         252.322725872411
                       89  -1.4476034619914711e-05    5.892951188766722e-08    0.0012720065256819403       2.2128680007752406      0.00407261079110221   -0.0012880575282068752   -4.900061829763223e-06       -10.54473921236311     -0.07256664497874148       1.0141983364311786      0.22809698901442604       0.3028995222250463                    0.599       0.6962938780493229       240.88071255563864       11.439765991807398       252.32047854744604
                       90  -1.4503342598354491e-05    5.892951172696474e-08     0.001272004916100734       2.2128680004146237    0.0040726107903218105   -0.0012880575288942784   -4.900061827614512e-06      -10.544739218705654      -0.0725666450136758       1.0141983360927662      0.22809698901033007      0.30289952231446704                    0.599       0.6962938782568502        240.8807242310988       11.439710061546652       252.32043429264547
                       91  -1.4476025219108135e-05    5.892951194663469e-08    0.0012720063453528748       2.2128680004902868     0.004072610790571523   -0.0012880575287646133   -4.900061827551396e-06      -10.544739207878706     -0.07256664498701058        1.014198336091963       0.2280969890096834      0.30289952231516193                    0.599       0.6962938784172508       240.88071251216775        11.43976602979735        252.3204785419651
aborted minimisation     
Minimisation aborted as it proceeded too slow                
 restart
                       92  -1.4503342598354491e-05    5.892951172696474e-08     0.001272004916100734       2.2128680004146237    0.0040726107903218105   -0.0012880575288942784   -4.900061827614512e-06      -10.544739218705654      -0.0725666450136758       1.0141983360927662      0.22809698901033007      0.30289952231446704                    0.599       0.6962938782568502        240.8807242310988       11.439710061546652       252.32043429264547
                       93  -1.4532636981744434e-05    5.892951165132851e-08      0.00127200289348129       2.2128679995587968     0.004072610788611103   -0.0012880575305495886   -4.900061821670081e-06      -10.544739218144086     -0.07256664507232631       1.0141983351715687      0.22809698899813302      0.30289952255867425                    0.599       0.6962938790846902       240.88077938043068       11.439650100143307       252.32042948057398
                       94  -1.4503317580853655e-05    5.892951188678313e-08    0.0012720044407376046        2.212867999639816     0.004072610788879655   -0.0012880575304112657   -4.900061821599121e-06       -10.54473920639858     -0.07256664503916939         1.01419833517026      0.22809698899745717      0.30289952255954444                    0.599        0.696293879259331       240.88072411521955       11.439710163117686       252.32043427833725
                       95  -1.4503342598842421e-05   5.8929511726675904e-08     0.001272004916100081       2.2128680003669396      0.00407261079029931   -0.0012880575291524003  -4.9000618251941745e-06      -10.544739218705166     -0.07256664501372324       1.0141983353578974      0.22809698900961478      0.30289952256407526                    0.599       0.6962938782604366        240.8807242219892         11.4397100664124        252.3204342884016
                       96  -1.4503342602823356e-05   5.8929511718757416e-08    0.0012720049160947731       2.2128680001496486      0.00407261079019061   -0.0012880575303263594  -4.9000618149171026e-06      -10.544739218756792     -0.07256664501406038       1.0141983356612299      0.22809698900773714      0.30289952365456413                    0.599       0.6962938779818861       240.88072421938796       11.439710054871542        252.3204342742595
                       97  -1.4503342616270786e-05   5.8929511494950136e-08    0.0012720049160740603       2.2128679997254084     0.004072610789785086   -0.0012880575359102266   -4.900061808711016e-06      -10.544739219097503     -0.07256664501525299       1.0141983347310881        0.228096988991838      0.30289952481961063                    0.599       0.6962938774983396        240.8807242095154       11.439710050006662       252.32043425952205
                       98  -1.4503342606199936e-05    5.892951168843321e-08    0.0012720049160862405       2.2128680003529437     0.004072610790177089   -0.0012880575287924256   -4.900061824872561e-06       -10.54473921890715     -0.07256664501452852       1.0141983356367232      0.22809698902144027       0.3028995224213894                    0.599         0.69629387798485       240.88072422675313        11.43971006293502       252.32043428968814
                       99  -1.4503342609509805e-05    5.892951162856281e-08    0.0012720049161260422       2.2128680004856225     0.004072610790226782   -0.0012880575283850905  -4.9000618230965635e-06      -10.544739217962253     -0.07256664501248275       1.0141983356262871      0.22809698898566216      0.30289952238290946                    0.599        0.696293877965724       240.88072422617438       11.439710062904679       252.32043428907906
                      100  -1.4503342618300001e-05   5.8929511510307055e-08     0.001272004916177305        2.212868000645863     0.004072610790220898     -0.00128805752803309    -4.90006181994893e-06       -10.54473921668864     -0.07256664500989636       1.0141983355263275      0.22809698902811965      0.30289952241889245                    0.599       0.6962938779528658       240.88072422565716       11.439710061395916       252.32043428705308
                      101  -1.4503342607209706e-05    5.892951165525472e-08    0.0012720049160871395       2.2128680004460612      0.00407261079011621   -0.0012880575279482337  -4.9000618254676975e-06      -10.544739218829886     -0.07256664501454317        1.014198336421267      0.22809698901203154      0.30289952236860396                    0.599       0.6962938782207111        240.8807242330317       11.439710058482719       252.32043429151443
                      102  -1.4900289896805159e-05    5.569204898658746e-08    0.0012722604552763582       2.2111050009104734     0.004066750103707692    -0.001296365838152072   -4.675297118805534e-06      -10.532776376417404      -0.0725581494339896       0.9939700465881649      0.22809013839732734      0.31739056554384215                    0.599        0.685435042831319       240.73235698634312        11.45419895631417        252.1865559426573
aborted minimisation     
Minimisation aborted as it proceeded too slow               
 finished