                   sim_nr                 advtheta                     advq                   advCO2               deltatheta               gammatheta                   deltaq                   gammaq                 deltaCO2                 gammaCO2                  sca_sto                    alpha                    FracH                       wg                      R10                     data               background                    Costf
                        1   0.00012469158448641976    3.675174848982227e-07   -0.0024156568306979813         4.81171698540497     0.004999438099803162    -0.004749418199540745   -6.489039744861802e-07       -83.39512931311955      0.04705190722364941       0.8188012442518093      0.28058897173036634       0.9491826474035564       0.3226356915417008      0.03828476241653814        44129.83273200475                      0.0        44129.83273200475
                        2   0.00012467099572696292   3.6751748333582323e-07    -0.002415634385914386        4.811716985445511     0.004999438099808641    -0.004749418200083734   -6.489039746087802e-07       -83.39512917281223      0.04705190742810358       0.8188012439721384      0.28058897172985947       0.9491826474025448      0.32263569154195637     0.038284768307942585        44129.26096635658    1.402443859275866e-09       44129.260966357986
                        3   0.00012469393660585827   3.6751748262069915e-07   -0.0024156156828971306        4.811716985474801     0.004999438099654291    -0.004749418200495764   -6.489039748157537e-07       -83.39512902625405     0.047051907754696407       0.8188012437248195       0.2805889717045185       0.9491826474030379      0.32263569154171295       0.0382847715660688        44129.29439895382   1.1545153736215053e-10       44129.294398953934
                        4   0.00012469158452090392   3.6751748395657006e-07   -0.0024156568327513106        4.811716985323415     0.004999438099527106    -0.004749418200087759    -6.48903974697842e-07       -83.39512929254856      0.04705190732327133       0.8188012440994001      0.28058897169873454       0.9491826474035074      0.32263569154125993      0.03828476266059955       44129.832703078195   1.6054957791955145e-17       44129.832703078195
                        5   -0.0002900401140135104   1.0666398116232589e-07     0.002367045891204977       4.7891607977640005     0.004923039476558156    -0.004900896695424262   -7.075097824592956e-07        -77.6665622093394      0.07468259021583752       0.7765628043418398      0.27183383642972914       0.9491690244924277       0.3225137262201118      0.10703420881036241        2489.468744246062       3.0922954344821774       2492.5610396805446
                        6  -0.00029004010804507677   1.0666398162374603e-07    0.0023670458879022777        4.789160797842463     0.004923039476756165    -0.004900896695124925   -7.075097823482751e-07        -77.6665622135744      0.07468259016445788       0.7765628043380635       0.2718338364302938        0.949169024491819       0.3225137262203436      0.10703420992747237       2489.4686909519864        3.092295414290124       2492.5609863662767
                        7   -0.0002900401139762298   1.0666398101766494e-07    0.0023670458902425306        4.789160797772282     0.004923039476552856    -0.004900896695452698   -7.075097824736385e-07       -77.66656220846427      0.07468259021114193       0.7765628042643595       0.2718338364131577       0.9491690244914585       0.3225137262201112      0.10703420988329526       2489.4687405277464        3.092295435599391       2492.5610359633456
                        8   -0.0002900401141911974   1.0666398153336846e-07     0.002367045890554851        4.789160797791048     0.004923039476593366   -0.0049008966952815095   -7.075097824212368e-07        -77.6665622080896      0.07468259020400256        0.776562804304793      0.27183383641119396       0.9491690244908695       0.3225137262201895      0.10703420953584075        2489.468742198113        3.092295434448369       2492.5610376325612
                        9   -0.0001256298203496849   1.1306865247773487e-07    0.0018306666850163057        4.797938834781875     0.004931255796221405    -0.004884763816900287   -7.048223023671256e-07       -77.30536048561144      0.06994828816348504       0.7429123448879513      0.26333490561575507       0.9485933937292212       0.3225300373097184       0.6307431498355776        916.4388765015293        6.121183081942414        922.5600595834717
                       10  -0.00012560078084494208   1.1306864027907362e-07    0.0018306642210943642        4.797938839968566     0.004931255800032545     -0.00488476381439593    -7.04822303231691e-07       -77.30535992763717      0.06994828621008624       0.7429123476087023       0.2633349003986114       0.9485933933288916      0.32253003731098023       0.6307430873164828        916.4377141580943        6.121133894524981        922.5588480526193
                       11  -0.00012562982540403094   1.1306863877169972e-07      0.00183066406426335        4.797938840417306     0.004931255800317092    -0.004884763814287575   -7.048223033444274e-07       -77.30535987289284       0.0699482860220774       0.7429123478963244      0.26333489989138115       0.9485933932887383        0.322530037311206       0.6307430811833932        916.4387577359364        6.121180842029563         922.559938577966
                       12  -0.00012562979408794185     1.13068478759436e-07    0.0018306675004007011       4.7979389063639095     0.004931255848240329    -0.004884763783588311   -7.048223147262735e-07       -77.30535249259994      0.06994826138660054       0.7429123826696298      0.26333483303862026       0.9485933881426478      0.32253003732907415       0.6307422858818379        916.4374637426599        6.121171298590237        922.5586350412501
                       13  -0.00012562817213048787   1.1306867504179642e-07    0.0018306666975269172        4.797938848857834     0.004931255811162193    -0.004884763786796149   -7.048222974853049e-07       -77.30535909676198      0.06994828357164819       0.7429123463571523       0.2633348952255006        0.948593392756834      0.32253003732958874       0.6307431378172286        916.4386746604691        6.121180042243888         922.559854702713
                       14   -0.0001193299767532043    8.910083734849444e-08    0.0019262668233316661        4.807840528974247     0.004938456564528311    -0.004880130114991831   -7.065239073743728e-07       -76.20002066448399      0.06624486255867672       0.7481322303425524      0.25329975372764374       0.9478207567103112      0.32253273210210287       0.5114045551435709        819.5037451103242        4.669160737201572        824.1729058475257
                       15  -0.00011932997678225992     8.91008387584119e-08    0.0019262668233258106        4.807840534701009     0.004938456573394627     -0.00488013009771087   -7.065239015471773e-07       -76.20002063255498       0.0662448623305198       0.7481322290344923       0.2532997520745959       0.9478207562869185      0.32253273212117567       0.5114045577208284        819.5037245035269        4.669160763357216        824.1728852668841
                       16  -0.00011932997707439169    8.910083681392347e-08    0.0019262668230698643        4.807840532715261     0.004938456567843081    -0.004880130112984728   -7.065239077218056e-07       -76.20002063432702      0.06624486225414886       0.7481322295895687      0.25329975364445445       0.9478207562876996       0.3225327321149664        0.511404556251434        819.5037425819124       4.6691607398872215        824.1729033217997
                       17  -0.00011932997778658512    8.910083633230393e-08    0.0019262668253511124        4.807840545010881     0.004938456579345835    -0.004880130094302751   -7.065239039637121e-07       -76.20002050151768      0.06624486138270744        0.748132232581491      0.25329975376858493       0.9478207550203477       0.3225327321634265       0.5114045541241818        819.5037371014303        4.669160677614868        824.1728977790451
                       18   -0.0001193299772572059    8.910083666767667e-08    0.0019262668294827675        4.807840538329282     0.004938456565358319    -0.004880130102097147   -7.065239068437321e-07       -76.20002047338468      0.06624486209677637       0.7481322287943086       0.2532997537563745        0.947820755510166      0.32253273213049405       0.5114045538678651        819.5037408221332        4.669160716069427        824.1729015382026
                       19  -0.00016966885434791323     4.26221563562118e-08     0.002048136434226959         5.60716513451267     0.005601865579288331    -0.003871335066132163   -5.638148502214776e-07       -67.46894549810946     0.011528859382479502       0.7218382398216359      0.22956256768563726       0.8611805370908717       0.3253685744511785        0.562251829520017        483.9487714225546        7.642124889725393          491.59089631228
                       20   -0.0001696688546067711   4.2622156401226305e-08    0.0020481364323788947        5.607165136934899      0.00560186557754566    -0.003871335059833834   -5.638148493211665e-07       -67.46894550247728      0.01152885892914731       0.7218382399285193      0.22956256760384758       0.8611805364147078       0.3253685744531829       0.5622518289351994        483.9487688355713        7.642124924036848       491.59089375960815
                       21   -0.0001696688544482454   4.2622156181143005e-08     0.002048136434633867        5.607165136631602     0.005601865577681394   -0.0038713350632605275   -5.638148505001376e-07       -67.46894546551262     0.011528859149107465       0.7218382390965332      0.22956256768415456       0.8611805365039631       0.3253685744511569       0.5622518293603909       483.94877096853975        7.642124914664379        491.5908958832041
                       22  -0.00016966885422336003    4.262215640683091e-08    0.0020481364352634935        5.607165134858564     0.005601865573304968    -0.003871335062785654   -5.638148497827501e-07       -67.46894546157264     0.011528859234307638       0.7218382392112614       0.2295625677434479       0.8611805363542641        0.325368574443924       0.5622518285027072        483.9487708113912        7.642124895301892        491.5908957066931
                       23   -0.0001696688542169499    4.262215653227924e-08     0.002048136434985414       5.6071651309095945     0.005601865565548228     -0.00387133506597491    -5.63814850927342e-07       -67.46894547493244      0.01152885932176547       0.7218382388126772       0.2295625677302535       0.8611805363340188       0.3253685744379302        0.562251828987014        483.9487707123723        7.642124889066907       491.59089560143923
                       24  -0.00016966885433302724   4.2622156690202394e-08    0.0020481364373608106        5.607165128661205     0.005601865544085631    -0.003871335059490865   -5.638148508081733e-07       -67.46894538412991      0.01152885892751225       0.7218382389062488       0.2295625676388559       0.8611805349515462       0.3253685744583582       0.5622518289908198        483.9487696698797        7.642124927711437       491.59089459759116
                       25   -0.0001696681713235844   4.2635525544447403e-08     0.002048262153615979        5.606930362752573     0.005600452531971605   -0.0038710692459320594   -5.638387071307478e-07       -67.46437529142628      0.01151059192187815       0.7218016986130669      0.22956071759687915       0.8610948139248624       0.3253688650738611        0.562230693270636        483.8784622440969        7.643650209115866        491.5221124532128
                       26  -0.00016766155895133332    8.622913805069846e-08    0.0024575975443540373        4.843255783658128                    0.001    -0.003002091467187706   -6.406258092683236e-07      -52.565243733841704    -0.048038992602087674       0.6012536270141378      0.22350843388182046        0.581135354162628       0.3262927532330735      0.49234802175463344        3562.852567143202       20.889534435982846        3583.742101579185
                       27  -0.00016866520664962325    6.442564720345513e-08    0.0022528669892904985        5.225210459085398    0.0033009327896441655   -0.0034367132666599347   -6.022203297449006e-07       -60.01709461597559    -0.018255066609804083       0.6615459334178868      0.22653550078372886       0.7211579456267498        0.325830663842126       0.5272999256373252         393.852466701413       12.196179451877033          406.04864615329
                       28  -0.00016916703049876827    5.352390177983336e-08    0.0021505017117587283        5.416187796799034     0.004451399184466248    -0.003654024166396049   -5.830175899831891e-07       -63.74302005704252    -0.003363103613662294       0.6916920866197616       0.2280490342346831       0.7911692413588107      0.32559961914665225       0.5447758775786706        426.5165163908531        9.401739618056935          435.91825600891
                       29  -0.00016891611857419576    5.897477449164435e-08    0.0022016843505246134        5.320699127942216    0.0038761659870552067    -0.003545368716527992   -5.926189598640449e-07      -61.880057336509054    -0.010809085111733188       0.6766190100188243      0.22729226750920595       0.7561635934927804       0.3257151414943892       0.5360379016079984        402.0474147398738       10.669606396780921        412.7170211366547
                       30  -0.00016879066261190953    6.170021084754974e-08    0.0022272756699075556        5.272954793513807    0.0035885493883496856   -0.0034910409915939636   -5.974196448044727e-07      -60.948575976242324    -0.014532075860768635       0.6690824717183554       0.2269138841464674       0.7386607695597651       0.3257729026682576       0.5316689136226609         394.574347609136        11.40055463978245       405.97490224891845
                       31   -0.0001687279346307664    6.306292902550244e-08    0.0022400713295990275        5.249082626299603    0.0034447410889969256   -0.0034638771291269493   -5.998199872746867e-07       -60.48283529610895    -0.016393571235286356       0.6653142025681213      0.22672469246509813       0.7299093575932575       0.3258017832551918        0.529484419629993       393.11728509387626       11.790282474693111        404.9075675685694
                       32   -0.0001686981235941039    6.306292934975512e-08     0.002240073056857626        5.249082626380554     0.003444741089105149    -0.003463877128937749   -5.998199872201981e-07      -60.482835277242316      -0.0163935712334511       0.6653142027144692      0.22672469249623228       0.7299093575909028      0.32580178325562376       0.5294844191413555        393.0860498922551       11.790226716728377        404.8762766089835
                       33  -0.00016872795469986555    6.306292913942858e-08     0.002240071812756478          5.2490826263113     0.003444741088959407    -0.003463877129048632   -5.998199872535967e-07      -60.482835286179906     -0.01639357125113508       0.6653142027349179      0.22672469249894794       0.7299093575901721       0.3258017832556633       0.5294844189631647       393.11727640281885       11.790282766346872        404.9075591691657
                       34    -0.000147659757218902     6.30647588251087e-08     0.002248083630790958        5.249082848306508    0.0034447406403868945    -0.003463875895392552   -5.998196525097021e-07       -60.48268254989226     -0.01639379216705887       0.6653166463568132      0.22672518943691677       0.7299093126396259       0.3258017901759708       0.5294747187722519       381.87354363762836       11.755880220301277        393.6294238579296
                       35  -0.00014764971645583546    6.306479918352449e-08    0.0022480766493194367       5.2490828506011695     0.003444740622245062   -0.0034638758701030148   -5.998196465304121e-07       -60.48268041411359    -0.016393799676411414       0.6653167009786889       0.2267252002751703       0.7299093116308335       0.3258017903221786          0.5294744715116        381.8734741247902       11.755856829712377        393.6293309545026
                       36   -0.0001476597960104256     6.30651147119087e-08    0.0022480218843372287        5.249082868413464     0.003444740479792318   -0.0034638756722593003   -5.998195997538419e-07       -60.48266367771819     -0.01639385852245903       0.6653171290992186      0.22672528522601343       0.7299093037229164       0.3258017914682811        0.529472533910516        381.8728521848225       11.755830152469585       393.62868233729205
                       37  -0.00014765988875674684    6.306537078131339e-08    0.0022480870074427983        5.249082884122858    0.0034447403669922126   -0.0034638755099118605   -5.998195607912642e-07       -60.48264916503796    -0.016393905282002755       0.6653174808963962      0.22672535521633158       0.7299092972212797       0.3258017924158076       0.5294709619763891       381.87236427108587       11.755852998122329        393.6282172692082
                       38  -0.00014765911126486385    6.306470108715338e-08      0.00224808360571516        5.249082848423954    0.0034447405915394615     -0.00346387591367571   -5.998196639041359e-07      -60.482678750700344    -0.016393805201214293       0.6653167034343384      0.22672520558996967       0.7299093108662237      0.32580179039427903        0.529474676687613       381.87348337909503       11.755880396858974         393.629363775954
                       39  -0.00014636954459395642    6.697739620689956e-08    0.0022659571349945683       5.2493224394220555    0.0034427652878317415   -0.0034613562752882194   -5.992416230312617e-07        -60.2481144157315    -0.017189225392639687       0.6710657052329378      0.22788187771581442       0.7298009087504409       0.3258174181911042       0.5042478123878791          377.91974147039       11.580318928249824       389.50006039863985
                       40   -0.0001463993655710798    6.697739315755173e-08    0.0022659559255900352        5.249322439299655     0.003442765286508012   -0.0034613562765932614   -5.992416235761045e-07       -60.24811435117965    -0.017189225661780064        0.671065705807842      0.22788187798705445       0.7298009087151172      0.32581741819485605       0.5042478171620237        377.9169092417813        11.58037075143628        389.4972799932176
                       41  -0.00014636954508313668    6.697739337249841e-08    0.0022659571620338584        5.249322439368623    0.0034427652866472628    -0.003461356276481657   -5.992416235444349e-07       -60.24811434236446     -0.01718922564530878       0.6710657057884017      0.22788187798449216       0.7298009087158221      0.32581741819482113       0.5042478173454139        377.9197394304117       11.580319036369982        389.5000584667817
                       42  -0.00014636912318160858    6.697650134269846e-08    0.0022659517340965062        5.249322422413144      0.00344276491279459   -0.0034613566521558745   -5.992417852066703e-07       -60.24809130685086    -0.017189305507805258       0.6710658810450554       0.2278819626654922       0.7298008978002033       0.3258174193662484       0.5042493769963405       377.91910680505407        11.58034457133826       389.49945137639236
                       43  -0.00014636956387413798    6.697739664993887e-08    0.0022659571305753247        5.249322439438714    0.0034427652864111834    -0.003461356274830065   -5.992416230249227e-07       -60.24811429266978    -0.017189225810571362       0.6710657067785939       0.2278818781507563       0.7298009086871358       0.3258174181985122       0.5042478163503379        377.9197381127122       11.580319057889135       389.50005717060134
                       44  -0.00014791199504936636    6.111465841166516e-08     0.002252561180424044       5.2492118537582915    0.0034401876682072343   -0.0034638045316903302   -6.003094943100602e-07      -60.086387846941236    -0.017748386004993538       0.6723411350592705      0.22847454454462912       0.7297239685770895       0.3258257228157047       0.5148599546046295        375.5693320658263       11.778090269052726         387.347422334879
                       45  -0.00014791199505306615    6.111465841275551e-08    0.0022525611802413506       5.2492118538415715    0.0034401876677852663   -0.0034638045308725968   -6.003094939826866e-07       -60.08638783646709    -0.017748386048431056       0.6723411359666429      0.22847454484332042       0.7297239685383927      0.32582572282044353       0.5148599548447272        375.5693314757794       11.778090272074325       387.34742174785373
                       46  -0.00014791199503573496    6.111465837044642e-08    0.0022525611799546034        5.249211853702507    0.0034401876671961646   -0.0034638045312850715    -6.00309494234014e-07      -60.086387840621725     -0.01774838607176145       0.6723411357433782      0.22847454453390045       0.7297239685250372       0.3258257228195726       0.5148599548754156       375.56933190995323       11.778090279563328        387.3474221895166
                       47  -0.00014791199494222784    6.111465836384867e-08    0.0022525611802875446        5.249211853785115     0.003440187666157505     -0.00346380453069916   -6.003094940106573e-07       -60.08638781215849      -0.0177483861181415       0.6723411364765366       0.2284745444883234       0.7297239684198874      0.32582572282640637       0.5148599562313807         375.569331727417       11.778090301080251       387.34742202849725
                       48  -0.00014791199496928378    6.111465836241443e-08     0.002252561180635524         5.24921185354549     0.003440187666779058    -0.003463804531984595   -6.003094944553187e-07      -60.086387826679946    -0.017748386042477637       0.6723411354206956       0.2284745445339143       0.7297239684699505       0.3258257228185379       0.5148599544831676        375.5693319612617       11.778090273905917       387.34742223516764
                       49    -0.000147911994879908    6.111465847053057e-08     0.002252561180702756        5.249211852978005    0.0034401876645910965   -0.0034638045320523423   -6.003094944587951e-07       -60.08638781478317    -0.017748386096769556       0.6723411350036006      0.22847454455740934       0.7297239683222605       0.3258257228193093       0.5148599546372541        375.5693318677221       11.778090286831038       387.34742215455316
                       50    -0.000147911995007594    6.111465858085174e-08     0.002252561181126588        5.249211851753612     0.003440187661925816    -0.003463804532111277   -6.003094941235368e-07       -60.08638779032037    -0.017748386123756815        0.672341135175957      0.22847454453808824       0.7297239681229268      0.32582572282313715       0.5148599545841819       375.56933175774907       11.778090292998662       387.34742205074775
                       51   -0.0001479119950289548    6.111465836587943e-08    0.0022525611802357917        5.249211852242858     0.003440187665712675    -0.003463804532199185   -6.003094940241025e-07        -60.0863878223499    -0.017748386048367537       0.6723411352977402      0.22847454455401417       0.7297239683633995      0.32582572282054345       0.5148599549182062        375.5693319317286       11.778090280190328        387.3474222119189
                       52   -0.0001042729487691203    9.833756886029609e-08     0.002424938749143458        4.580294529408318    0.0011863878896019864    -0.003613148644515034   -5.573441918232725e-07      -38.897619093166576     -0.06814540334808644        0.795514352844271       0.2309320946671311       0.5657336541706288      0.32892838657106227       0.5809044664584766       1583.3926904406846       26.793613579201605       1610.1863040198862
                       53  -0.00012609247190924333    7.972611363598073e-08    0.0023387499647837505        4.914753191583305    0.0023132877789046108   -0.0035384765881026825   -5.788268430666663e-07        -49.4920034700539    -0.042946894676540004       0.7339277439517706      0.22970331960588009       0.6477288113738592       0.3273770546933835       0.5478822105315535        358.3642018445855        18.05756758945558        376.4217694340411
                       54  -0.00013700223347930487    7.042038602382305e-08     0.002295655572603897        5.081982522670798    0.0028767377235559225   -0.0035011405598965066   -5.895681686883633e-07       -54.78919565849757    -0.030347640340766757       0.7031344395055206       0.2290889320752546       0.6887263899754744      0.32660138875454414        0.531371082568092       348.07218773650175       14.610757845586257         362.682945582088
                       55  -0.00013154735269427407     7.50732498299019e-08    0.0023172027686938247        4.998367857127052     0.002595012751230267   -0.0035198085739995945   -5.841975058775149e-07       -52.14059956427574     -0.03664726750865338       0.7185310917286456      0.22939612584056734       0.6682276006746668      0.32698922172396383       0.5396266465498218        344.1961613751433        16.25739494660393        360.4535563217472
                       56   -0.0001342747930867895    7.274681792686247e-08      0.00230642917064886        5.040175189898925    0.0027358752373930944     -0.00351047456694805   -5.868828372829391e-07      -53.464897611386654     -0.03349745392471008        0.710832765617083      0.22924252895791097       0.6784769953250707      0.32679530523925393       0.5354988645589565        344.6730449001547       15.414884453365849       360.08792935352056
                       57    -0.000134274792631583    7.274681821661296e-08    0.0023064291729841145        5.040175185112896     0.002735875222018155     -0.00351047456790164   -5.868828361611097e-07       -53.46489741114435    -0.033497454252944134       0.7108327672227848      0.22924252907555864       0.6784769939499734      0.32679530527094103       0.5354988655599593        344.6730437813163       15.414884550045095        360.0879283313614
                       58  -0.00013427479300200787     7.27468179868898e-08    0.0023064291706655637        5.040175188778316    0.0027358752372948813   -0.0035104745671012292   -5.868828368633695e-07       -53.46489760109235       -0.033497453950237       0.7108327661235141      0.22924252896016573       0.6784769951820577       0.3267953052439319       0.5354988644856444        344.6730447705774       15.414884456692336       360.08792922726974
                       59  -0.00013427479296592497    7.274681790999106e-08     0.002306429170375773        5.040175188265794     0.002735875238404275    -0.003510474567101155   -5.868828366011216e-07       -53.46489759893133    -0.033497453949494396       0.7108327660195288      0.22924252894450786       0.6784769951360842       0.3267953052454735       0.5354988649609425        344.6730447678384       15.414884462089997        360.0879292299284
                       60   -0.0001342747927852872    7.274681793638122e-08    0.0023064291703448724        5.040175183490132     0.002735875233397447   -0.0035104745678764637   -5.868828357385827e-07       -53.46489752151088    -0.033497454122448214        0.710832766776645      0.22924252896767566        0.678476994368012      0.32679530526168044       0.5354988654008306         344.673044574592        15.41488450782151        360.0879290824135
                       61  -0.00013427479306879776    7.274681782559884e-08     0.002306429170027908       5.0401751868800355    0.0027358752408663646   -0.0035104745671347285   -5.868828363616227e-07       -53.46489759927704    -0.033497453923952064       0.7108327659669373      0.22924252900432346       0.6784769950150126      0.32679530524671063       0.5354988646726957       344.67304471969464       15.414884453207524        360.0879291729022
                       62  -0.00013427479298614524    7.274681801774805e-08    0.0023064291706904032        5.040175187064865    0.0027358752377898195    -0.003510474566998333   -5.868828366925881e-07       -53.46489758052324    -0.033497453964608584       0.7108327654158251       0.2292425289615539       0.6784769948697695      0.32679530524692524       0.5354988644709806         344.673044765859       15.414884464783455       360.08792923064243
                       63   -0.0001342747930215129     7.27468178816235e-08     0.002306429170493592       5.0401751891101165    0.0027358752378175725    -0.003510474566729285   -5.868828374497885e-07       -53.46489759109735     -0.03349745395543191       0.7108327656445044      0.22924252894372837       0.6784769950852882       0.3267953052450622       0.5354988644276428        344.6730448412402       15.414884460501899        360.0879293017421
                       64    -7.06039292357286e-05    7.991327828665539e-08    0.0022535035030977956        3.847341008802788     0.002731618174742257    -0.003591076093122573  -2.7204889112866436e-07       -37.91408462815954    -0.059579132328806156       0.8830466515447695      0.23093773112919186      0.49094438893200043       0.3312940135095774       0.6351913315949869         291.247767509173        25.55411373312439        316.8018812422974
                       65   -7.060392932260254e-05     7.99132783001859e-08     0.002253503503368545       3.8473410118421647    0.0027316181756586117    -0.003591076092243682   -2.720488914242165e-07      -37.914084627848396     -0.05957913231389986       0.8830466517956557      0.23093773116933058      0.49094438906702165      0.33129401351039717       0.6351913316507414        291.2477672215553       25.554113726736432       316.80188094829174
                       66   -7.060392917936881e-05    7.991327842467094e-08    0.0022535035037168395       3.8473410096154224    0.0027316181671086714   -0.0035910760920460257  -2.7204889122809375e-07       -37.91408454906871     -0.05957913252261733       0.8830466525521985      0.23093773116593236      0.49094438843211485       0.3312940135246083       0.6351913319344753       291.24776721346086        25.55411380563131       316.80188101909215
                       67   -7.060392918858873e-05    7.991327825506191e-08     0.002253503502850727        3.847341007484676      0.00273161817559591    -0.003591076092824083  -2.7204889122287396e-07       -37.91408460964887    -0.059579132368126675       0.8830466520037066       0.2309377311179942       0.4909443886354178      0.33129401351991133       0.6351913317944522       291.24776745165315       25.554113752585497       316.80188120423867
                       68   -7.060392929080959e-05     7.99132782075764e-08    0.0022535035028214993        3.847341009862004     0.002731618175506498   -0.0035910760922483417   -2.720488924566284e-07       -37.91408463630802    -0.059579132334914395       0.8830466516224018      0.23093773112213317       0.4909443888994247       0.3312940135157658       0.6351913318510247         291.247767452309        25.55411373637972       316.80188118868875
                       69    -7.06039292370507e-05     7.99132782391504e-08    0.0022535035026585134        3.847341008964509      0.00273161817657786    -0.003591076092107894   -2.720488920013694e-07       -37.91408464324662     -0.05957913231465102       0.8830466516111375       0.2309377311395409       0.4909443888822242      0.33129401351510596       0.6351913315713329       291.24776748348006        25.55411372701895         316.801881210499
                       70   -6.924973229256365e-05    6.971442758281656e-08    0.0021899893596939697         3.83365788261871     0.002897319003188404    -0.003391927996658195  -4.4189076812141235e-07       -35.66894648508707     -0.06730225642072604       0.9742521040943126        0.230959792519484      0.44096151547268586      0.33369859557558657       0.6853072481026921        276.5357278620997       29.352690902993363       305.88841876509304
                       71   -6.924973215980922e-05    6.971442751849817e-08    0.0021899893592698394        3.833657880070617     0.002897319003020097   -0.0033919279953026045   -4.418907691769151e-07       -35.66894643342693     -0.06730225653283567       0.9742521050176136      0.23095979252438564      0.44096151472761597       0.3336985956015327       0.6853072485377965        276.5357277669064       29.352690961449913        305.8884187283563
                       72   -6.924973223677367e-05    6.971442752231786e-08    0.0021899893595907372        3.833657881944046    0.0028973190037599504   -0.0033919279955096945   -4.418907692827054e-07       -35.66894646567695     -0.06730225644131814       0.9742521044461525      0.23095979252733867      0.44096151516600723       0.3336985955884415       0.6853072482018829        276.5357278134944       29.352690918736016       305.88841873223043
                       73   -6.924973229102468e-05    6.971442755415762e-08     0.002189989359591346       3.8336578824130148    0.0028973190034694415   -0.0033919279955093107   -4.418907691689649e-07      -35.668946485546265     -0.06730225641205036       0.9742521041263232      0.23095979251650828       0.4409615153827328       0.3336985955813474       0.6853072480321041       276.53572784351644       29.352690901631817        305.8884187451483
                       74   -6.924973218910645e-05     6.97144274472106e-08     0.002189989359294307       3.8336578801236416      0.00289731900348183    -0.003391927991463412   -4.418907729842922e-07      -35.668946465480836     -0.06730225640731642       0.9742521039700212       0.2309597925189219       0.4409615148755432      0.33369859560728404       0.6853072482172502       276.53572775507456       29.352690915363993       305.88841867043857
                       75   -6.924973228170062e-05    6.971442752773887e-08    0.0021899893595134536        3.833657882492152     0.002897319003331846   -0.0033919279951132525  -4.4189076979244726e-07      -35.668946490041456     -0.06730225640349574       0.9742521041189325       0.2309597925348845       0.4409615155182103       0.3336985955845019       0.6853072481093196       276.53572784374484         29.3526908983332       305.88841874207804
                       76   -6.924973219997075e-05    6.971442753999311e-08    0.0021899893595266097       3.8336578814668747     0.002897319002802809   -0.0033919279944854604  -4.4189076988936424e-07       -35.66894647342608     -0.06730225641917496       0.9742521042995544       0.2309597925153194       0.4409615154798276      0.33369859559275716        0.685307248234106       276.53572782466455        29.35269090961888       305.88841873428345
                       77   -6.924973219909358e-05    6.971442744763941e-08     0.002189989359109962        3.833657879159624     0.002897319002142517   -0.0033919279916674954   -4.418907723144529e-07       -35.66894644641846     -0.06730225645658093       0.9742521048709631      0.23095979249812582      0.44096151532183175      0.33369859562177456       0.6853072485100666        276.5357277566366       29.352690935975097        305.8884186926117
                       78   -3.325615182696022e-05    2.763593983320258e-08     0.002039380704765041        3.115860039899264      0.00291760771935054   -0.0018404179578532678  -1.8541126598855012e-06       -28.89037599736714     -0.06769890860250634       1.0762437105558162      0.23132076137646845       0.3289961638208452      0.34481339166810576       0.7358288946064713        259.0316736332055        36.22584600325597        295.2575196364615
                       79   -5.125294205976191e-05    4.867518370800957e-08    0.0021146850322295062        3.474758961258987    0.0029074633612694726   -0.0026161729772557316   -1.148001714003457e-06        -32.2796612412271      -0.0675005825116162       1.0252479073250644      0.23114027694797623      0.38497883964676555      0.33925599362184616       0.7105680713545812        264.0296763335231        32.35078012763542       296.38045646115853
                       80   -4.225454694336108e-05    3.815556177060597e-08    0.0020770328684972736       3.2953095005791253    0.0029125355403100068      -0.0022282954675545   -1.501057186944479e-06      -30.585018619297124     -0.06759974555706126       1.0507458089404402      0.23123051916222237       0.3569875017338054        0.342034692644976       0.7231984829805258        260.4503449038181        34.17869098407337        294.6290358878915
                       81   -4.225454694559993e-05    3.815556142035403e-08    0.0020770328677186985       3.2953095000138672    0.0029125355429337283   -0.0022282954555654507  -1.5010571979926497e-06      -30.585018636003902     -0.06759974538849435       1.0507458089719952      0.23123051918122933       0.3569875018650228       0.3420346927094817       0.7231984828469606        260.4503447989201        34.17869095441288         294.629035753333
                       82    -4.22545469102548e-05   3.8155561638866934e-08     0.002077032868043122       3.2953094983173443     0.002912535540439508   -0.0022282954628572056   -1.501057190960787e-06      -30.585018596440083     -0.06759974555938345       1.0507458092445523      0.23123051916750376      0.35698750156002534      0.34203469268004794       0.7231984830832632       260.45034486007273       34.178691005275255         294.629035865348
                       83   -4.225454695149392e-05    3.815556177639798e-08    0.0020770328684522497        3.295309500256737    0.0029125355403364266   -0.0022282954671912414  -1.5010571865709631e-06      -30.585018609658825     -0.06759974557321527       1.0507458089248511      0.23123051916070747       0.3569875018374534      0.34203469264951947       0.7231984829958948        260.4503448884374        34.17869098928912       294.62903587772655
                       84    -4.22545469410498e-05    3.815556172524778e-08    0.0020770328683385074        3.295309499930089     0.002912535540553691   -0.0022282954669882254  -1.5010571868596127e-06      -30.585018599319923     -0.06759974558408909        1.050745808712915        0.231230519154497      0.35698750208425944      0.34203469265805586       0.7231984829205853         260.450344875759        34.17869098867301         294.629035864432
                       85  -4.2254546868313335e-05   3.8155561669124433e-08     0.002077032868029893        3.295309499206181    0.0029125355409115915     -0.00222829546401239  -1.5010571890237268e-06       -30.58501859675527      -0.0675997455738895       1.0507458087448387       0.2312305191599277      0.35698750193789297       0.3420346926751641         0.72319848279143        260.4503448713471        34.17869099204543        294.6290358633926
                       86   -4.225454693063181e-05   3.8155561717462274e-08     0.002077032868168239       3.2953094996664474    0.0029125355409840214     -0.00222829546599156   -1.501057187150597e-06      -30.585018602092536     -0.06759974558039684       1.0507458084353267       0.2312305191729805      0.35698750181355227       0.3420346926631496       0.7231984827957243       260.45034488393384       34.178690988145156         294.629035872079
                       87   -4.225454700527363e-05    3.815556156758255e-08    0.0020770328677031285        3.295309500312369     0.002912535543683187    -0.002228295461716246  -1.5010571894966412e-06       -30.58501861199953     -0.06759974550667715       1.0507458075046137         0.23123051918701      0.35698750215868924      0.34203469269170067       0.7231984822696687       260.45034483185714        34.17869095256902       294.62903578442615
                       88   -3.471259924181042e-05   1.0695795305073371e-08      0.00195449044765888        2.910666269664825    0.0031180378545259844   -0.0013124129234920144   -1.962486132991498e-06      -23.790622474697905     -0.07256982851333776       0.9667978583467982      0.23203464865598508       0.4158567210057652       0.3503634112942471        0.681906905567641       253.42078027046117        36.94619919661576       290.36697946707693
                       89   -3.471259929176319e-05   1.0695795398925469e-08     0.001954490448105429       2.9106662710382905     0.003118037853928229   -0.0013124129272512415  -1.9624861310517614e-06      -23.790622500001305      -0.0725698284939807       0.9667978588625026      0.23203464864576673       0.4158567207592947       0.3503634112647841       0.6819069056308606       253.42078026275948        36.94619918319232        290.3669794459518
                       90   -3.471259924660476e-05   1.0695795302053275e-08    0.0019544904476249377       2.9106662695954952    0.0031180378547465016    -0.001312412923607983   -1.962486132652929e-06      -23.790622474443285     -0.07256982851367522       0.9667978583373418      0.23203464864991397      0.41585672090784626      0.35036341129676357       0.6819069055919194       253.42078026492499       36.946199197880304       290.36697946280526
                       91   -3.471259922376677e-05    1.069579523851331e-08     0.001954490447278634       2.9106662686239937    0.0031180378553907215   -0.0013124129218220642  -1.9624861332952823e-06       -23.79062246069025     -0.07256982852801712       0.9667978582248158      0.23203464865196932       0.4158567211040184       0.3503634113183898       0.6819069054803402       253.42078025541406        36.94619920470781       290.36697946012185
                       92    -3.47125991815452e-05    1.069579521141228e-08     0.001954490447027178        2.910666268290021    0.0031180378565742748    -0.001312412922483503  -1.9624861316844005e-06       -23.79062245907105     -0.07256982853410478       0.9667978583528638       0.2320346486582398      0.41585672114904554      0.35036341133496196       0.6819069055561382        253.4207802400152        36.94619920553904       290.36697944555425
                       93    -3.47125992157015e-05   1.0695795265555896e-08     0.001954490447239554       2.9106662690157106     0.003118037855775445   -0.0013124129243263446   -1.962486131221028e-06       -23.79062247445461      -0.0725698285287624       0.9667978583205274      0.23203464866681356       0.4158567209117097       0.3503634113169487       0.6819069056646985        253.4207802473534        36.94619920092289        290.3669794482763
                       94  -3.4712599234069485e-05   1.0695795305100688e-08     0.001954490447527513        2.910666269600843     0.003118037854811964   -0.0013124129234026317  -1.9624861323812118e-06       -23.79062247417883     -0.07256982851830635       0.9667978583951822       0.2320346486618411      0.41585672084851844       0.3503634113015771       0.6819069055605436       253.42078026286575        36.94619919965514        290.3669794625209
                       95  -3.0267611514764173e-05   -5.920302435276229e-10    0.0018676771283795569        2.730095951070556    0.0033879907932844334   -0.0012391757916257662  -1.7344758633502306e-06       -22.17271889346797     -0.07552643224905853        0.970153724039938       0.2314098273518022      0.40728766337543754      0.35570879201605793       0.6797946838564615       249.84249507215512        38.34748077303496        288.1899758451901
                       96  -3.0267611469497052e-05    -5.92030341480207e-10    0.0018676771277228782       2.7300959497321857    0.0033879907953142836    -0.001239175790359713  -1.7344758621164452e-06      -22.172718875189943     -0.07552643227031985       0.9701537240155458       0.2314098273507037       0.4072876633083485       0.3557087920599948       0.6797946838295319        249.8424950510118        38.34748078601927       288.18997583703106
                       97   -3.026761148665249e-05    -5.92030340465885e-10    0.0018676771277534535        2.730095949691321     0.003387990794665904    -0.001239175789739727   -1.734475863239048e-06       -22.17271887448194     -0.07552643227138821       0.9701537239013223      0.23140982735012144       0.4072876634084814      0.35570879205539885       0.6797946837776792       249.84249505648006       38.347480785978156       288.18997584245824
                       98  -3.0267611514087956e-05   -5.920302444155252e-10    0.0018676771283189968        2.730095951134461    0.0033879907932944982   -0.0012391757917404472  -1.7344758631431556e-06       -22.17271889312764     -0.07552643225014184       0.9701537240654938      0.23140982735237609       0.4072876633642222       0.3557087920198846       0.6797946838693942       249.84249507083396        38.34748077338157       288.18997584421555
                       99   -3.026761152295383e-05   -5.920302600822466e-10    0.0018676771281828687        2.730095951246294     0.003387990792927037    -0.001239175791304986  -1.7344758636491704e-06        -22.1727188864618     -0.07552643225091704       0.9701537240064269      0.23140982735014964       0.4072876633489874       0.3557087920312208       0.6797946838677467        249.8424950653998       38.347480775770464        288.1899758411703
                      100   -3.026761152010723e-05   -5.920302406074768e-10    0.0018676771283090221       2.7300959511187672    0.0033879907931089687   -0.0012391757915122216  -1.7344758632502098e-06      -22.172718891185838     -0.07552643224777261       0.9701537240595557      0.23140982734830823      0.40728766336015493      0.35570879202261013       0.6797946838393623       249.84249507037313        38.34748077330291       288.18997584367605
                      101  -2.8500485582942035e-05   -8.207562344812173e-09    0.0017837945264150392        2.680783402883029     0.003468347164339392   -0.0011522858963595839  -1.6208668947608886e-06      -20.205751969645043     -0.07742696277298552       0.9741092530574116      0.23120080542579188       0.3990906511980861      0.36139654213201367       0.6809562515663465       248.07524111320157       39.552212774618596       287.62745388782014
                      102  -2.8500485582256304e-05    -8.20756234561262e-09    0.0017837945262737086       2.6807834029898396    0.0034683471642614093   -0.0011522858969056212  -1.6208668942069858e-06      -20.205751968487565     -0.07742696277180389       0.9741092530996898      0.23120080542739013      0.39909065117725817       0.3613965421437879       0.6809562516038747       248.07524111206598        39.55221277405709        287.6274538861231
                      103  -2.8500485571853113e-05   -8.207562348830286e-09    0.0017837945261223549       2.6807834027122723     0.003468347164368317   -0.0011522858965897134  -1.6208668937983937e-06       -20.20575196532106     -0.07742696277265465       0.9741092530804372       0.2312008054273736      0.39909065117841036      0.36139654215542955       0.6809562515846519       248.07524110988382        39.55221277537197        287.6274538852558
                      104   -2.850048554335711e-05   -8.207562331469287e-09    0.0017837945261187675       2.6807834023080783     0.003468347164298941   -0.0011522858969482818  -1.6208668930516488e-06       -20.20575196344223     -0.07742696275749525       0.9741092530119089      0.23120080542721472       0.3990906511824439      0.36139654216868583       0.6809562515548055       248.07524110939755       39.552212770498706        287.6274538798963
                      105  -2.8500485506559206e-05   -8.207562442780427e-09    0.0017837945253230247        2.680783400335015    0.0034683471653057883   -0.0011522858947519137  -1.6208668932984788e-06      -20.205751938650167     -0.07742696277359196       0.9741092527623769      0.23120080541768945       0.3990906512316235       0.3613965422259153       0.6809562513766103       248.07524109322537       39.552212783184025        287.6274538764094
                      106  -2.8500485585247564e-05   -8.207562332579535e-09    0.0017837945263299588       2.6807834031294053    0.0034683471640625484   -0.0011522858968900556  -1.6208668942501667e-06      -20.205751970489715     -0.07742696276681531       0.9741092531201021      0.23120080542356536      0.39909065112123615      0.36139654214228617       0.6809562515690022        248.0752411139216        39.55221277244388        287.6274538863655
                      107   -2.850048558030596e-05   -8.207562348219998e-09    0.0017837945262151175        2.680783402902295     0.003468347164086235   -0.0011522858963115546  -1.6208668945271018e-06      -20.205751966875734      -0.0774269627657115       0.9741092530215198      0.23120080542597926       0.3990906511736211      0.36139654215312844       0.6809562515558785       248.07524111224444       39.552212773139885       287.62745388538434
                      108  -2.8500485582969574e-05   -8.207562305135668e-09    0.0017837945257092253       2.6807834035315565      0.00346834716192607   -0.0011522858969701894  -1.6208668940979799e-06      -20.205751969233233      -0.0774269627083106       0.9741092529670812      0.23120080542989263      0.39909065142869593       0.3613965422300985       0.6809562514470997       248.07524112184277        39.55221274987223         287.627453871715
                      109   -2.117266888397869e-05   -9.434641294800764e-09     0.001522580059928308       2.6251247102945405    0.0031909931600543114   -0.0012704503261746253  -1.0829471769831622e-06       -16.77939520712589      -0.0682617803467688       0.9519209474015962      0.23150273732212845       0.3891020203180819      0.38866741070329314       0.6673768731873748        248.4521157365207        37.45991613927824       285.91203187579896
                      110  -2.1172668914795536e-05   -9.434641254769564e-09     0.001522580060715293        2.625124710942214    0.0031909931602963505    -0.001270450326832301  -1.0829471780466883e-06      -16.779395224824352     -0.06826178035602193       0.9519209475464381       0.2315027373204317      0.38910202036446573      0.38866741063164906       0.6673768732700536       248.45211573568912       37.459916136687326        285.9120318723765
                      111   -2.117266888295653e-05    -9.43464130676214e-09     0.001522580059710359        2.625124710234498    0.0031909931602650387   -0.0012704503259734126  -1.0829471767347247e-06       -16.77939520619664      -0.0682617803391769       0.9519209474085906      0.23150273732083862       0.3891020203184396       0.3886674107266779       0.6673768732135175       248.45211573412337        37.45991613832909        285.9120318724525
                      112   -2.117266883868785e-05   -9.434641507939241e-09    0.0015225800566263563       2.6251247077811426     0.003190993161823201   -0.0012704503229642155  -1.0829471743631424e-06       -16.77939517028512     -0.06826178028737377       0.9519209472264645      0.23150273731181598      0.38910202031935887       0.3886674110145091       0.6673768731849448       248.45211570878368        37.45991614121337       285.91203184999705
                      113  -2.1172668853302327e-05   -9.434641304491456e-09    0.0015225800574351729        2.625124710865318    0.0031909931584829703   -0.0012704503284348143  -1.0829471727595832e-06      -16.779395205415902      -0.0682617802208152        0.951920947589618      0.23150273732630128      0.38910202005425104       0.3886674109857439       0.6673768732166092       248.45211574714702        37.45991610701453       285.91203185416157
                      114  -2.1172668850138408e-05   -9.434641341876738e-09    0.0015225800587613924        2.625124710319915     0.003190993160467619    -0.001270450325414678  -1.0829471761011172e-06      -16.779395204967134     -0.06826178031189736       0.9519209474296977      0.23150273732760335       0.3891020200697004      0.38866741081865797       0.6673768731342413       248.45211572873717        37.45991613436289        285.9120318631001
                      115  -2.1172668874815066e-05   -9.434641350860793e-09    0.0015225800597362888        2.625124710182491     0.003190993160996588    -0.001270450325191536  -1.0829471781430464e-06      -16.779395205778336     -0.06826178035207064       0.9519209472911854      0.23150273732470283      0.38910202027784424       0.3886674107160426       0.6673768731682168       248.45211572796168        37.45991614257836       285.91203187054003
                      116  -1.7237924107126783e-05  -2.2790797509333604e-08    0.0011945190992998281         2.57959956570057    0.0032781672840553125    -0.001199749400479069   -7.652598279565965e-07      -15.890294079372701     -0.05658682054905026       0.9614658072680726      0.23138496239360637      0.36371182131717184      0.42292161936432543       0.6745017912733164       248.59252013437788        35.55287608528666        284.1453962196645
                      117   -1.723792411317571e-05  -2.2790797502679736e-08     0.001194519099130487       2.5795995663202973     0.003278167284388946   -0.0011997494007217374    -7.65259827319259e-07      -15.890294082253803     -0.05658682051425172       0.9614658073593865      0.23138496239492257      0.36371182132902286      0.42292161940909345        0.674501791349984       248.59252011963824        35.55287607647596        284.1453961961142
                      118   -1.723792409336514e-05  -2.2790797578190182e-08    0.0011945190983485318       2.5795995647610024    0.0032781672844325975    -0.001199749399070098    -7.65259827265983e-07      -15.890294061159189     -0.05658682053757477        0.961465807131825      0.23138496239143078      0.36371182142301184      0.42292161945396245       0.6745017911826325       248.59252012811518        35.55287608806374       284.14539621617894
                      119  -1.7237924130995033e-05  -2.2790797498347586e-08    0.0011945190991554389       2.5795995660197004    0.0032781672839703553    -0.001199749400784919    -7.65259827898588e-07      -15.890294086508607     -0.05658682052532256       0.9614658072768094      0.23138496239206863      0.36371182135482694       0.4229216193941384       0.6745017912832898       248.59252013998994         35.5528760770396       284.14539621702954
                      120  -1.7237924119014274e-05  -2.2790797501149148e-08     0.001194519099310721        2.579599565846916    0.0032781672839023984   -0.0011997494002918842    -7.65259828371819e-07      -15.890294082014664    -0.056586820538585006       0.9614658071058952       0.2313849623932414       0.3637118213568268      0.42292161937487394       0.6745017912143654       248.59252013573206        35.55287608043284        284.1453962161649
                      121   -1.723792411157326e-05   -2.279079751368714e-08    0.0011945190988922618       2.5795995661204216     0.003278167283819737    -0.001199749400122805   -7.652598287260796e-07      -15.890294084092108      -0.0565868205105097       0.9614658070525637       0.2313849623968391       0.3637118214621019      0.42292161943357354       0.6745017910818261        248.5925201422367        35.55287607017944       284.14539621241613
                      122   -1.723792410255633e-05   -2.279079753174165e-08     0.001194519098787572       2.5795995656662436     0.003278167284153831   -0.0011997494002436344   -7.652598276521607e-07      -15.890294076547557     -0.05658682053152354        0.961465807248759      0.23138496239462036       0.3637118212641842       0.4229216194203711       0.6745017912707345       248.59252013566302        35.55287608318473       284.14539621884774
                      123   -2.087176576733661e-05  -2.5824083990338895e-08    0.0010662020677881423        2.619450110596654     0.003262811589042537   -0.0010863654650246028   -8.093118078947532e-07      -16.196969059493096    -0.047556231766143334       0.9147553034322158      0.23135562436323942      0.38738247048962327      0.44159464438245405       0.6488677875590865       250.25283916910766       32.938329781068646        283.1911689501763
                      124  -2.0871765768379043e-05    -2.58240839657004e-08     0.001066202068309801        2.619450110775803    0.0032628115890101297   -0.0010863654654786538   -8.093118079623811e-07        -16.1969690620068     -0.04755623179131771       0.9147553036209901      0.23135562436359966       0.3873824704659388      0.44159464432100975       0.6488677876266609       250.25283916299313       32.938329785944376        283.1911689489375
                      125   -2.087176577249183e-05  -2.5824083994517732e-08    0.0010662020677255622       2.6194501106275614    0.0032628115890508905   -0.0010863654649986777   -8.093118080105333e-07       -16.19696905839868    -0.047556231768315485       0.9147553034415825      0.23135562436290058       0.3873824704953962      0.44159464438978413       0.6488677875680207       250.25283916772295        32.93832978190314        283.1911689496261
                      126  -2.0871765780769035e-05  -2.5824083981810967e-08    0.0010662020679019124        2.619450110923791     0.003262811589013018    -0.001086365465172509   -8.093118082574765e-07      -16.196969059884122    -0.047556231772636445         0.91475530346753       0.2313556243628844       0.3873824704681653      0.44159464437944496        0.648867787603197        250.2528391666813        32.93832978246486        283.1911689491462
                      127   -2.087176580291465e-05  -2.5824083973292357e-08    0.0010662020675962654        2.619450111314009     0.003262811588828134   -0.0010863654649549079   -8.093118086800134e-07       -16.19696906559974    -0.047556231742523714       0.9147553033360769       0.2313556243621484      0.38738247053983654       0.4415946444359186       0.6488677874970223       250.25283917656847        32.93832977239022        283.1911689489587
                      128  -2.0871765774466378e-05  -2.5824083978125315e-08    0.0010662020678925896       2.6194501108426116    0.0032628115889468704   -0.0010863654652629553   -8.093118082582601e-07       -16.19696906252699    -0.047556231763621754       0.9147553034365221      0.23135562436348345        0.387382470489671      0.44159464438322404       0.6488677875456546        250.2528391709982        32.93832977888995       283.19116894988815
                      129  -2.3675525246129786e-05  -2.3591880540082453e-08    0.0010823519523688548       2.6843819385940995    0.0032476062229250917   -0.0011160568192814424    -8.86630505228496e-07      -16.617617909007667     -0.04777834736715923       0.9196110611117874      0.23129685578573161      0.38785036658754024      0.44209127772537377       0.6507575057177872        250.3267417682636       32.774142698794805        283.1008844670584
                      130  -2.3675525243992715e-05  -2.3591880537242563e-08    0.0010823519523592965       2.6843819385572614    0.0032476062229123753   -0.0011160568192859807   -8.866305052134441e-07       -16.61761790925034     -0.04777834736909793       0.9196110611029922      0.23129685578581155       0.3878503665720181      0.44209127773004325       0.6507575057190094       250.32674176734207        32.77414269943366        283.1008844667757
                      131  -2.3675525243146116e-05  -2.3591880531257852e-08    0.0010823519524086602       2.6843819386321375     0.003247606222906459   -0.0011160568193502036   -8.866305052861229e-07      -16.617617909198536     -0.04777834736860574       0.9196110610999093      0.23129685578630754       0.3878503665586054      0.44209127773794593       0.6507575057270296        250.3267417672027        32.77414269944314        283.1008844666458
                      132  -2.3675525245459803e-05  -2.3591880522453156e-08    0.0010823519524705886        2.684381938629792     0.003247606222852459   -0.0011160568195877037   -8.866305055577539e-07      -16.617617909627473    -0.047778347370474664       0.9196110611100372       0.2312968557865292      0.38785036656279104       0.4420912777557104       0.6507575057242949       250.32674176672015        32.77414269950616        283.1008844662263
                      133  -2.3675525244294096e-05   -2.359188044383537e-08    0.0010823519528877267       2.6843819388291066    0.0032476062225998796   -0.0011160568206039182    -8.86630506611997e-07       -16.61761791235336     -0.04777834738340364       0.9196110611906783      0.23129685578591375      0.38785036653248517      0.44209127787882707       0.6507575057059505       250.32674176169266       32.774142701318425        283.1008844630111
aborted minimisation     
Minimisation aborted as it proceeded too slow                
 restart
                      134  -2.3675525244294096e-05   -2.359188044383537e-08    0.0010823519528877267       2.6843819388291066    0.0032476062225998796   -0.0011160568206039182    -8.86630506611997e-07       -16.61761791235336     -0.04777834738340364       0.9196110611906783      0.23129685578591375      0.38785036653248517      0.44209127787882707       0.6507575057059505       250.32674176169266       32.774142701318425        283.1008844630111
                      135  -2.3649206711421174e-05   -2.359187714259222e-08    0.0010823474735562606       2.6843819386623924    0.0032476062221879097   -0.0011160568206740127   -8.866305064760952e-07       -16.61761794607982     -0.04777834758042043       0.9196110610179036      0.23129685579090264       0.3878503665278154        0.442091277883886       0.6507575062591666       250.32664333725518        32.77411562870237       283.10075896595754
                      136   -2.367535904872943e-05   -2.359187717358304e-08    0.0010823464611732871        2.684381938592645     0.003247606222009861    -0.001116056820770165   -8.866305065039135e-07      -16.617617953730367     -0.04777834760496827        0.919611061018669      0.23129685579356535       0.3878503665268807      0.44209127788410496       0.6507575062006365       250.32673827574735        32.77414036468902       283.10087864043635
                      137  -2.3675525919390194e-05  -2.3591877404841244e-08     0.001082351956686021       2.6843819386469443    0.0032476062223378323   -0.0011160568207930187   -8.866305064663359e-07      -16.617617911847045     -0.04777834749228961       0.9196110610249606      0.23129685580121312        0.387850366526904      0.44209127788406755       0.6507575069037763       250.32674166526766        32.77414273467873        283.1008843999464
                      138  -2.3675225062730462e-05  -2.3591879477738813e-08    0.0010823519682420402       2.6843819385220593     0.003247606221888944   -0.0011160568224937875   -8.866305070940835e-07      -16.617617911905132    -0.047778347531398944       0.9196110609272787      0.23129685580167395       0.3878503665267548      0.44209127788577485       0.6507575066198905       250.32674041567168        32.77414245680154        283.1008828724732
                      139  -2.3599695758791555e-05  -2.3373811356747868e-08    0.0010821911179185499       2.6843688631928924    0.0032475873918795953    -0.001116070396156708   -8.866200609517828e-07      -16.617584885727148     -0.04778616951716474       0.9195991691780967      0.23129795296422917       0.3878499660623132      0.44209165391881955       0.6508433977784867        250.3218589574733        32.77624308277817        283.0981020402515
                      140   -2.361255440352084e-05  -2.3373836070065105e-08    0.0010821908116887202       2.6843688298878265     0.003247587306376876   -0.0011160706492159523   -8.866201356603181e-07       -16.61758486677228     -0.04778618444991574       0.9195991412320965      0.23129795436075212       0.3878499655556201       0.4420916546111001       0.6508434620347332         250.321846192197       32.776258959753555       283.09810515195056
                      141  -2.3599644453216743e-05  -2.3373917223872077e-08    0.0010821920929618288       2.6843687202046995    0.0032475870248135858   -0.0011160714834344797   -8.866203819215421e-07       -16.61758478691319     -0.04778623364198051       0.9195990490710224      0.23129795896138436       0.3878499638863934       0.4420916568937423       0.6508436741436228       250.32183958117818        32.77625908044446       283.09809866162266
                      142  -2.3600624021528404e-05   -2.337368875557659e-08    0.0010822160588884508         2.68436859917034    0.0032475867394196707   -0.0011160722821008818   -8.866205977450503e-07       -16.61758471960016     -0.04778628969790803        0.919598968650186       0.2312979637565788       0.3878499617947583        0.442091659561011       0.6508436212745883        250.3218182266402       32.776278871226175        283.0980970978664
                      143  -2.3558574795609974e-05  -2.3469576823167617e-08    0.0010831839071045492        2.684237692003649    0.0032472507690187056   -0.0011170673004209223   -8.869142671938782e-07      -16.617494308008478     -0.04784500240573469       0.9194890784765488      0.23130345329964322        0.387847968905417       0.4420943836182993         0.65109570372804       250.30560099480226        32.79095185503744        283.0965528498397
                      144  -2.3558574792280318e-05  -2.3469576826020847e-08    0.0010831839071826401        2.684237691894757    0.0032472507689410776   -0.0011170673005542824   -8.869142672400819e-07      -16.617494308053278     -0.04784500241118764       0.9194890784647689      0.23130345330209542      0.38784796863406795       0.4420943841039503       0.6510957037286653       250.30560097849997        32.79095186470087        283.0965528432008
aborted minimisation     
Minimisation aborted as it proceeded too slow               
 finished