                   sim_nr                 advtheta                     advq                   advCO2               deltatheta               gammatheta                   deltaq                   gammaq                 deltaCO2                 gammaCO2                  sca_sto                    alpha                    FracH                       wg                      R10                     data               background                    Costf
                        1    6.780340956923352e-05  -1.6928792590326494e-07    0.0024082307754921526         5.06288253640936    0.0034176349505642438   0.00021052387258736662  -2.2351188376709276e-06      -27.088808514274596    -0.000544650793744539       0.8375919818473634       0.3130628478435844       0.6675170874006929       0.3485147711105052       0.4785569385733155        7525.883335695099                      0.0        7525.883335695099
                        2    6.778068545689673e-05  -1.6928792542126775e-07     0.002408213840767976        5.062882536322707     0.003417634950468296   0.00021052387268386124   -2.235118837656146e-06      -27.088808602324526    -0.000544650877520826       0.8375919820487365       0.3130628477713377       0.6675170873987021      0.34851477111031537       0.4785569348236427        7525.641164398209   1.6896072996573792e-09        7525.641164399899
                        3    6.780481289997401e-05   -1.692879247320957e-07     0.002408208890735171        5.062882536328395    0.0034176349504347614    0.0002105238729058392  -2.2351188376180486e-06       -27.08880863951295   -0.0005446509396487552       0.8375919820141817       0.3130628477319092       0.6675170873986764       0.3485147711100818       0.4785569344610092        7525.781513676813   3.3967988315266625e-11        7525.781513676847
                        4    6.780340859709008e-05  -1.6928792526793361e-07    0.0024082307752210843        5.062882536411027    0.0034176349505608975   0.00021052387281623436  -2.2351188376262102e-06      -27.088808520142006   -0.0005446508122903867       0.8375919817978659      0.31306284777834853       0.6675170873990914       0.3485147711105514       0.4785569393599225        7525.883324735681   1.2164700551501182e-17        7525.883324735681
                        5     6.78095998839768e-05  -1.6928320872328554e-07    0.0024082290406108654        5.062882548736253     0.003417634925571695    0.0002105255718315875  -2.2351185056568005e-06      -27.088852098625814   -0.0005447885604320993       0.8375916141448168      0.31306236340970384       0.6675170755092579      0.34851477145289317      0.47856277994940033        7525.895393124528    6.260655562933815e-10       7525.8953931251535
                        6  -0.00019762652205366376    4.663809048711849e-09    0.0004437057129480777       5.0633309575244425    0.0034167065453763806   0.00027317779517152475  -2.2228778536883137e-06      -28.705340985711707    -0.005632635731083662       0.8240604585101201      0.29520113252413893       0.6670786567934425       0.3485273672466145       0.6934564049342722       2015.4246517834622       1.1305376251537216        2016.555189408616
                        7  -0.00019762651996829976    4.663807205382232e-09   0.00044370571889670385        5.063330957496605     0.003416706545316654    0.0002731777944801731  -2.2228778538486397e-06      -28.705340984413972    -0.005632635703166632        0.824060458602363       0.2952011325480021       0.6670786567955456       0.3485273672463243       0.6934564026085033       2015.4246280752805       1.1305376065658375       2016.5551656818463
                        8  -0.00019762652209006281    4.663808695492122e-09    0.0004437057099225218        5.063330957493619    0.0034167065453033782    0.0002731777950326099  -2.2228778537089835e-06      -28.705340990755307    -0.005632635743210174       0.8240604584609281      0.29520113240942236       0.6670786567920255      0.34852736724639033       0.6934564047302487       2015.4246463018535        1.130537625118422        2016.555183926972
                        9  -0.00019762652216655344    4.663809092955768e-09   0.00044370571379786714         5.06333095749554     0.003416706545344794   0.00027317779517462503  -2.2228778536441118e-06      -28.705340982465476    -0.005632635727796429       0.8240604584273716       0.2952011323537139       0.6670786567908222       0.3485273672463437       0.6934564050499716       2015.4246470490796        1.130537626349047       2016.5551846754286
                       10  -0.00019762652173433088    4.663809189555005e-09    0.0004437057126671158        5.063330957512527    0.0034167065453525524    0.0002731777951768902  -2.2228778536782116e-06      -28.705340986281875    -0.005632635730823463       0.8240604584887112       0.2952011325008562       0.6670786567924525      0.34852736724646527       0.6934564046302674       2015.4246511650808       1.1305376234677211       2016.5551887885485
                       11  -0.00013160695644966555   -8.474422568762307e-08    0.0006483212349703152        5.048383439553202     0.003394359478282481   0.00023128504787189565   -2.216062415754611e-06       -28.11035409165072    -0.004591579782439663       0.7933352948119221      0.22495512694976108       0.6660656891433946      0.34839031333110515       0.5944143907990531       427.70534472749796       1.3074214481565871        429.0127661756545
                       12     -0.00013163554969762   -8.474422445025447e-08    0.0006483196355235147        5.048383438977055    0.0033943594776644293   0.00023128504730823588   -2.216062415238128e-06      -28.110354110453468   -0.0045915797804246235        0.793335294709506      0.22495512700183695       0.6660656891085521       0.3483903133287174       0.5944143820696617        427.7004511679067       1.3074587001641822        429.0079098680709
                       13    -0.000131606935259819   -8.474422418852955e-08    0.0006483202795181955        5.048383439027408     0.003394359477747317   0.00023128504741513764   -2.216062415208857e-06       -28.11035410620157     -0.00459157977326399       0.7933352946862111      0.22495512699695902       0.6660656891092556      0.34839031332863996       0.5944143821478161       427.70533669255605       1.3074215923556534        429.0127582849117
                       14  -0.00013520627701280803   -8.473922886743163e-08    0.0006450324916764452         5.04838166872654     0.003394357671843911   0.00023128350145183434  -2.2160605881659605e-06      -28.110403464213217    -0.004591549910853542       0.7933348759611485      0.22495528595401068       0.6660655744957586      0.34839030506883734       0.5943853504868333        427.3747086545498       1.3127074785859425       428.68741613313574
                       15  -0.00013520626404546753   -8.473917342571486e-08    0.0006450486134674711        5.048381649263076    0.0033943576525947705   0.00023128348431078802  -2.2160605676148706e-06      -28.110403666264027   -0.0045915489584928935       0.7933348709048202       0.2249552877676441       0.6660655732157378       0.3483903049775802       0.5943850356079663       427.37458320662626       1.3127033744746492        428.6872865811009
                       16  -0.00013522522925826265    -8.47390231059759e-08    0.0006450403688213068        5.048381596308239    0.0033943575996242554   0.00023128343774270722  -2.2160605121483034e-06       -28.11040455576121    -0.004591546988736997       0.7933348575214973      0.22495529263479908       0.6660655697516201       0.3483903047295096       0.5943841748782255        427.3743450413711        1.312727785453143       428.68707282682425
                       17  -0.00013560820896832968   -8.472406679398355e-08    0.0006483326763512341         5.04837634199076    0.0033943523909852127   0.00023127881176520032  -2.2160549733179083e-06      -28.110466012125585   -0.0045913025301846854       0.7933335001241908         0.22495578087167       0.6660652245755494       0.3483902800983075       0.5942990888558342        427.3587040595511        1.312344712508508        428.6710487720596
                       18  -0.00013560820932588183   -8.472406460818221e-08    0.0006483326793047448        5.048376332012517      0.00339435237993834   0.00023127879962448914  -2.2160549535463488e-06        -28.1104660155576    -0.004591302525798805       0.7933334978066462       0.2249557816164281       0.6660652233048441      0.34839028000597105       0.5942990841964342        427.3587006041045        1.312344692015239       428.67104529611976
                       19  -0.00013560821017951703   -8.472406342271936e-08    0.0006483326873522445        5.048376295837885    0.0033943523322621716   0.00023127870068599722   -2.216054908166568e-06      -28.110466020927703    -0.004591302494062508       0.7933334806284116       0.2249557812651346       0.6660652190101448      0.34839027966048913       0.5942990708271516        427.3586917589241       1.3123446882848833         428.671036447209
                       20  -0.00013560821034049966    -8.47240560831325e-08    0.0006483326945103405        5.048376284142739    0.0033943523271279218     0.000231278704404747  -2.2160548559133176e-06       -28.11046599577658    -0.004591302407846806       0.7933334671669634      0.22495577861368674       0.6660652173121147       0.3483902795677116       0.5942990712998535       427.35868889734076       1.3123447579832093         428.671033655324
                       21  -0.00013560820782524392   -8.472406425682045e-08    0.0006483326744473928        5.048376325823796    0.0033943523750240793   0.00023127875817053128   -2.216054929956771e-06      -28.110465978482292    -0.004591302434104776       0.7933334884642489      0.22495578145951617       0.6660652231028171       0.3483902800148214       0.5942990895792164        427.3587003556237         1.31234472001625       428.67104507563994
aborted minimisation     
Minimisation aborted as it proceeded too slow                
 restart
                       22  -0.00013560821034049966    -8.47240560831325e-08    0.0006483326945103405        5.048376284142739    0.0033943523271279218     0.000231278704404747  -2.2160548559133176e-06       -28.11046599577658    -0.004591302407846806       0.7933334671669634      0.22495577861368674       0.6660652173121147       0.3483902795677116       0.5942990712998535       427.35868889734076       1.3123447579832093         428.671033655324
                       23  -0.00013558198581664293   -8.472404097124691e-08    0.0006483231515198264        5.048376278936206     0.003394352321846067   0.00023127869989964482   -2.216054850453304e-06      -28.110466141190116    -0.004591302316409642       0.7933334658756832      0.22495577907968983       0.6660652169720426       0.3483902795430145       0.5942989851786891       427.35825007154097        1.312311908383403       428.67056197992434
                       24  -0.00013560823600257906   -8.472403837259875e-08    0.0006483213820456493        5.048376277887671    0.0033943523207550013   0.00023127869892039456  -2.2160548494384758e-06       -28.11046616865732    -0.004591302297874075       0.7933334656484587      0.22495577917486176       0.6660652169061512      0.34839027953838586       0.5942989687418478       427.35859374310274        1.312346823198992       428.67094056630174
                       25  -0.00013560821667254835   -8.472403487481706e-08    0.0006483328023010663        5.048376276649843    0.0033943523196404398   0.00023127869777499934     -2.2160548480648e-06      -28.110466113300514    -0.004591302111914989       0.7933334652390795       0.2249557793034086       0.6660652168215003      0.34839027953257845       0.5942989498868307       427.35865484224337       1.3123444322748876       428.67099927451824
                       26   -0.0001356071247452174   -8.472406279217851e-08    0.0006483327336286659        5.048376277347741     0.003394352318105031   0.00023127868757180824  -2.2160548529109894e-06       -28.11046608558165    -0.004591302280229554       0.7933334598252841      0.22495577911108303       0.6660652169113411        0.348390279535196       0.5942990452810069       427.35866843126996       1.3123432493075393        428.6710116805775
                       27  -0.00013674079171878729   -7.925047254573395e-08    0.0006729327241139236       5.0464415890010095    0.0033924187810291983    0.0002295658524063494   -2.214028754220634e-06       -28.14083069147324    -0.004514943946011215       0.7928351675435228      0.22513385104561673       0.6659385440049215      0.34838120798195454       0.5629574848381047        422.9832138146933       1.2393282615117431         424.222542076205
                       28   -0.0001367407917806525   -7.925047241745525e-08    0.0006729327254239618       5.0464415847324435     0.003392418774917959    0.0002295658445426927   -2.214028752515019e-06      -28.140830694801306    -0.004514943938616281        0.792835165899731       0.2251338513203135       0.6659385436683977       0.3483812079543853       0.5629574830727995       422.98321269290255       1.2393282556170908        424.2225409485196
                       29  -0.00013674079178101106   -7.925047166673207e-08     0.000672932727707633        5.046441575858031     0.003392418764324355   0.00022956583442373905  -2.2140287431902437e-06      -28.140830699325075    -0.004514943923126114       0.7928351618783778      0.22513385064509564       0.6659385428886254      0.34838120789735894       0.5629574805613942        422.9832110496076       1.2393282686200742       424.22253931822763
                       30   -0.0001367407915586005   -7.925047050145593e-08    0.0006729327283439681        5.046441570088758    0.0033924187617011556   0.00022956583760501398   -2.214028726420277e-06      -28.140830685447703    -0.004514943887689686       0.7928351586537901      0.22513385123850543       0.6659385423183035       0.3483812078737131       0.5629574819425311        422.9832099611793       1.2393282656181488       424.22253822679744
                       31   -0.0001367407914827268    -7.92504721985794e-08    0.0006729327238523299        5.046441584415199    0.0033924187755020726    0.0002295658460487075  -2.2140287462143004e-06      -28.140830697909657    -0.004514944009818934        0.792835167511625      0.22513385107050882        0.665938543894659      0.34838120798625993        0.562957485037094        422.9832132153333       1.2393282621451893        424.2225414774785
                       32   -0.0001367407906322869   -7.925047116233856e-08    0.0006729327265133166        5.046441569980125    0.0033924187600035014    0.0002295658190890156   -2.214028719653097e-06       -28.14083065297667   -0.0045149440227515705       0.7928351683818138      0.22513385106368755        0.665938543708597       0.3483812080303107        0.562957485385839       422.98321139247804       1.2393282609084204       424.22253965338643
                       33  -0.00013674078916186015    -7.92504673258932e-08    0.0006729327336495105        5.046441519792759     0.003392418692396989   0.00022956574055640346   -2.214028643975855e-06      -28.140830518321348    -0.004514944405460951       0.7928351729399141      0.22513385104920752       0.6659385425709834      0.34838120823543406       0.5629574882831472       422.98320558004497       1.2393282630551323        424.2225338431001
                       34  -0.00013674077350178072    -7.92504366144644e-08    0.0006729327932947919        5.046441150707581    0.0033924181673708727   0.00022956509092856314   -2.214028095144264e-06      -28.140829411586616    -0.004514948009490201       0.7928351994750165      0.22513385069702824       0.6659385318238646      0.34838120969126096       0.5629575065775922        422.9831592294276       1.2393282871656937        424.2224875165933
                       35  -6.0589159616446334e-05     6.45692315255171e-08    0.0009339148015383368       3.1317026183724215                    0.001    -0.002888992335299848    8.935361252269675e-07      -23.637306555394925    -0.016228791089269355       0.9140411915096083      0.22572428491423652       0.6257932418617641       0.3547018805436018       0.6423607256389401        793.8959125551937        8.979523151519905        802.8754357067136
                       36   -9.866497566761681e-05    -7.34062051010853e-09    0.0008034237628261301        4.089072103686716     0.002196209390514599   -0.0013297132414467495   -6.602463144968332e-07       -25.88906862343408    -0.010371867517640285       0.8534381795265653      0.22542906797992662       0.6458658929333427      0.35154154426277817       0.6026591052385228       340.85357472985027        3.181812296998618       344.03538702684887
                       37   -9.863714740643292e-05  -7.3406206927313746e-09    0.0008034296381340696        4.089072103741636    0.0021962093910318373   -0.0013297132416054095   -6.602463144295982e-07       -25.88906857518221    -0.010371867432944704       0.8534381793871653      0.22542906800438145       0.6458658929231654      0.35154154426252876       0.6026591059516795        340.8354685300879       3.1817811941563128        344.0172497242442
                       38   -9.866513652430863e-05   -7.340620880249434e-09    0.0008034289254069866        4.089072103678082    0.0021962093908688453   -0.0013297132417065113   -6.602463144633061e-07      -25.889068580733127     -0.01037186744850707       0.8534381793913137      0.22542906800787818       0.6458658929220715       0.3515415442625437       0.6026591058905089       340.85299532732495        3.181811515741475        344.0348068430664
                       39    -9.86649755725121e-05   -7.340620805237679e-09    0.0008034237631039137        4.089072103652814     0.002196209390697054   -0.0013297132416949583   -6.602463144881403e-07      -25.889068619919147    -0.010371867549068336       0.8534381794118238      0.22542906800265727        0.645865892922497       0.3515415442624428        0.602659105208164        340.8535745835056        3.181812296877431         344.035386880383
                       40   -8.563436782066093e-05  -1.1475777265468941e-08     0.000852519725719888        4.088597404626871    0.0021987670547767646   -0.0013331905588150773   -6.601243000929789e-07       -25.83948317098625    -0.010811275575457031       0.8518305324968005      0.22574755531953736       0.6457139451021038       0.3515368460777713        0.602239749976083       333.33691697165716       3.1601553924869923        336.4970723641442
                       41   -8.566267605375671e-05  -1.1475767809755548e-08     0.000852518489112591        4.088597403688554    0.0021987670639659358   -0.0013331905575351677   -6.601242950876091e-07      -25.839483059630698    -0.010811276638990204       0.8518305290357673      0.22574755605823293       0.6457139446979074       0.3515368460679905       0.6022397472923178       333.33640845149466        3.160183776921484       336.49659222841615
                       42   -8.563435608353961e-05  -1.1475767544142533e-08    0.0008525191354395353        4.088597403743918    0.0021987670642060362   -0.0013331905574267499   -6.601242950105345e-07      -25.839483053613616    -0.010811276635893347         0.85183052899841      0.22574755606134578       0.6457139446953433      0.35153684606788055       0.6022397473312271       333.33691275225124        3.160155500728194       336.49706825297943
                       43   -8.563440954208693e-05   -1.147560586302211e-08    0.0008525201374640526        4.088597389080651    0.0021987672216810562   -0.0013331905343973362   -6.601242102994811e-07      -25.839481015712956     -0.01081129409905591       0.8518304706529889      0.22574756843266974       0.6457139379161094      0.35153684590325707       0.6022397046976806        333.3368481978262       3.1601556086198808        336.4970038064461
                       44   -8.563442625352733e-05  -1.1475777616456313e-08    0.0008525197500111031       4.0885974025080865    0.0021987670700369145    -0.001333190565912656   -6.601242948400012e-07      -25.839482943879442    -0.010811277550933012       0.8518305252534994      0.22574755658880885       0.6457139443371115       0.3515368460565827       0.6022397449151446        333.3369123171798       3.1601554601568544        336.4970677773366
                       45   -8.810295442844703e-05    -7.58239014883873e-09    0.0008598175741064408        4.088199322157141    0.0022028841761330296   -0.0013327831860519804   -6.579710689543259e-07      -25.785708284484876    -0.011274156792988066       0.8502717709720544      0.22607249842647936       0.6455344242493347      0.35153243174656246       0.6011032267692302        332.5095430013568       3.1676289676698444       335.67717196902663
                       46     -8.8102954444583e-05   -7.582390144957413e-09    0.0008598175742195617        4.088199321516164     0.002202884179092017   -0.0013327831875448858   -6.579710685183848e-07       -25.78570828138136    -0.011274156816112699       0.8502717671613051       0.2260724987539458       0.6455344238388344       0.3515324317343712       0.6011032265619987       332.50954221201624        3.167628961876102       335.67717117389236
                       47   -8.810295451183638e-05    -7.58239001974498e-09    0.0008598175742494626        4.088199320720493    0.0022028841824375603   -0.0013327831886979008   -6.579710673987704e-07       -25.78570828213806    -0.011274156865678803       0.8502717663227441      0.22607249849202155       0.6455344233937087        0.351532431723049       0.6011032225728616       332.50954207077524        3.167628958375172       335.67717102915043
                       48   -8.810295454975576e-05   -7.582389903763088e-09    0.0008598175752548364        4.088199321121329    0.0022028841868143474   -0.0013327831886511226   -6.579710658072668e-07      -25.785708261948635     -0.01127415684973199       0.8502717659192054      0.22607249812919455       0.6455344232520315      0.35153243173278753       0.6011032253878117       332.50954218550334        3.167628971636183        335.6771711571395
                       49   -8.810295437576535e-05   -7.582390218788617e-09    0.0008598175747139445       4.0881993216914285     0.002202884183983113    -0.001332783187964959   -6.579710670426241e-07      -25.785708266152486    -0.011274156797788246       0.8502717711593506      0.22607249846559743       0.6455344236680128       0.3515324317525175       0.6011032259722677       332.50954266589747       3.1676289664045942        335.6771716323021
                       50   -8.810295446337515e-05    -7.58239015080067e-09    0.0008598175741086902        4.088199321062375     0.002202884179735672   -0.0013327831880223249   -6.579710683759373e-07       -25.78570828057159    -0.011274156843490247       0.8502717715810093      0.22607249841911342       0.6455344237905878      0.35153243175756727       0.6011032272324099        332.5095428260226        3.167628972739278        335.6771717987619
                       51   -8.810295441956893e-05   -7.582390090399598e-09    0.0008598175744704701        4.088199321164444     0.002202884175416011   -0.0013327831871633195   -6.579710693202085e-07      -25.785708274211004    -0.011274156821194986       0.8502717713041534      0.22607249842506721       0.6455344238872449       0.3515324317556378       0.6011032269128949       332.50954291558963        3.167628970725092       335.67717188631474
                       52   -8.810295401967174e-05   -7.582389989668746e-09    0.0008598175749210053         4.08819931878334     0.002202884174015745   -0.0013327831890094872   -6.579710691749519e-07      -25.785708249038347    -0.011274156914710527        0.850271772588185       0.2260724984357012       0.6455344226411548       0.3515324317910281       0.6011032277459911        332.5095426254255       3.1676289798839905        335.6771716053095
                       53   -5.179384859535589e-05   2.2817540696447124e-08    0.0010370192143818386       3.4244706401548024    0.0024710859753025788     -0.00211411287993292   -6.271938260869186e-07       -19.38196061473207     -0.03478187681985898       0.9772861915102091      0.22827287765410742       0.3446133676269968      0.35807826215863214       0.6723368461354466       278.96307578215254        7.572612269999648        286.5356880521522
                       54   -5.179384854048866e-05   2.2817540685980126e-08    0.0010370192142313043        3.424470640072996     0.002471085976527585   -0.0021141128795555348   -6.271938260819776e-07       -19.38196061846284    -0.034781876824291125       0.9772861917159708       0.2282728776481009       0.3446133677094197       0.3580782621632985        0.672336845933649        278.9630757381735        7.572612269205079       286.53568800737855
                       55    -5.17938485935643e-05   2.2817540679537594e-08    0.0010370192143435279        3.424470639990969     0.002471085976756337    -0.002114112879574299   -6.271938263504452e-07      -19.381960616937953     -0.03478187681786405       0.9772861914158368      0.22827287765661297      0.34461336775556267       0.3580782621649171        0.672336846138589        278.9630757689708       7.5726122677131755       286.53568803668395
                       56  -5.1793848644065296e-05   2.2817540674637508e-08     0.001037019214251388       3.4244706385965484     0.002471085979089323   -0.0021141128792233213   -6.271938277047817e-07       -19.38196062216987    -0.034781876841482914       0.9772861911531956      0.22827287766039744      0.34461336792905434      0.35807826218542205       0.6723368461184842        278.9630757351919        7.572612266919702        286.5356880021116
                       57  -5.1793848578785877e-05    2.281754069726218e-08    0.0010370192145716243         3.42447063918619     0.002471085976417654   -0.0021141128801318216   -6.271938269577945e-07      -19.381960609818602     -0.03478187683814003       0.9772861915609814      0.22827287764954163       0.3446133675121784      0.35807826217492655        0.672336846092958        278.9630757664907        7.572612273136201        286.5356880396269
                       58   -5.179384858599432e-05    2.281754070666573e-08    0.0010370192145371148       3.4244706396819535    0.0024710859757621677    -0.002114112879327173   -6.271938274015567e-07      -19.381960612594558     -0.03478187682852438         0.97728619133883       0.2282728776491546      0.34461336771257234      0.35807826217416794       0.6723368460560435        278.9630757724603        7.572612267898676       286.53568804035893
                       59   -5.179384855556759e-05    2.281754074412301e-08    0.0010370192151417028       3.4244706381458787     0.002471085977013017    -0.002114112877791261   -6.271938320184684e-07      -19.381960601895912    -0.034781876870959585       0.9772861910763733      0.22827287768294724      0.34461336786654784      0.35807826223150063        0.672336845824721        278.9630757412286        7.572612263997037        286.5356880052256
                       60   -5.179384854438002e-05    2.281754071960924e-08    0.0010370192147420025        3.424470639002511    0.0024710859759892664   -0.0021141128793955993   -6.271938288915305e-07      -19.381960605318728     -0.03478187686900842       0.9772861915743716      0.22827287765557486      0.34461336748054583      0.35807826220344846       0.6723368461788048       278.96307575746465        7.572612274095657        286.5356880315603
                       61   -4.023981737454205e-05   2.9603153871605588e-08    0.0011762591942703626       2.8898961417115134    0.0031441650658755697   -0.0016648001980199005  -1.8677930177428486e-06      -17.118799598422697     -0.04749717864484064       0.8858209284204108      0.22892270705957588      0.39223338356445214       0.3749067211309265       0.6155960230767992        271.9442253969189        7.708607872742818       279.65283326966176
                       62   -4.023981731170645e-05   2.9603153904112595e-08    0.0011762591951145005        2.889896140059923    0.0031441650704171686   -0.0016648001954786018    -1.86779302328104e-06      -17.118799583237045     -0.04749717869625489       0.8858209282876535      0.22892270706048062      0.39223338384864176       0.3749067212241771       0.6155960229319373       271.94422530605976        7.708607875802982        279.6528331818627
                       63   -4.023981740521927e-05   2.9603153851885602e-08    0.0011762591945153446        2.889896141149412     0.003144165067177825    -0.001664800197216382   -1.867793020380659e-06      -17.118799593977847    -0.047497178669254396       0.8858209284939575       0.2289227070475814        0.392233383683388      0.37490672117089785       0.6155960230809612       271.94422537231833        7.708607874856128       279.65283324717444
                       64   -4.023981738933026e-05   2.9603153877735777e-08    0.0011762591945745121       2.8898961410262065      0.00314416506780162   -0.0016648001962344002  -1.8677930215403284e-06      -17.118799593193526      -0.0474971786912903       0.8858209284004268       0.2289227070534889        0.392233383663374       0.3749067211959382       0.6155960231502755        271.9442253669992        7.708607876408961       279.65283324340817
                       65  -4.0239817353483715e-05    2.960315384391481e-08    0.0011762591945114831       2.8898961414389053    0.0031441650671381605   -0.0016648001969611264  -1.8677930211253445e-06      -17.118799594186804     -0.04749717867911011       0.8858209283816407      0.22892270707308116       0.3922333835369887      0.37490672118044416       0.6155960231283322       271.94422537572393        7.708607875358766        279.6528332510827
                       66  -4.0239817372634615e-05   2.9603153856243163e-08    0.0011762591942409153       2.8898961422333294     0.003144165065606823     -0.00166480019787413   -1.867793017982715e-06      -17.118799598964767     -0.04749717864899516       0.8858209286647472       0.2289227070627174       0.3922333833801144       0.3749067211394877        0.615596023069493        271.9442253866284        7.708607873419459        279.6528332600478
                       67   -4.144049016083572e-05   2.6700395931202768e-08    0.0012502270887082413        2.762707997196515     0.003556662045867379   -0.0013385441662810207   -2.708708056443251e-06      -15.810573077423811     -0.05642680002020647        0.895874965450034      0.22840066092918482      0.40602892006625046      0.38851083287349547       0.6217565835930277        267.1923487041963        8.753058090869972        275.9454067950663
                       68  -4.1440490158120983e-05   2.6700395922165985e-08    0.0012502270891913618       2.7627079958519705     0.003556662048185932   -0.0013385441644781597  -2.7087080615970895e-06       -15.81057306937606     -0.05642680007323457       0.8958749653106559      0.22840066092061495       0.4060289200220572       0.3885108329525482       0.6217565835625027        267.1923486865222        8.753058100638322       275.94540678716055
                       69  -4.1440490137464615e-05   2.6700395939443763e-08    0.0012502270889486584       2.7627079965608528    0.0035566620468726884   -0.0013385441654751138  -2.7087080583486254e-06      -15.810573073633144     -0.05642680004073878       0.8958749653876046       0.2284006609290109       0.4060289199594766       0.3885108329085919       0.6217565835434469        267.1923486965514        8.753058095150056       275.94540679170143
                       70   -4.144049015694801e-05    2.670039592491016e-08    0.0012502270886957558        2.762707997323853     0.003556662045516649   -0.0013385441663930514  -2.7087080562424323e-06       -15.81057307794455    -0.056426800018891686       0.8958749655644545      0.22840066093073894        0.406028919924102       0.3885108328793644       0.6217565836166061        267.1923487013264        8.753058091555841       275.94540679288224
                       71   -4.144049014381633e-05    2.670039592980601e-08    0.0012502270887433174        2.762707997126771     0.003556662045600621   -0.0013385441663675635   -2.708708056347209e-06      -15.810573077316212    -0.056426800019654506       0.8958749654874014       0.2284006609313193       0.4060289199973646      0.38851083288376287       0.6217565836401917        267.1923487016743         8.75305809158588        275.9454067932602
                       72   -4.144049013357207e-05   2.6700395936956027e-08    0.0012502270888700817        2.762707996755103     0.003556662045754306    -0.001338544165967995    -2.70870805702558e-06       -15.81057307584756    -0.056426800031200305        0.895874965579236       0.2284006609281177       0.4060289200074283       0.3885108329138127       0.6217565836750332       267.19234869753984         8.75305809405812         275.945406791598
                       73  -4.1440490150754494e-05   2.6700395934140913e-08    0.0012502270889092509        2.762707996657512    0.0035566620461131666   -0.0013385441660017123  -2.7087080572524513e-06      -15.810573074822413     -0.05642680002982776       0.8958749654926861       0.2284006609288501      0.40602892007101016       0.3885108329073781       0.6217565835904155         267.192348699582         8.75305809338306       275.94540679296506
                       74  -4.1440490162635276e-05   2.6700395932870364e-08    0.0012502270887022472        2.762707997291895    0.0035566620455715556   -0.0013385441664496402   -2.708708055888521e-06      -15.810573077834347    -0.056426800016618074       0.8958749654478251       0.2284006609279522      0.40602892004819613       0.3885108328749255        0.621756583594613        267.1923487042485        8.753058090340616       275.94540679458913
                       75   -3.479288370085434e-05   2.7218656056113653e-08    0.0013133975168034676       2.6144372911044393    0.0035943665059684987   -0.0012212407697237094  -3.0018041145898425e-06      -15.068546873805227     -0.06061328730394153       0.9168947442648163      0.22801702352765202      0.37168288462150073        0.401794583157444       0.6343638348586618         265.254401513023        9.988117108158745        275.2425186211818
                       76   -3.479288368195511e-05   2.7218656055312783e-08    0.0013133975169481384        2.614437291043835     0.003594366506086511   -0.0012212407694977877   -3.001804115130139e-06      -15.068546872167618     -0.06061328731326039       0.9168947443159128      0.22801702353074604       0.3716828846191309       0.4017945831905687       0.6343638348697418       265.25440150964135         9.98811710990362       275.24251861954497
                       77  -3.4792883688285675e-05   2.7218656051073595e-08    0.0013133975169554177        2.614437291007153     0.003594366505892832   -0.0012212407695239569   -3.001804115287713e-06      -15.068546872358901      -0.0606132873184175       0.9168947442879509      0.22801702353314263      0.37168288467774946       0.4017945832022947       0.6343638348462619        265.2544015086318        9.988117110211077        275.2425186188429
                       78   -3.479288370338021e-05   2.7218656054171406e-08    0.0013133975169244928       2.6144372911300935    0.0035943665059924397   -0.0012212407695672332   -3.001804114858111e-06      -15.068546872716471     -0.06061328731401313       0.9168947442090054       0.2280170235293853      0.37168288460932253      0.40179458319240563       0.6343638348616176        265.2544015101437        9.988117109549668        275.2425186196933
                       79   -3.479288371091192e-05   2.7218656053309127e-08    0.0013133975171074844       2.6144372910518676    0.0035943665061205447    -0.001221240769353247   -3.001804115079568e-06      -15.068546871179034    -0.060613287326971285       0.9168947442366835      0.22801702352508513       0.3716828845928287       0.4017945832419464       0.6343638348050948       265.25440150634824        9.988117111717086       275.24251861806533
                       80   -3.479288371019466e-05   2.7218656044217287e-08     0.001313397517050969        2.614437291119465    0.0035943665061363298   -0.0012212407697173556  -3.0018041147361734e-06      -15.068546872179287    -0.060613287318763136       0.9168947441390292      0.22801702352270925      0.37168288470013755       0.4017945832252911       0.6343638347871945       265.25440150862545        9.988117109506819        275.2425186181323
                       81   -3.479288369119653e-05   2.7218656054720072e-08    0.0013133975169947168         2.61443729095524    0.0035943665061918236   -0.0012212407696718386   -3.001804114357328e-06      -15.068546873081146     -0.06061328731585143       0.9168947441433559       0.2280170235267616       0.3716828846721354      0.40179458321213285       0.6343638347958471        265.2544015094698        9.988117109366863       275.24251861883664
                       82   -3.479288369329053e-05   2.7218656045531035e-08    0.0013133975174543346       2.6144372900746196    0.0035943665065054824   -0.0012212407696953012  -3.0018041138583262e-06      -15.068546872148742     -0.06061328734690434       0.9168947438623167      0.22801702353174086      0.37168288477260314       0.4017945833508204       0.6343638346070204       265.25440150042004        9.988117113778646        275.2425186141987
                       83   -3.357540454578782e-05   2.5446474802662636e-08    0.0014193519880104284       2.5621755132682837     0.003668115960142643     -0.00115266043836413  -3.0635412000899286e-06      -14.399153826988865     -0.06798798735346044       0.8754839889177164      0.22792586715805413       0.3863272431619589      0.43170036636719583       0.6104661905672497        263.5377992687928       11.073814341004502        274.6116136097973
                       84  -3.3575404520995615e-05   2.5446474795931053e-08    0.0014193519887663445       2.5621755125772103    0.0036681159607834524   -0.0011526604376450684   -3.063541201202804e-06      -14.399153820767719     -0.06798798739750485       0.8754839888919643      0.22792586716658222        0.386327243064635      0.43170036655540023       0.6104661905260222       263.53779925263194       11.073814350992514       274.61161360362445
                       85  -3.3575404540218506e-05   2.5446474796653572e-08    0.0014193519884177488        2.562175512691651     0.003668115960396093   -0.0011526604380081458   -3.063541200912945e-06      -14.399153824031902     -0.06798798738016046       0.8754839889258734      0.22792586716150065       0.3863272430995085      0.43170036647539567       0.6104661905459423        263.5377992605198        11.07381434754175        274.6116136080616
                       86  -3.3575404547005056e-05   2.5446474800689896e-08     0.001419351988074841        2.562175513241776    0.0036681159601992573    -0.001152660438392069   -3.063541199921854e-06      -14.399153827193095     -0.06798798735723102       0.8754839889003552      0.22792586715731555      0.38632724316225037       0.4317003663915371       0.6104661905639714        263.5377992676069       11.073814341723871       274.61161360933073
                       87   -3.357540454371891e-05   2.5446474793822365e-08    0.0014193519879699067       2.5621755134260433     0.003668115960128687   -0.0011526604388661388   -3.063541198997323e-06      -14.399153830938724     -0.06798798734757183       0.8754839889859445       0.2279258671578674      0.38632724314822364        0.431700366392855       0.6104661905823701        263.5377992675988       11.073814339897591        274.6116136074964
                       88   -3.357540453357816e-05   2.5446474790382987e-08    0.0014193519881582478        2.562175513354661    0.0036681159601738523   -0.0011526604386905002   -3.063541199352047e-06        -14.3991538295867     -0.06798798736048071       0.8754839888435124      0.22792586716224755      0.38632724308533756      0.43170036644069654       0.6104661905546775       263.53779926521395       11.073814342461391       274.61161360767534
                       89   -3.357540454220777e-05   2.5446474801285148e-08    0.0014193519881080946       2.5621755132696444    0.0036681159601022455   -0.0011526604383336587  -3.0635411999038104e-06      -14.399153827629597     -0.06798798735863779       0.8754839889078221       0.2279258671583071       0.3863272431113978      0.43170036640368986       0.6104661905451092       263.53779926713713       11.073814342140661        274.6116136092778
                       90   -3.210965488649535e-05   2.2601784106278405e-08    0.0014862404434116145        2.537573426151095     0.003711829582535405    -0.001204117169806802  -2.8836472297336164e-06      -14.835641862473972     -0.07148713495092403       0.8712123772546039      0.22819984847862973      0.37303107851036127       0.4584166786490273       0.6070390503431886       262.29113560358877        11.90431863035836       274.19545423394715
                       91  -3.2109654890652396e-05    2.260178409989813e-08    0.0014862404435016326        2.537573426239757    0.0037118295825168887   -0.0012041171699818459  -2.8836472291718002e-06      -14.835641864152315     -0.07148713495160229       0.8712123772568368      0.22819984847810687       0.3730310785278955      0.45841667869402897       0.6070390503519043       262.29113560263403        11.90431863048712       274.19545423312115
                       92   -3.210965489438907e-05   2.2601784095572968e-08    0.0014862404436287086       2.5375734261671834    0.0037118295824213323   -0.0012041171699899568  -2.8836472289664854e-06      -14.835641865428602     -0.07148713495846648       0.8712123772484608      0.22819984847723648       0.3730310785245998       0.4584166787481719       0.6070390503374963       262.29113560068595       11.904318632113696       274.19545423279965
                       93   -3.210965488427569e-05   2.2601784104057273e-08    0.0014862404436323338       2.5375734261776963     0.003711829582275566    -0.001204117169556472  -2.8836472296625093e-06      -14.835641863452748     -0.07148713495749243        0.871212377228076      0.22819984847708796       0.3730310785206341       0.4584166787254336       0.6070390503363585       262.29113560062194       11.904318631708344        274.1954542323303
                       94   -3.210965489274858e-05   2.2601784093455385e-08    0.0014862404436196785       2.5375734266447942     0.003711829581538922   -0.0012041171698102412  -2.8836472291807135e-06      -14.835641868257628     -0.07148713494121818       0.8712123771915739       0.2281998484799898        0.373031078501066        0.458416678748139       0.6070390503286083        262.2911356018541       11.904318628113778        274.1954542299679
                       95   -3.210965490649767e-05   2.2601784083970522e-08    0.0014862404434377013       2.5375734273971533    0.0037118295809645046    -0.001204117170605726  -2.8836472266710545e-06      -14.835641877874494     -0.07148713491404995       0.8712123772959504      0.22819984848186808      0.37303107842502764      0.45841667876244946       0.6070390502739498        262.2911356063499       11.904318622054307        274.1954542284042
                       96  -3.2109654889320765e-05   2.2601784097001912e-08    0.0014862404434944918        2.537573426378316    0.0037118295822615227    -0.001204117170221128  -2.8836472283157015e-06      -14.835641867851326     -0.07148713494482942       0.8712123772069633      0.22819984847743183      0.37303107843390904       0.4584166787106618       0.6070390503337721       262.29113560333434       11.904318629518135       274.19545423285246
                       97  -3.4449780142837316e-05    1.813226472076323e-08    0.0015623209659732283       2.6836447281543725     0.003456051236528865   -0.0012593525952375522   -2.490247279383945e-06       -17.02427110594146     -0.06934919985867542       0.8595244121629586      0.22815358507572475        0.366062117610894       0.4974712674679123       0.6004980994341471       262.04878253137457        11.57324858621621        273.6220311175908
                       98  -3.4449780137254596e-05     1.81322647161001e-08    0.0015623209661755459        2.683644728207737     0.003456051236453658   -0.0012593525952335541  -2.4902472788905197e-06      -17.024271107286708     -0.06934919985863135       0.8595244121637022      0.22815358507646272       0.3660621176530331        0.497471267529504       0.6004980994218565       262.04878252949885       11.573248586445585        273.6220311159444
                       99  -3.4449780136623265e-05    1.813226471367314e-08    0.0015623209662839897        2.683644727984785    0.0034560512364193016     -0.00125935259518768  -2.4902472790719846e-06       -17.02427110744522     -0.06934919986852442       0.8595244121385532      0.22815358507500166       0.3660621176561407       0.4974712675649998        0.600498099404418        262.0487825279791       11.573248588808916         273.622031116788
                      100   -3.444978013872765e-05    1.813226472001064e-08    0.0015623209661172915        2.683644728021349    0.0034560512365035103   -0.0012593525951691965  -2.4902472791423168e-06       -17.02427110672427     -0.06934919986237997       0.8595244121180059       0.2281535850757601       0.3660621176170351      0.49747126750248893       0.6004980994282043       262.04878252980166       11.573248587308216        273.6220311171099
                      101   -3.444978014565951e-05   1.8132264723371244e-08     0.001562320965857554        2.683644728214258     0.003456051236446535    -0.001259352595320372   -2.490247279290267e-06      -17.024271106723912     -0.06934919984933052       0.8595244121627561      0.22815358507629735       0.3660621176222256      0.49747126741902203       0.6004980994315385        262.0487825333972       11.573248583959877       273.62203111735704
                      102  -3.4449780138744615e-05   1.8132264719386377e-08    0.0015623209660325472        2.683644728190485    0.0034560512364324916    -0.001259352595225086    -2.49024727918797e-06       -17.02427110717203     -0.06934919985814858        0.859524412154949      0.22815358507544464      0.36606211759656904      0.49747126747983467       0.6004980994166234        262.0487825312595       11.573248586179972        273.6220311174395
                      103    -3.37983185488206e-05    1.777085930532671e-08    0.0015857738230295813        2.672446062753202    0.0034333829148951453    -0.001259539371958838  -2.4269097199484954e-06      -17.331171923508194     -0.06921870678486489       0.8544861398186077      0.22817252470468813       0.3706545007605545        0.502414368236558       0.5969956554941245        261.9698122996984        11.58032220291731        273.5501345026157
                      104   -3.379831854926653e-05   1.7770859304453207e-08    0.0015857738230424748        2.672446062763144    0.0034333829148924643   -0.0012595393719660542  -2.4269097199810744e-06      -17.331171923618317     -0.06921870678489044       0.8544861398138237      0.22817252470469593       0.3706545007646027         0.50241436823117       0.5969956554960554       261.96981229976103       11.580322202805029       273.55013450256604
                      105  -3.3798318549821657e-05    1.777085930414997e-08    0.0015857738230718767       2.6724460627683113    0.0034333829148666404     -0.00125953937193928   -2.426909719923869e-06      -17.331171924189242       -0.069218706785438       0.8544861398120278      0.22817252470457602      0.37065450077151085       0.5024143682252714       0.5969956554911597        261.9698122998276       11.580322202693655       273.55013450252125
                      106  -3.3798318560327725e-05   1.7770859297181005e-08     0.001585773823347222       2.6724460630450193     0.003433382914820972    -0.001259539371709702  -2.4269097199017714e-06      -17.331171928081254     -0.06921870678971662       0.8544861398007486      0.22817252470478053      0.37065450082740103       0.5024143681001021       0.5969956554864577       261.96981230141984       11.580322200335518       273.55013450175534
                      107   -3.379831855624299e-05    1.777085930204234e-08    0.0015857738231463633        2.672446062786334     0.003433382914858202   -0.0012595393719245786  -2.4269097198801738e-06       -17.33117192505214        -0.06921870678595       0.8544861398262285      0.22817252470525157      0.37065450075575435       0.5024143682060513       0.5969956554864089        261.9698122998807        11.58032220251086       273.55013450239153
aborted minimisation     
Minimisation aborted as it proceeded too slow               
 finished