                   sim_nr                 advtheta                     advq                   advCO2               deltatheta               gammatheta                   deltaq                   gammaq                 deltaCO2                 gammaCO2                  sca_sto                    alpha                    FracH                       wg                      R10                     data               background                    Costf
                        1  -0.00030438972997240665    7.193970155890514e-07    0.0020597180648086405        5.065101904121622    0.0019652255102439896    0.0014969922666625874  -1.4145063199391174e-06       -35.38077566806031     -0.02428622868158564       1.0270407897390872        0.240921616149562       0.7382101695115049      0.41910297402697805      0.12543782913350288        42164.64755669917                      0.0        42164.64755669917
                        2   -0.0003043619167839082    7.193970122486171e-07     0.002059718664415922        5.065101904171366     0.001965225510292906    0.0014969922648659071  -1.4145063213802919e-06       -35.38077566308093    -0.024286228656816983       1.0270407896874556      0.24092161614591223       0.7382101695134256       0.4191029740268899      0.12543782991040775       42163.839845443086   2.5063987462386075e-09        42163.83984544559
                        3  -0.00030438973553661704    7.193970129823448e-07     0.002059718362847951        5.065101904104841    0.0019652255099714194    0.0014969922652788925  -1.4145063209093485e-06       -35.38077566565476    -0.024286228671483525       1.0270407896841944       0.2409216161508781       0.7382101695128653      0.41910297402692537      0.12543782988784358         42164.6472222541    5.246003344830577e-15         42164.6472222541
                        4  -0.00017568802889049884    7.157217679734816e-07     0.002480998031907344        5.065078594198596     0.001964843161387283    0.0014950412521990996  -1.4158752393825374e-06       -35.37737472607007     -0.02427192748067957        1.026963487275542       0.2409234455580052       0.7382120886202155        0.419102899675952      0.12650045731791693       39422.646616921775      0.06394852744387095        39422.71056544922
                        5  -0.00017568803039900505    7.157217623230297e-07    0.0024809980134038847        5.065078594175882    0.0019648431610113154    0.0014950412507446435  -1.4158752404041578e-06       -35.37737473551562     -0.02427192751857334       1.0269634872298723      0.24092344555601924       0.7382120886214698       0.4191028996758941       0.1265004579143696       39422.646049292234      0.06394852543740598        39422.70999781767
                        6  -0.00017568803282956225    7.157217654562775e-07    0.0024809980579672732       5.0650785941686465    0.0019648431613283465    0.0014950412516353483  -1.4158752394593287e-06       -35.37737470127583     -0.02427192737318197       1.0269634871987485      0.24092344556297818       0.7382120886207157      0.41910289967592995       0.1265004584521856       39422.646421422105      0.06394852551468895        39422.71036994762
                        7   -0.0005108809659240886   5.1285519740780634e-08      0.00196211260353324         5.06144970197195     0.001925876589468761    0.0013280784671906832  -1.5177331627322216e-06       -35.08718810420502    -0.022719991388170248       1.0188665816886608        0.240972859838133        0.738356759673885       0.4190962724561412      0.23859101114697268        5822.778806082169        1.741117070130616        5824.519923152299
                        8   -0.0005108809633414066   5.1285518047505444e-08     0.001962112598895316        5.061449701949925    0.0019258765891732154    0.0013280784667074501  -1.5177331629099894e-06       -35.08718811302799    -0.022719991420402076        1.018866581631701       0.2409728598341922       0.7383567596742937      0.41909627245609904      0.23859101186181153        5822.778730962893       1.7411170758022803        5824.519848038695
                        9   -0.0005108809642824027    5.128552076861721e-08    0.0019621126072257734        5.061449701962508     0.001925876589433874    0.0013280784674145076  -1.5177331625016452e-06       -35.08718810512775    -0.022719991390589802       1.0188665816557012      0.24097285983363576       0.7383567596732219      0.41909627245611675      0.23859101157586338        5822.778792366841        1.741117064489809        5824.519909431331
                       10  -0.00015294572747142073   -9.154003124268356e-08    0.0016092020738910947       5.0585961739221235    0.0018915942082313236    0.0012842846217233893  -1.5273731589803077e-06      -36.105443238897514      -0.0263983257758635       1.0111142393169366      0.24033974473231723       0.7383731113852663       0.4190905333556861      0.33654799623487364        1003.972422716893       2.7368873387457695       1006.7093100556388
                       11  -0.00015291870354600177   -9.154003374095218e-08    0.0016091939288082396        5.058596173734173    0.0018915942076867922    0.0012842846202626925  -1.5273731593785809e-06       -36.10544329380865     -0.02639832586296766       1.0111142383841976       0.2403397446334259       0.7383731113737426      0.41909053335471286       0.3365480073441036       1003.9439083633396       2.7369143504191027       1006.6808227137586
                       12  -0.00015294539851818466   -9.154003425572227e-08    0.0016091920184531253        5.058596173649493    0.0018915942074693324    0.0012842846200021639  -1.5273731594498854e-06       -36.10544330620599    -0.026398325884734945       1.0111142382791625      0.24033974462495797       0.7383731113716137       0.4190905333545978       0.3365480085293697       1003.9691518578737       2.7368882583869576       1006.7060401162607
                       13   -0.0001529457265129811   -9.154003428397357e-08    0.0016092020611586401        5.058596173762225     0.001891594207990315    0.0012842846201406135  -1.5273731593380529e-06      -36.105443238521055     -0.02639832574066394        1.011114238363004      0.24033974465110003        0.738373111372584      0.41909053335491336      0.33654800889937597       1003.9723847967034       2.7368874162650725       1006.7092722129685
                       14  -0.00015294462838283024   -9.154003348921208e-08     0.001609202111927622        5.058596173621256    0.0018915942083019919    0.0012842846202909988  -1.5273731589339544e-06      -36.105443236540175    -0.026398325663949066       1.0111142377176574       0.2403397445545662       0.7383731113538812       0.4190905333540093      0.33654801456519845       1003.9713284987494       2.7368885136282075       1006.7082170123775
                       15    -0.000107584330271269  -1.4984562889826187e-07    0.0012298591451037678        5.055529044412764    0.0018869669537457997    0.0012539383900053319  -1.5342329245291903e-06      -36.099136509429556      -0.0257253703792974       0.9928240515768636      0.23878223761449047       0.7381299427578494      0.41907571402063415       0.5793479738174581        599.8965902666486        4.943910446280498         604.840500712929
                       16  -0.00010758433015470398  -1.4984562828712824e-07    0.0012298591440196168        5.055529044330592    0.0018869669540560689    0.0012539383904456125  -1.5342329241562704e-06       -36.09913651207432     -0.02572537035368131       0.9928240512127449       0.2387822375408706       0.7381299427420388      0.41907571402003385        0.579347975760161        599.8965878674853        4.943910462960151        604.8404983304455
                       17  -0.00010758433040628697   -1.498456288698291e-07    0.0012298591447537249       5.0555290442447784    0.0018869669539222853    0.0012539383897939226  -1.5342329243155414e-06       -36.09913651343432     -0.02572537034744473        0.992824051267486       0.2387822375407037       0.7381299427400965      0.41907571401975907        0.579347973672812        599.8965897183363       4.9439104448115465        604.8405001631478
                       18  -0.00010758433054933425  -1.4984562890009062e-07    0.0012298591469640462        5.055529043971663    0.0018869669547008309    0.0012539383892871457   -1.534232923758349e-06       -36.09913649764485    -0.025725370223660535       0.9928240505824253      0.23878223745479238         0.73812994270197      0.41907571401797405       0.5793479737181446         599.896588916733        4.943910445417307        604.8404993621502
                       19  -0.00010758433021214816  -1.4984562884030597e-07    0.0012298591448931112       5.0555290441753655    0.0018869669541708494    0.0012539383896629371  -1.5342329240875784e-06       -36.09913651205971     -0.02572537032174975       0.9928240510472222       0.2387822376040992       0.7381299427303036       0.4190757140191529       0.5793479733756666        599.8965898917481        4.943910442009511        604.8405003337576
                       20  -0.00010758433025065818  -1.4984562886566974e-07    0.0012298591427252746         5.05552904310748     0.001886966955525573    0.0012539383880859024  -1.5342329222822863e-06       -36.09913652509392     -0.02572537011271596        0.992824048698711      0.23878223763311845       0.7381299426177812      0.41907571401308685       0.5793479731368398        599.8965884822726        4.943910441891319         604.840498924164
                       21  -0.00010758433114864714  -1.4984562816111875e-07    0.0012298591445391795          5.0555290415373    0.0018869669567908422    0.0012539383861639893  -1.5342329195501987e-06      -36.099136543152845     -0.02572536988951748       0.9928240453316568       0.2387822377168031       0.7381299424653591        0.419075714004727       0.5793479706702325        599.8965865064206       4.9439104147640505        604.8404969211847
                       22  -0.00010758433031902401    -1.49845628770023e-07    0.0012298591457349881        5.055529043618754    0.0018869669535721712    0.0012539383888914674  -1.5342329230749147e-06       -36.09913651064954    -0.025725370339832257       0.9928240496433256      0.23878223761669615       0.7381299426974194       0.4190757140166433       0.5793479729310116        599.8965893214499        4.943910438546379        604.8404997599963
                       23  -0.00015335072571522163   -7.716088676012977e-08    0.0008167303330963507        4.648496590326226     0.002423622423041924    0.0006916025549312795   -8.259257751435718e-07      -40.779710457904464      0.05536276739938016      0.10000000000000009       0.2335772545025362       0.6945716926776733      0.41674031337808853      0.24680565122637432        3199.314279124052        23.60438460269049       3222.9186637267426
                       24   -0.0001304675279932453  -1.1350325782919561e-07    0.0010232947391000593        4.852012817369495    0.0021552946883938613    0.0009727704724683057   -1.180079349836381e-06      -38.439423483667014     0.014818698510041386        0.546412025788432       0.2361797460585133       0.7163508177177613      0.41790801369936137      0.41307681252191575       475.55592222608635        8.851227794012525       484.40715002009887
                       25  -0.00011902592913225717  -1.3167444336372895e-07    0.0011265769421019134        4.953770930891129    0.0020211308210698305    0.0011133544312368188  -1.3571561371827856e-06      -37.269279996548285    -0.005453335934628007       0.7696180386826477       0.2374809918365019       0.7272403802378054      0.41849186385999776       0.4962123931696869        461.5922471345109        5.541839187528273        467.1340863220392
                       26   -0.0001247467285627512   -1.225888505964625e-07    0.0010749358406009866       4.9028918741303125    0.0020882127547318463    0.0010430624518525623  -1.2686177435095832e-06      -37.854351740107646     0.004682681287706682       0.6580150322355398       0.2368303689475076       0.7217955989777833      0.41819993877967954      0.45464460284580177        434.8585413804727        6.857601007615843       441.71614238808854
                       27   -0.0001247467284189643  -1.2258885017978835e-07    0.0010749358361503063         4.90289187320378    0.0020882127560237843    0.0010430624509770374  -1.2686177416513013e-06      -37.854351775288244     0.004682681352790062       0.6580150301829402       0.2368303687492327        0.721795598876993       0.4181999387744659       0.4546446023457644        434.8585383128753        6.857601031766224       441.71613934464153
                       28  -0.00012474672855549492  -1.2258885051728503e-07    0.0010749358413431535        4.902891874262156     0.002088212754787591    0.0010430624520516164  -1.2686177435210937e-06       -37.85435173377872     0.004682681240053381       0.6580150324911787       0.2368303689140639       0.7217955989884226       0.4181999387805691      0.45464460310134847        434.8585412610471        6.857601002800921       441.71614226384804
                       29  -0.00012059193102611536  -1.0719050285351854e-07     0.001002165613952734        4.886434146879131       0.0021249979692205    0.0010318115392436305  -1.2210025786355994e-06      -38.402860233341265     0.003621468452478946       0.6194505339916458      0.22974750943017175        0.719791420337991       0.4181158565727562       0.4564118946754183       392.00076965402684        7.239596200736785       399.24036585476364
                       30  -0.00012059193106284195   -1.071905029401429e-07    0.0010021656136558789          4.8864341467425    0.0021249979694808827    0.0010318115388748175  -1.2210025783614381e-06       -38.40286023250411    0.0036214684457584537       0.6194505337537952      0.22974750943909128       0.7197914203232652       0.4181158565721983       0.4564118945622839       392.00076957792106        7.239596203167867       399.24036578108894
                       31  -0.00012059193105245331   -1.071905028527778e-07    0.0010021656143623199          4.8864341467703    0.0021249979696705574    0.0010318115389273557   -1.221002578196056e-06        -38.4028602271059    0.0036214684252299303       0.6194505338350786       0.2297475094197109       0.7197914203233714       0.4181158565725488       0.4564118946113336        392.0007695880086        7.239596200650823       399.24036578865946
                       32  -0.00012059193111091629  -1.0719050279391727e-07    0.0010021656160545582        4.886434146576136    0.0021249979710539837    0.0010318115380474066  -1.2210025769015686e-06      -38.402860206106254      0.00362146824429806       0.6194505339713117      0.22974750943262695        0.719791420293871       0.4181158565732201       0.4564118941595101        392.0007693752827        7.239596183928796       399.24036555921145
                       33  -0.00012059193089496913  -1.0719050279062168e-07     0.001002165613891361        4.886434146341433    0.0021249979707222214    0.0010318115380892928  -1.2210025769822339e-06       -38.40286022312571    0.0036214684121570057       0.6194505333410778       0.2297475094574583       0.7197914202763849      0.41811585657115397       0.4564118944690083       392.00076949901467        7.239596205462813        399.2403657044775
                       34   -0.0001205919310160358  -1.0719050284620843e-07    0.0010021656137692374        4.886434146582985    0.0021249979697357925    0.0010318115386441528  -1.2210025779422187e-06        -38.4028602301789     0.003621468464537321         0.61945053392724       0.2297475094386785        0.719791420311481       0.4181158565720903      0.45641189452939646       392.00076960502435         7.23959620147903       399.24036580650335
                       35  -0.00012059193108648048   -1.071905027598225e-07    0.0010021656130318884        4.886434145865941     0.002124997970790423    0.0010318115373001279   -1.221002576340475e-06      -38.402860226620184     0.003621468479777099       0.6194505337808442      0.22974750941223715       0.7197914202502578      0.41811585657059946      0.45641189459334175        392.0007695111047       7.2395962050158875        399.2403657161206
                       36  -0.00012059193099764768  -1.0719050283161151e-07    0.0010021656135459009        4.886434146069701     0.002124997970236896    0.0010318115374822144  -1.2210025769081348e-06       -38.40286022436088     0.003621468447604366       0.6194505342756018      0.22974750943412975       0.7197914202750348      0.41811585657176387      0.45641189495997914       392.00076953320826        7.239596199461565       399.24036573266983
                       37  -0.00012108932946930143   -8.575751521633987e-08    0.0009133258134413414        4.400362262039785    0.0029883146352460413   -3.091264909971462e-05  -3.0630539330235045e-08      -31.120165997346177    -0.010198069942999554       0.5824471717137141      0.23065472941545848       0.6766211990214837      0.41730387060107993      0.43805322451244333        328.7898712766484        8.210951831683015        337.0008231083314
                       38   -0.0001235763216852318   2.1407422969554513e-08    0.0004691268108843779       1.9700028378430576     0.007304897965373746     -0.00534453359081644   5.9212296571965875e-06        5.293305182629259     -0.07929576192039205      0.39743036032405454      0.23519082934189217      0.46077009243894695      0.41324394074269866      0.34625987369756395       1079.6797245238492        48.16435459652652       1127.8440791203757
                       39  -0.00012233282557726663  -3.2175046123392573e-08    0.0006912263121628597       3.1851825499414215     0.005146606300309893   -0.0026877231199580777    2.945299558933176e-06      -12.913430407358462      -0.0447469159316958       0.4899387660188843       0.2329227793786753       0.5686956457302152      0.41527390567188927       0.3921565491050032        449.1273607497389       20.875856420331356       470.00321717007023
                       40  -0.00012171107752328403  -5.8966280669866117e-08    0.0008022760628021005        3.792772405990603     0.004067460467777967    -0.001359317884528896   1.4573345098014708e-06      -22.016798202352316    -0.027472492937347676       0.5361929688662994       0.2317887543970669       0.6226584223758495       0.4162888881364846       0.4151048868087237        336.2410784362405        12.71545492756383       348.95653336380434
                       41  -0.00012140020349629273    -7.23618979431031e-08    0.0008578009381217209       4.0965673340151945     0.003527887551512003   -0.0006951152668143053    7.133519852356177e-07      -26.568482099849245    -0.018835281440173615       0.5593200702900067      0.23122174190626268       0.6496398106986666       0.4167963793687823       0.4265790556605831        320.6048744232102       10.006216080012582        330.6110905032228
                       42  -0.00012140020320934258   -7.236189733599012e-08    0.0008578009357470661        4.096567327899088    0.0035278875622337096   -0.0006951152802215902    7.133520004252518e-07      -26.568482011215306    -0.018835281884356386        0.559320071309845      0.23122174177612942       0.6496398101670913       0.4167963793604682      0.42657905488333103       320.60487274510916       10.006216095365245        330.6110888404744
                       43  -0.00012140020304174054    -7.23618975308744e-08    0.0008578009389983415        4.096567331121752     0.003527887556539139   -0.0006951152731246938    7.133519924460623e-07      -26.568482046049237    -0.018835281559697808       0.5593200708844637      0.23122174184589311       0.6496398104467822      0.41679637936512504       0.4265790556711275       320.60487384400926       10.006216088996107       330.61108993300536
                       44  -0.00012140020328644375   -7.236189789829188e-08    0.0008578009377067477        4.096567332403992    0.0035278875539628933   -0.0006951152703267724    7.133519888771345e-07      -26.568482077408568     -0.01883528150741058       0.5593200703378276      0.23122174195989725       0.6496398105604648       0.4167963793663299       0.4265790557859166        320.6048742970829        10.00621609016116        330.6110903872441
                       45   -9.966615433203212e-05  -5.3766189807039946e-08     0.000830045204391214       3.8918887297103746    0.0038712843028810857   -0.0011423379050674546   1.2083124368044513e-06      -23.378776118645796    -0.029803449846228524       0.5873616217342901      0.23028778417574425       0.6319124133104266       0.4165140375751426      0.42155679902086174        299.0699395404845        11.10526183022015       310.17520137070466
                       46   -9.966615429418912e-05  -5.3766189747908365e-08    0.0008300452042883804        3.891888728438246     0.003871284304530739   -0.0011423379077663226    1.208312439466645e-06       -23.37877610039131     -0.02980344991331791        0.587361622069281      0.23028778415765944       0.6319124132084223       0.4165140375736921        0.421556799123028       299.06993947483926       11.105261836829332        310.1752013116686
                       47   -9.966615419291797e-05   -5.376618963488071e-08    0.0008300452042449028       3.8918887270623173    0.0038712843062940344   -0.0011423379104939788   1.2083124423176026e-06      -23.378776079854806    -0.029803449941894548       0.5873616220272058      0.23028778416932316       0.6319124130946768       0.4165140375717383       0.4215567994181333        299.0699394337287       11.105261849841025        310.1752012835697
                       48   -9.966615437744566e-05   -5.376618979179886e-08      0.00083004520426675       3.8918887290328343     0.003871284302767115    -0.001142337906102059   1.2083124374061219e-06      -23.378776114675837    -0.029803449870636572       0.5873616218550801      0.23028778419310306       0.6319124132691669       0.4165140375747133      0.42155679935624235        299.0699394736504       11.105261833933676        310.1752013075841
                       49   -9.966615434020166e-05   -5.376618985848195e-08    0.0008300452049469363        3.891888730237387     0.003871284300888609    -0.001142337903607108    1.208312434657257e-06       -23.37877612838079     -0.02980344983678443       0.5873616220055393       0.2302877841774837       0.6319124133732775      0.41651403757688266       0.4215567991581457        299.0699395150171       11.105261820696493        310.1752013357136
                       50   -9.966615425767905e-05  -5.3766189843304815e-08    0.0008300452048934258        3.891888729934363     0.003871284299494583   -0.0011423379034782607   1.2083124338133291e-06      -23.378776134375176    -0.029803449827637763       0.5873616218587874       0.2302877841595481       0.6319124133693543      0.41651403757704253       0.4215567992630156         299.069939467071       11.105261821646144        310.1752012887171
                       51   -9.966615423864274e-05   -5.376618971201725e-08    0.0008300452051795144       3.8918887288974524     0.003871284299159658    -0.001142337904855786   1.2083124346576482e-06      -23.378776125602954     -0.02980344986081789        0.587361621959483       0.2302877841931673       0.6319124133049074       0.4165140375765158       0.4215567991678393       299.06993942146676       11.105261823619218         310.175201245086
                       52   -9.966615408433353e-05   -5.376618965421678e-08    0.0008300452062195325        3.891888726053611     0.003871284294151468   -0.0011423379073651388   1.2083124333921363e-06      -23.378776120815548     -0.02980344986273638       0.5873616218811861      0.23028778419086843       0.6319124131735253      0.41651403757605476      0.42155679903430876       299.06993918428014        11.10526182662898        310.1752010109091
                       53  -1.3678659808861126e-05   -7.953305037203897e-10    0.0014526057777121723       2.7630130858943605                    0.001   -0.0018053963550159324   2.5813571324295015e-08       -24.44467789529763     -0.04311307103670976       0.7370037792510833      0.23362785291469784        0.593346695886356      0.41703199881676256       0.5327876074446456       1808.4239113100375       11.693065510081297        1820.116976820119
                       54   -5.667240707044665e-05  -2.7280760155380168e-08    0.0011413254910516931       3.3274509078023673    0.0024356421514405424   -0.0014738671300416936    6.170630040643732e-07      -23.911727006971713    -0.036458260441469145       0.6621827004926866      0.23195781854522102       0.6126295545983913       0.4167730181959526      0.47717220323275367       290.05895231635924       10.721832051278186        300.7807843676374
                       55   -7.816928070123936e-05  -4.0523474981209845e-08    0.0009856853477214537        3.609669818756371     0.003153463227160813   -0.0013081025175545743    9.126877204344123e-07      -23.645251562808753    -0.033130855143848836       0.6247721611134884      0.23112280136048263       0.6222709839544089       0.4166435278855476       0.4493645011268077        274.2661207513056       10.744214036031032       285.01033478733666
                       56   -6.742084388584299e-05   -3.390211756829511e-08    0.0010635054193865734       3.4685603632793693     0.002794552689300678   -0.0013909848237981337    7.648753622493926e-07       -23.77848928489023     -0.03479455779265899       0.6434774308030875       0.2315403099528518       0.6174502692764001       0.4167082730407501       0.4632683521797807       272.50340251155353       10.690689817475075        283.1940923290286
                       57   -7.279506229354116e-05  -3.7212796274752585e-08    0.0010245953835540135         3.53911509101787    0.0029740079582307455    -0.001349543670676354    8.387815413419024e-07      -23.711870423849494     -0.03396270646825391       0.6341247959582879      0.23133155565666724       0.6198606266154045      0.41667590046314884       0.4563164266532942        271.8193322281537       10.706868620208173        282.5262008483619
                       58   -7.279506179868941e-05  -3.7212795871082305e-08    0.0010245953889530147       3.5391150846979382    0.0029740079400520656   -0.0013495436733142355     8.38781532774333e-07      -23.711870422735466     -0.03396270645376176       0.6341247971773891      0.23133155566024746       0.6198606264234945      0.41667590046781366       0.4563164280690559       271.81933163315455       10.706868612235635       282.52620024539016
                       59   -7.279506236284011e-05  -3.7212796206918587e-08    0.0010245953835542746       3.5391150910113196    0.0029740079586076168   -0.0013495436705519492    8.387815415419995e-07      -23.711870420949957      -0.0339627064702765       0.6341247961691114      0.23133155562082208       0.6198606266061523        0.416675900463124       0.4563164266709796       271.81933217593115        10.70686861763745        282.5262007935686
                       60   -6.640280520066018e-05   -2.767958677874899e-08    0.0011206024101141506       3.4265148741464886     0.002663866109634605   -0.0013921268108659619    6.933930400710279e-07      -23.591369849947878    -0.033775264667789406       0.6631225409312003        0.230150418369497       0.6161270320842641      0.41675798392029517      0.48210378656942865        265.5036669554801       10.520055407677884         276.023722363158
                       61   -6.640280512488567e-05   -2.767958680025558e-08    0.0011206024103033471       3.4265148741572777       0.0026638661100128   -0.0013921268109177629    6.933930398664031e-07      -23.591369846598866     -0.03377526467190942       0.6631225410900383      0.23015041837422806       0.6161270320737124       0.4167579839204255        0.482103786608846        265.5036669314924       10.520055406474869       276.02372233796723
                       62   -6.640280514123086e-05   -2.767958675625222e-08     0.001120602410795863        3.426514873385283     0.002663866108116416    -0.001392126811179576    6.933930387687057e-07      -23.591369845202166    -0.033775264702887525       0.6631225414134014       0.2301504183662712       0.6161270320378535        0.416757983921042       0.4821037867871487       265.50366692464297       10.520055404702394        276.0237223293454
                       63    -6.64028052244408e-05   -2.767958678466022e-08    0.0011206024103051306        3.426514874104421     0.002663866110595296    -0.001392126810712362     6.93393039688152e-07       -23.59136984327547     -0.03377526470997451       0.6631225410937513       0.2301504183736789       0.6161270320502257       0.4167579839205718      0.48210378680769583        265.5036669201313       10.520055408454237       276.02372232858556
                       64   -6.640280513929149e-05  -2.7679586756437507e-08     0.001120602410341107       3.4265148739391402     0.002663866110136087   -0.0013921268107110357     6.93393039623165e-07      -23.591369844898363    -0.033775264702800525       0.6631225409786017      0.23015041835319372       0.6161270320469543       0.4167579839205186      0.48210378660818787        265.5036669319884       10.520055408144255        276.0237223401326
                       65   -6.640280523421486e-05  -2.7679586787297458e-08    0.0011206024105047928        3.426514873816795    0.0026638661107769093   -0.0013921268107119128    6.933930394355344e-07      -23.591369840947078    -0.033775264708190214       0.6631225408850998      0.23015041835423045       0.6161270320245982       0.4167579839204996      0.48210378646764784        265.5036669225253       10.520055408506854       276.02372233103216
                       66   -6.640280513531423e-05   -2.767958671744371e-08    0.0011206024113429064        3.426514872644185     0.002663866109450127   -0.0013921268108274493      6.9339303787792e-07      -23.591369834842837     -0.03377526474843672       0.6631225408729375       0.2301504183790355       0.6161270319429242      0.41675798392117236      0.48210378653332864        265.5036668966182       10.520055410166908        276.0237223067851
                       67    -6.64028051262706e-05  -2.7679586814140144e-08     0.001120602410319827       3.4265148739103184      0.00266386611265362   -0.0013921268104939667    6.933930396553087e-07       -23.59136984111683     -0.03377526470171171       0.6631225407595362       0.2301504183950676       0.6161270320110004      0.41675798392031804      0.48210378636731566        265.5036669041473       10.520055409368176       276.02372231351546
                       68  -5.1700106217985426e-05  -1.7831404800787548e-08    0.0014503615162847264        3.073544406413844     0.002860051404939979   -0.0013584456596511182   1.0348378981804097e-07      -18.591754947153337     -0.06055770921316937       0.6957000264113771       0.2300026030914013       0.5760413399940506       0.4170142391406517      0.49925368996588393        251.5966599857573       11.981804400750734         263.578464386508
                       69   -5.172729194595927e-05   -1.783140627369208e-08     0.001450363216997117        3.073544405235627     0.002860051410000442   -0.0013584456590259937   1.0348378864613784e-07      -18.591755142304546     -0.06055770887533431       0.6957000274332834      0.23000260316062543        0.576041339744007       0.4170142391451478       0.4992536935221059       251.59637928713656       11.981759759153093       263.57813904628966
                       70   -5.170023905394646e-05  -1.7831406189512253e-08    0.0014503644739426928        3.073544405290934      0.00286005141029381   -0.0013584456589508683   1.0348378866516211e-07      -18.591755135296236    -0.060557708845161776       0.6957000274412348      0.23000260316031393       0.5760413397415725       0.4170142391452092      0.49925369369213435       251.59665610317631       11.981803964455022       263.57846006763134
                       71   -5.197354910224352e-05   -1.783169043324172e-08    0.0014509567760929132       3.0735441755701904     0.002860052500491205   -0.0013584455166939162   1.0348355315711205e-07       -18.59179360431916     -0.06055763399907299       0.6957002375917367      0.23000261723014698       0.5760412882258517       0.4170142400749563      0.49925445277719405       251.59516073254687       11.981312855251046        263.5764735877979
                       72   -5.197318229318014e-05   -1.783173078290363e-08     0.001450949277575074       3.0735441395461454    0.0028600526582939984   -0.0013584454945704766   1.0348351609113101e-07        -18.5918002177773     -0.06055762464093503       0.6957002689958884       0.2300026191754722       0.5760412803851679       0.4170142402130008      0.49925455560727094       251.59514907029035       11.981313644906054        263.5764627151964
                       73   -5.196873528884354e-05  -1.7832228052310932e-08    0.0014509566651652284       3.0735436986234896    0.0028600546034139333    -0.001358445223080156   1.0348306262158892e-07         -18.591880607354    -0.060557507725754633       0.6957006550274147       0.2300026432407244       0.5760411841615649       0.4170142419106314       0.4992558297984395        251.5950236314291        11.98131625480272       263.57633988623184
                       74  -5.1998137560124085e-05   -1.803760314911063e-08    0.0014509132724662348       3.0733614943725467     0.002860857942987274   -0.0013583330565610792   1.0329567234904742e-07      -18.625117022626732     -0.06050926953164769       0.6958601234588966      0.23001257985881868       0.5760014300078597         0.41701494316871      0.49978186207616204        251.5482955324325         11.9795670079999        263.5278625404324
                       75  -5.1972513277063386e-05   -1.783163812374014e-08     0.001450957569013049       3.0735438887485262     0.002860053815865444   -0.0013584451344856251   1.0348333511755397e-07       -18.59184639876875    -0.060557557474024026       0.6957005261294222       0.2300026317614936        0.576041223702193        0.417014241221762       0.4992549247397422       251.59509449893116       11.981306359489858       263.57640085842104
                       76   -5.229122374014869e-05   -1.762498377826101e-08    0.0014537884728031913       3.0724124197774336     0.002865242713204305   -0.0013569372311545683   1.0262326799656991e-07      -18.800112985263347     -0.06025568672601307       0.6968387870099444       0.2300599538527811       0.5757866882698941      0.41701876518342357       0.5011163414637716       251.36558103774925        11.94872921792667       263.31431025567593
                       77   -5.188542335081398e-05   -1.781029224496947e-08    0.0014498336977537473        3.073426693658146    0.0028605910719809585   -0.0013582889845150628   1.0339420406919526e-07       -18.61342412407408     -0.06052632795736655       0.6958184531015135       0.2300085587509188       0.5760148595696705      0.41701470969241816       0.4994465675164621       251.57063241078797        11.97819913264815        263.5488315434361
                       78    -5.16583475097329e-05   -1.838433827126214e-08    0.0014599756383618541       3.0641965399514586     0.002902613969494563   -0.0013472252423731923    9.591490002644677e-08      -20.309576513579188    -0.058067513166066786       0.7048785438513914      0.23048279912290356        0.573950132418046      0.41705135604743526       0.5167674531277902        250.5932414618968       11.765459573125959       262.35870103502276
                       79  -5.1658347496046585e-05   -1.838433831649518e-08    0.0014599756388058958       3.0641965392289836     0.002902613971793768   -0.0013472252419142684    9.591489815599205e-08      -20.309576597313807     -0.05806751304445089       0.7048785454614086       0.2304827990928343       0.5739501252505443      0.41705135611693916       0.5167674535510622        250.5932405015374       11.765459573160626       262.35870007469805
                       80  -5.1658347456909435e-05  -1.8384338349654403e-08     0.001459975638630235       3.0641965398829263    0.0029026139707506457   -0.0013472252431669482     9.59148964541135e-08      -20.309576552410594     -0.05806751310563377       0.7048785458813955      0.23048279917863806        0.573950131635563      0.41705135633487506       0.5167674534915196        250.5932412936314       11.765459550896583       262.35870084452796
                       81   -5.080769781666051e-05  -2.0058431838145357e-08     0.001470484079038999       3.0514515350350693    0.0029554463947792566   -0.0013490292283966886   2.2778676752326155e-08      -22.151932244161475     -0.05534398020087814       0.7554766823459518       0.2306450612349733       0.4462969726472318       0.4215980745884314       0.5280601624971011       241.47902818610453       11.742972357304676        253.2220005434092
                       82  -5.0780679076584676e-05  -2.0058432316347124e-08    0.0014704826827160082       3.0514515350391163    0.0029554463946670235   -0.0013490292285807594   2.2778676513102683e-08       -22.15193224518845     -0.05534398024671493       0.7554766823184058      0.23064506121668105       0.4462969726471249      0.42159807458886983       0.5280601644541907        241.4741984412711       11.743016875216028       253.21721531648714
                       83   -5.080758537664759e-05  -2.0058432435355465e-08    0.0014704814886702627       3.0514515349710836    0.0029554463944605836    -0.001349029228654244    2.277867647914229e-08      -22.151932254207594    -0.055343980270577645       0.7554766823243011      0.23064506121796205       0.4462969726464077       0.4215980745888729       0.5280601643501486        241.4789840246445       11.742972742170915        253.2219567668154
                       84  -4.7013177496705314e-05   -2.006003323949369e-08    0.0014636260070186153       3.0514513706299646     0.002955445558807267   -0.0013490299161500238   2.2777941561435607e-08       -22.15195827231358    -0.055344165804376164       0.7554766229660344       0.2306450150138402      0.44629697050926354      0.42159807578325675       0.5280651927841751        241.1041245846065       11.749788015443071       252.85391260004957
                       85  -4.7011670662916005e-05   -2.006012608974845e-08    0.0014636276691658181       3.0514513656708795     0.002955445541924012   -0.0013490299532604734     2.27779075449014e-08      -22.151956898803785     -0.05534416829167747       0.7554766214217603        0.230645013313902      0.44629697038358995       0.4215980758560995       0.5280654983002409       241.10408456694773       11.749793873935431       252.85387844088316
                       86  -4.7060360751949065e-05   -2.008345103723941e-08    0.0014639994306999465        3.051450118520235    0.0029554412954341394   -0.0013490392762269285    2.276936160446882e-08       -22.15161220289717     -0.05534479404835217        0.755476233652892       0.2306445862380393      0.44629693880119015      0.42159809415451666       0.5281422407749137       241.09507721050275       11.750556284703286       252.84563349520604
                       87  -4.7007229761859555e-05   -2.007544137293631e-08     0.001463525616189384        3.051450541566668    0.0029554427235260966   -0.0013490360747828347   2.2772285560107328e-08       -22.15173275906487     -0.05534458690126799       0.7554763675938898      0.23064473168551156       0.4462969496024015      0.42159808788632386       0.5281159138441929       241.09792236036412       11.750379614013742       252.84830197437788
                       88   -4.701291927277349e-05   -2.006000406070812e-08     0.001463625938390502       3.0514513660722593    0.0029554455497645214   -0.0013490298891640762   2.2777931117244052e-08      -22.151956718107158     -0.05534416868744796       0.7554766379174294      0.23064501310773192      0.44629697028674686       0.4215980758772647        0.528065348416014       241.10411587638075       11.749789803977977       252.85390568035874
                       89  -4.6121679412419975e-05  -2.2100303348691178e-08    0.0014574999552172925         3.05133045855605    0.0029550443379085193    -0.001349817286009345   2.1990406194852797e-08      -22.118411909708865    -0.055406510316536865       0.7554693460412178      0.23060304112410196      0.44629372200272743      0.42159989269577464       0.5352428277944439        240.6314938545325       11.832865969198377       252.46435982373086
                       90   -4.612167939459954e-05  -2.2100303379755264e-08     0.001457499955036864       3.0513304582752507    0.0029550443377299087   -0.0013498172852953797   2.1990405633766215e-08       -22.11841190744299     -0.05540651032172976       0.7554693465598321       0.2306030410103236       0.4462937218056198       0.4215998927726175       0.5352428281119952        240.6314938091418        11.83286596880482        252.4643597779466
                       91  -4.6121679356451344e-05  -2.2100303451089838e-08    0.0014574999547301596        3.051330457812947     0.002955044337570791   -0.0013498172839231026   2.1990404630507483e-08      -22.118411901346178    -0.055406510328714256         0.75546934757426      0.23060304112829771       0.4462937213977704       0.4215998929291018       0.5352428287970907       240.63149376363512       11.832865967953444       252.46435973158856
                       92  -4.6121679389442315e-05  -2.2100303375733975e-08    0.0014574999548048508        3.051330457356052     0.002955044336780124   -0.0013498172847282947   2.1990403124018742e-08      -22.118411908017013     -0.05540651033581618       0.7554693466872897      0.23060304114614671      0.44629372112150173      0.42159989283875776       0.5352428282105519       240.63149379473327       11.832865972548849       252.46435976728213
                       93   -4.612167938241658e-05  -2.2100303331056375e-08    0.0014574999552823507       3.0513304580363325     0.002955044337728591   -0.0013498172852880127   2.1990404193227747e-08      -22.118411904333147    -0.055406510317188906       0.7554693461092079       0.2306030411212697      0.44629372126103833      0.42159989278015153       0.5352428279323993       240.63149382474649       11.832865973360306       252.46435979810678
                       94  -4.6121679359596886e-05  -2.2100303340441924e-08     0.001457499955332437        3.051330457932115     0.002955044337683301    -0.001349817285873513   2.1990402726763496e-08      -22.118411903527505    -0.055406510317084705       0.7554693462675619      0.23060304112352004      0.44629372163211484       0.4215998927882891       0.5352428277030548       240.63149383509574       11.832865967549054        252.4643598026448
                       95  -4.6121679324236553e-05   -2.210030330868179e-08    0.0014574999552617682       3.0513304577170515    0.0029550443375712093   -0.0013498172852105617    2.199040301243142e-08      -22.118411902756634     -0.05540651032177088       0.7554693460834256      0.23060304112997432       0.4462937219494914      0.42159989281588206       0.5352428278327679       240.63149383449115       11.832865968154609       252.46435980264576
                       96  -4.6121679344339776e-05  -2.2100303265396287e-08     0.001457499955405081       3.0513304569237194     0.002955044337480555   -0.0013498172853012528    2.199040171985057e-08      -22.118411899329164    -0.055406510323836373       0.7554693459780817       0.2306030410159245       0.4462937220594376       0.4215998928757642       0.5352428277681653        240.6314938131418       11.832865968654758       252.46435978179653
                       97  -3.2576725195352534e-05  -2.0308696277918957e-08    0.0014475262963674596       2.8849976954177214    0.0028793527355570952    -0.001159286873814648   -5.736983113952179e-07      -20.761191313243682     -0.05665926581852822       0.8228571883276414      0.23011250269577196      0.37522840706517935       0.4487763606796513       0.5762294465669768       236.57191092279294       12.125880286971759        248.6977912097647
                       98   -3.260334802029544e-05  -2.0308696149386578e-08    0.0014475307323288016        2.884997695387953    0.0028793527360476898   -0.0011592868737964584   -5.736983112733732e-07       -20.76119126471116     -0.05665926575171214       0.8228571884028979      0.23011250271804118       0.3752284070674933      0.44877636068021365       0.5762294471909479       236.56892250417835       12.125833087084413       248.69475559126275
                       99   -3.257695803688326e-05  -2.0308696008083694e-08    0.0014475320436056916        2.884997695456195    0.0028793527362860113   -0.0011592868737129015   -5.736983112295786e-07      -20.761191254021103     -0.05665926572577369       0.8228571884018654      0.23011250271755804      0.37522840706832444      0.44877636068024107       0.5762294473302898       236.57177916859058       12.125879473440872       248.69765864203146
                      100  -3.2576725305038504e-05  -2.0308695851865408e-08    0.0014475262964398707         2.88499769539216     0.002879352735803074   -0.0011592868736878936   -5.736983112997218e-07       -20.76119129893072    -0.056659265842309736       0.8228571883779581      0.23011250270627764      0.37522840706837185       0.4487763606800668       0.5762294465824249       236.57191088538121       12.125880286861625       248.69779117224283
                      101   -3.542255439061329e-05   -1.952230029902146e-08    0.0014571891360293059       2.8849506007196246    0.0028798077026426375    -0.001159052881914767   -5.735218725167766e-07      -20.734689276351347    -0.056702982978198854       0.8229501339527439      0.23013191949729078       0.3752343015490409      0.44877712818440146       0.5762592142442928       236.30941793912967       12.120389344695624        248.4298072838253
                      102  -3.5395725457870394e-05  -1.9522307591060553e-08     0.001457190441762019        2.884950599025029    0.0028798077116047637   -0.0011590528902917627   -5.735218742857285e-07      -20.734688592720868     -0.05670298408668485        0.822950135629843      0.23013191991922238      0.37523430171762023       0.4487771282027031       0.5762592147803511       236.30932626358842       12.120436171227734       248.42976243481615
                      103   -3.542255027991155e-05    -1.95223077838137e-08    0.0014571890657584046        2.884950598937115     0.002879807711452938    -0.001159052890450865   -5.735218743433313e-07      -20.734688596855552     -0.05670298412573291       0.8229501356487987      0.23013191992410953      0.37523430171851835       0.4487771282028665       0.5762592146376084       236.30941716554173       12.120389513525124       248.42980667906684
                      104   -3.542323294049743e-05   -1.952758540801894e-08    0.0014572095013010793        2.884949340291781     0.002879813944151286   -0.0011590589157476489   -5.735231611829944e-07      -20.734207927603542     -0.05670379353440187       0.8229513346374953      0.23013222160346264      0.37523442146431074       0.4487771412531974        0.576259501974504        236.3088854596354       12.120497644311373       248.42938310394678
                      105   -3.542250262143228e-05  -1.9522298928236702e-08      0.00145718909153532       2.8849505950233962     0.002879807734708126   -0.0011590528968891158   -5.735218726498272e-07      -20.734687045664504     -0.05670298674680378       0.8229501401055332      0.23013192081760353       0.3752343020972827       0.4487771282471443       0.5762592161964735       236.30941593044602       12.120389817130327       248.42980574757635
                      106   -3.542903444145551e-05  -1.9514336485615318e-08    0.0014569153296263484       2.8849175760026746     0.002879993602066878    -0.001159139687730292   -5.735226402821535e-07       -20.72175698168463     -0.05672483181495899       0.8229858052046706      0.23013957393459544      0.37523747997204604       0.4487774919375582        0.576270530793094       236.29907531884112       12.122595743149352       248.42167106199048
                      107   -3.542253139808717e-05  -1.9522299797264766e-08    0.0014571891451680514       2.8849505940810847     0.002879807719995766   -0.0011590528943394897   -5.735218736790081e-07      -20.734688470263013     -0.05670298449651072       0.8229501355729847      0.23013191836223945       0.3752343018530548      0.44877712821842786       0.5762592160656741        236.3094171929533       12.120389569042644       248.42980676199596
                      108   -3.486330509873772e-05  -1.9609967303364044e-08    0.0014333215147910735       2.8820363513623732     0.002895796220877353   -0.0011670151665910207   -5.737791004741421e-07       -19.62186290901376      -0.0585851968818685       0.8259931870961814      0.23076904962093722      0.37550961031303676      0.44880853352129857       0.5772304740279193       235.74397631745646       12.323091880350868       248.06706819780732
                      109   -3.486330509085622e-05   -1.960996730556654e-08     0.001433321514297405         2.88203635096633     0.002895796221281953   -0.0011670151669772172   -5.737791006649903e-07      -19.621862886978953    -0.058585196920831334       0.8259931870501287      0.23076904959525574        0.375509610430506       0.4488085335347833       0.5772304740296246       235.74397629753673       12.323091885232468        248.0670681827692
                      110   -3.486330509615667e-05    -1.96099672915581e-08    0.0014333215146108635       2.8820363507995013    0.0028957962216282895   -0.0011670151668054362   -5.737790999574261e-07      -19.621862893960788     -0.05858519689944931       0.8259931874366939      0.23076904959810324      0.37550961050235676       0.4488085335527271       0.5772304741311736       235.74397630139248         12.3230918816107        248.0670681830032
                      111   -3.486330509609205e-05  -1.9609967281685294e-08    0.0014333215144731013        2.882036350291733     0.002895796222005733   -0.0011670151669447182   -5.737790997789362e-07        -19.6218628865392     -0.05858519691091932        0.825993186633013      0.23076904961650527       0.3755096105488381      0.44880853356962774       0.5772304742890801        235.7439762887111       12.323091890534387        248.0670681792455
                      112  -3.4863305100825024e-05   -1.960996725902695e-08    0.0014333215143562082       2.8820363492132177    0.0028957962226172865   -0.0011670151671626541   -5.737790994457768e-07      -19.621862881042535    -0.058585196920606236       0.8259931866980819      0.23076904962998784      0.37550961069877287      0.44880853360734935       0.5772304737542884       235.74397628020114       12.323091887167154        248.0670681673683
                      113  -3.4863305078278335e-05  -1.9609967302115094e-08     0.001433321514725328        2.882036350846964    0.0028957962216402964    -0.001167015166843929   -5.737791009771875e-07      -19.621862901595634     -0.05858519688947611       0.8259931868918564      0.23076904962041697       0.3755096103154472      0.44880853355322625       0.5772304738645282       235.74397630764224       12.323091882362686       248.06706819000493
                      114   -3.486330505707546e-05   -1.960996728013713e-08    0.0014333215145771534       2.8820363506754854    0.0028957962219617736   -0.0011670151663915026   -5.737791010518919e-07      -19.621862899084167     -0.05858519689979688       0.8259931869547885       0.2307690496175822       0.3755096102583936      0.44880853357419637        0.577230473937977        235.7439763043575       12.323091883837176       248.06706818819467
                      115  -3.4863305038475485e-05  -1.9609967284958018e-08    0.0014333215145631152        2.882036350093275     0.002895796222407262   -0.0011670151664620193   -5.737791027777146e-07      -19.621862901896034      -0.0585851969003708       0.8259931872550055      0.23076904962444408       0.3755096102581034       0.4488085336219911       0.5772304741618655       235.74397629759744       12.323091884817025       248.06706818241446
                      116  -2.5582012439686827e-05   -1.393199094675518e-08    0.0013578557241715704        2.565176141705941    0.0032566260968760977   -0.0011978081168100426   -7.886140250175651e-07      -15.705686749554676     -0.06506936141269716       0.8041182163093925      0.23031478141356831      0.39371459600010816        0.468384198692627       0.5672898186610427       231.89182008731265        13.76858856727432       245.66040865458697
                      117  -2.5608828355644267e-05  -1.3931990765977597e-08    0.0013578583372380664       2.5651761416860674    0.0032566260969851615   -0.0011978081164182378   -7.886140250554908e-07      -15.705686728184862     -0.06506936137077365       0.8041182163851388      0.23031478141313383        0.393714595996625        0.468384198692984       0.5672898180627683       231.88958855310165       13.768539900544853        245.6581284536465
                      118   -2.558217956623413e-05   -1.393199062965315e-08    0.0013578595728666479       2.5651761417547103     0.003256626097200825   -0.0011978081163283227   -7.886140250184304e-07      -15.705686718726772     -0.06506936134588152        0.804118216381865      0.23031478141173006       0.3937145959972769       0.4683841986929944       0.5672898181717505        231.8917747751264       13.768587942567574       245.66036271769397
                      119   -2.558201255033752e-05  -1.3931990522427461e-08     0.001357855725328446         2.56517614171156    0.0032566260968909825   -0.0011978081163151676   -7.886140250599846e-07      -15.705686748460398     -0.06506936142352389       0.8041182163661795       0.2303147814047387       0.3937145959974512      0.46838419869289466       0.5672898176886045       231.89182006254435       13.768588555413153        245.6604086179575
                      120  -2.5581706437582637e-05  -1.3931987452976148e-08    0.0013578557498516853        2.565176141751543    0.0032566260969595848   -0.0011978081123615112   -7.886140255542655e-07      -15.705686738861372     -0.06506936151635279       0.8041182168016028       0.2303147813294581       0.3937145959749354      0.46838419869516984       0.5672898099449695       231.89184525768258       13.768589016558714       245.66043427424128
                      121  -2.7613425701317575e-05  -1.3351420813933771e-08    0.0013643389565655723       2.5651838835666956    0.0032566468525760542   -0.0011971308503633431   -7.886720389054928e-07      -15.704151197178598     -0.06508408047914545       0.8041959545323596      0.23030270597462166       0.3937109592594086      0.46838456518631544       0.5659595533427417       231.78674353956018       13.748599864917324        245.5353434044775
                      122   -2.760925477060717e-05   -1.335151779841828e-08    0.0013643385567700765        2.565183881428549    0.0032566468231650094     -0.00119713072977538   -7.886721466164253e-07       -15.70415047756244     -0.06508408734494577       0.8041959572137316      0.23030270087135163       0.3937109578005932      0.46838456533719375       0.5659593297376562       231.78673403016361       13.748606120648533       245.53534015081215
                      123  -2.7611663267064078e-05  -1.3355542937589064e-08    0.0013643146733742224       2.5651837922650214     0.003256645601385438   -0.0011971257262098581   -7.886766164238623e-07      -15.704120671633659     -0.06508437239944607       0.8041960685023624      0.23030248911462908       0.3937108972601332       0.4683845715981092       0.5659500504586319       231.78664105509023       13.748551565331576        245.5351926204218
                      124  -2.7619307938990328e-05   -1.338731694265142e-08    0.0013646397490735024         2.56518309419959    0.0032566359880341353   -0.0011970861129469404   -7.887119469823756e-07      -15.703880942815884      -0.0650866166142145       0.8041969473275983      0.23030081561726906       0.3937104183597959      0.46838462113641777       0.5658768133973311       231.78606618377503       13.748099936296974         245.534166120072
                      125  -2.7613469429053688e-05  -1.3351404747004558e-08    0.0013643392510398642        2.565183883149608    0.0032566468256097466    -0.001197130576323472   -7.886721685314247e-07      -15.704150053774166     -0.06508409112546763       0.8041959515710557       0.2303026989867615      0.39371095690564684      0.46838456543162704       0.5659593991758616       231.78674255756457       13.748598853155324        245.5353414107199
                      126  -2.5863336266456947e-05  -1.3117649164058737e-08    0.0013687467571721324       2.5651778196611463     0.003256254465513175   -0.0011931431262459822   -7.905583184858856e-07       -15.68751186526422     -0.06523899969470515       0.8041528408283163      0.23020102327205835       0.3936767081926923       0.4683881348844009       0.5637165291868449        231.8819885960338       13.738251087147844       245.62023968318164
aborted minimisation     
Minimisation aborted as it proceeded too slow                
 restart
                      127  -2.7619307938990328e-05   -1.338731694265142e-08    0.0013646397490735024         2.56518309419959    0.0032566359880341353   -0.0011970861129469404   -7.887119469823756e-07      -15.703880942815884      -0.0650866166142145       0.8041969473275983      0.23030081561726906       0.3937104183597959      0.46838462113641777       0.5658768133973311       231.78606618377503       13.748099936296974         245.534166120072
                      128  -2.7617302031358216e-05  -1.3387333013491385e-08     0.001364613426968385        2.565183093513265    0.0032566359799349317   -0.0011970860838138896   -7.887119700166857e-07       -15.70388098644568     -0.06508661882843064       0.8041969476260804      0.23030081446767423      0.39371041803629425        0.468384621169369       0.5658767658830595       231.78604490711314       13.748105406539015       245.53415031365216
                      129  -2.7631972449216753e-05  -1.3387338352063495e-08    0.0013646324746207496         2.56518309358868     0.003256635979748428   -0.0011970860758927565   -7.887119761501066e-07      -15.703880794463132     -0.06508661886615962       0.8041969478123183        0.230300814198588       0.3937104179449398      0.46838462117920987       0.5658767561375173       231.78608836410515       13.748077503467085       245.53416586757223
                      130   -2.760719190621454e-05  -1.3387478977611175e-08    0.0013643890488294083       2.5651830874401003    0.0032566359076974197   -0.0011970858201403708   -7.887121784240739e-07      -15.703881273550428     -0.06508663857021088       0.8041969503831004      0.23030080408606474       0.3937104151065929       0.4683846214680661       0.5658763375250171        231.7859472181998       13.748139380349706        245.5340865985495
                      131  -2.7607191930514588e-05  -1.3387479074166579e-08    0.0013643890493330144       2.5651830874246566    0.0032566359076456513   -0.0011970858122501934   -7.887121857148614e-07      -15.703881273443725     -0.06508663857105305       0.8041969504999615        0.230300804044474       0.3937104148007901      0.46838462150069665       0.5658763373907965        231.7859471957618       13.748139368342517        245.5340865641043
                      132   -2.760719208385273e-05  -1.3387480691986167e-08    0.0013643890524498326       2.5651830870731303     0.003256635907088825   -0.0011970857733766874   -7.887122543279626e-07      -15.703881272720729     -0.06508663857796569        0.804196949051863      0.23030080382777546       0.3937104125448391       0.4683846217595957       0.5658763365884285        231.7859469956378       13.748139324298798        245.5340863199366
                      133  -2.7607191906180774e-05  -1.3387479262268032e-08    0.0013643890489565267        2.565183087241197    0.0032566359076543674   -0.0011970858062515645   -7.887121973675167e-07       -15.70388127331549     -0.06508663857233643       0.8041969503797344      0.23030080424683255       0.3937104146724475       0.4683846215762239       0.5658763375372118       231.78594717730903        13.74813936129158        245.5340865386006
                      134  -2.7607191898133792e-05  -1.3387478941430587e-08    0.0013643890488819355        2.565183087202982     0.003256635907795109   -0.0011970858195389019   -7.887121823625629e-07      -15.703881273542919     -0.06508663857051938       0.8041969507773461       0.2303008040831997      0.39371041526952044      0.46838462152229604       0.5658763376987448       231.78594721597514        13.74813937661438       245.53408659258952
                      135   -2.789095083101946e-05  -1.6811232777440163e-08    0.0013741851512910235        2.560063312665997    0.0032568580279385547   -0.0010143223748618508   -1.076106196126524e-06      -15.700990584443385     -0.06511598428002806       0.8096874493423551      0.23022020323501988        0.389044486796387       0.4702823015984038       0.5664677615724978        231.5867967634254       13.482057278180498        245.0688540416059
                      136  -2.7864062822048317e-05  -1.6811231710305704e-08    0.0013741867484603925       2.5600633125185484    0.0032568580284897865   -0.0010143223746588708  -1.0761061961128195e-06      -15.700990580830315     -0.06511598427719008       0.8096874490188808      0.23022020322535858       0.3890444867916866       0.4702823015993532       0.5664677649401133        231.5829150775789        13.48210536038921        245.0650204379681
                      137   -2.789096385947099e-05  -1.6811231913920143e-08    0.0013741854084780931       2.5600633124564713    0.0032568580282972435   -0.0010143223747815188  -1.0761061961596231e-06      -15.700990591112749     -0.06511598430683158       0.8096874490292458      0.23022020322756598      0.38904448679100745       0.4702823015993586       0.5664677647983813       231.58679667158654         13.4820572667374       245.06885393832394
                      138  -2.7535182037362103e-05   -1.681068280460315e-08     0.001374366264846735        2.560063180728325    0.0032568582578469674   -0.0010143223222953302  -1.0761062164682632e-06      -15.700994671713861     -0.06511600086446023       0.8096872507830257      0.23022019848155922      0.38904448339654646        0.470282302203402        0.566469807751063        231.5791290306318       13.482701210531692        245.0618302411635
                      139  -2.7510305137667903e-05   -1.681065887528288e-08    0.0013743588179559536       2.5600631751571137    0.0032568582649672786   -0.0010143223191983032  -1.0761062173097614e-06      -15.700994946715511      -0.0651160018451913       0.8096872426992563       0.2302201982369771      0.38904448326188557      0.47028230222670425        0.566469886878024       231.57907758928155        13.48274723140986        245.0618248206914
                      140   -2.753485243810926e-05  -1.6810654308201507e-08     0.001374356350327465       2.5600631739848176    0.0032568582661611535    -0.001014322318680489   -1.076106217515972e-06      -15.700995008624687     -0.06511600206095057       0.8096872411084626      0.23022019819065903      0.38904448323450214       0.4702823022313084        0.566469902409314       231.57912270007088        13.48270354571977       245.06182624579066
                      141  -2.7535190276168638e-05  -1.6810641824702564e-08    0.0013743662812799047       2.5600631710767194    0.0032568582711282905   -0.0010143223171489978  -1.0761062178428284e-06      -15.700995050196823     -0.06511600228680925       0.8096872367618781      0.23022019808526234      0.38904448316028006       0.4702823022443656       0.5664699473099377       231.57912509478655       13.482702590946987       245.06182768573353
                      142  -2.7534608579139466e-05  -1.6810690387108474e-08     0.001374366301212545        2.560063173319557     0.003256858262858587   -0.0010143223375773786   -1.076106225677343e-06      -15.700994945976673     -0.06511600183797522       0.8096872439386109       0.2302201981676194       0.3890444832552189      0.47028230222960576       0.5664698419505365        231.5791267720768         13.4827027639253       245.06182953600208
                      143  -2.7572093621616735e-05  -1.6463247360158782e-08    0.0013743371664806806       2.5599811818948934     0.003256970982032506   -0.0010142789552786773  -1.0761180470016817e-06      -15.704211150768687     -0.06512808623309833       0.8095682034205969      0.23021683117050393      0.38904247689903154       0.4702826501161528        0.567654084504948       231.55971676965208       13.494507785349686       245.05422455500178
                      144  -2.7572093621992984e-05  -1.6463247363336215e-08    0.0013743371664802304       2.5599811816858686     0.003256970982061247   -0.0010142789555495182  -1.0761180476770212e-06       -15.70421115096558     -0.06512808623371187       0.8095682031677294      0.23021683115823127      0.38904247679810067      0.47028265013678927       0.5676540845280087       231.55971676193184        13.49450778899666        245.0542245509285
                      145  -2.7572093620596027e-05    -1.64632473528815e-08    0.0013743371665056313        2.559981181648756     0.003256970982197487   -0.0010142789554383864  -1.0761180474615395e-06       -15.70421115052315     -0.06512808623278367       0.8095682033417348      0.23021683119379382       0.3890424767964443       0.4702826501554239       0.5676540845065539       231.55971676517217       13.494507787509317        245.0542245526815
aborted minimisation     
Minimisation aborted as it proceeded too slow               
 finished